3.2613996586198484
3.2613996586198484
3.2613996586198484
3.2613996586198484
3.2613996586198484
3.2613996586198484
3.2613996586198484
3.2613996586198484
3.2613996586198484
3.2613996586198484
3.2613996586198484
3.2613996586198484
3.2613996586198484
3.2613996586198484
3.2613996586198484
3.2613996586198484
3.2613996586198484
3.2613996586198484
3.2613996586198484
3.2613996586198484
3.2613996586198484
3.2613996586198484
3.2613996586198484
3.2613996586198484
3.2613996586198484
3.2613996586198484
3.2613996586198484
3.2613996586198484
3.2613996586198484
3.2613996586198484
3.2613996586198484
3.2613996586198484
3.2613996586198484
3.2613996586198484
3.2613996586198484
3.2613996586198484
3.2613996586198484
3.2613996586198484
3.2613996586198484
3.2613996586198484
3.2613996586198484
3.2613996586198484
3.2613996586198484
3.2613996586198484
3.2613996586198484
3.2613996586198484
3.2543314210883176
3.234278545666344
3.21422567024437
3.1941727948223964
3.1741199194004226
3.154067043978449
3.134014168556475
3.1139612931345013
3.08538735171679
3.054010499585937
3.022633647455084
2.9912567953242313
2.9598799431933784
2.9285030910625256
2.8971262389316728
2.9179674751042466
2.9414139140591695
2.9712464809106542
3.0128106226943814
3.075376163668542
3.2546724615591307
3.4339687594497184
3.613265057340307
3.7723238234897867
3.924725676696787
4.11153133386395
4.30965374303305
4.372184689534525
4.390114319323584
4.2208351340423675
4.029117637402099
3.837400140761832
3.645682644121565
3.453965147481297
3.2622476508410294
3.0705301542007617
2.8788126575604944
2.6870951609202267
2.2489072786661164
2.0679300779828034
1.9070973542713296
1.7832708485406419
1.6594443428099541
1.5312606680883303
1.37885881488133
1.2264569616743302
1.07405510846733
0.9067946124539531
0.7274983145633647
0.5482020166727761
0.3520496355705098
0.21658132160917654
0.10657330963309017
0.06854647424838392
0.03329066080892268
0.030233044239842324
0.2697216707072001
0.36690702616713705
0.396244818336991
0.396244818336991
0.3320848573343923
0.22085670160295426
0.11551271567807866
0.007934936944078624
-0.10587051940179143
-0.23881675203607866
-0.4102688368933911
-0.5578240340689776
-0.696371173347614
-0.8349183126262505
-0.9703889485617596
-1.102990723456288
-1.2348768286286318
-1.3777639176880072
-1.52715861428902
-1.6783854606091952
-1.8437540739308735
-2.0094470456798246
-2.177095389950211
-2.3458042151161957
-2.514244887118822
-2.733563381457758
-2.9721216997185227
-3.178949699491146
-3.343069714020491
-3.5071890552643605
-3.695202948191689
-3.8882453424788816
-4.081287694084785
-4.24914898807391
-4.41171096482751
-4.57427294158111
-4.694108983647177
-4.8049534129142835
-4.915797842181391
-5.002489935645333
-5.067447037715283
-5.1324041397852325
-5.197361241855182
-5.262318343925132
-5.327275445995082
-5.386503154340826
-5.438018548165645
-5.489533941990465
-5.541049335815284
-5.592564729640103
-5.6440801234649225
-5.695595517289742
-5.745289481236264
-5.791220065232305
-5.837150649228346
-5.883081233224387
-5.929011817220428
-5.9749424012164685
-6.02087298521251
-6.0664941366410545
-6.100677090949909
-6.134860045258763
-6.169042999567616
-6.203225953876471
-6.237408908185325
-6.271591862494178
-6.305774816803032
-6.3399577711118855
-6.374140725420739
-6.408323679729593
-6.439418477550423
-6.464132625558882
-6.488846773567341
-6.513560921575801
-6.53827506958426
-6.562989217592719
-6.587703365601178
-6.612417513609637
-6.640323823459998
-6.676900268229558
-6.713676589201979
-6.751190891529733
-6.788705193857487
-6.8262194961852405
-6.860836519396844
-6.895342599368127
-6.9254068113480685
-6.945727058442269
-6.966047305536469
-6.988780981371532
-7.016808908398015
-7.044836835424498
-7.072864762450981
-7.100892689477464
-7.144626366077425
-7.188961450646588
-7.226346294525477
-7.238069514002901
-7.249792733480325
-7.269480746292719
-7.294194560326206
-7.318908374359692
-7.343622188393179
-7.3846050027527586
-7.427135752484804
-7.466285662035815
-7.50438612533744
-7.542486588639066
-7.580587287196921
-7.6186881682713645
-7.656789049345808
-7.694889930420252
-7.7329908114946955
-7.771091692569139
-7.809192573643583
-7.847293454718026
-7.885394335792469
-7.923495216866913
-7.9615960979413565
-7.9996969790158
-8.037797860090244
-8.075898741164687
-8.11399962223913
-8.152100503313573
-8.190201384388017
-8.22830226546246
-8.266403146536904
-8.304504027611348
-8.342604908685791
-8.380705789760235
-8.418806670834677
-8.45690755190912
-8.495008432983564
-8.533109314058008
-8.571210195132451
-8.609311076206895
-8.647411957281339
-8.68551283835578
-8.723613719430224
-8.761714600504668
-8.799815481579111
-8.837916362653555
-8.876017243727999
-8.914118124802442
-8.952219005876886
-8.990319886951328
-9.028420768025772
-9.066521649100215
-9.104622530174659
-9.142723411249102