3.2613996586198484
3.2613996586198484
3.2613996586198484
3.2613996586198484
3.2613996586198484
3.2613996586198484
3.2613996586198484
3.2613996586198484
3.2613996586198484
3.2613996586198484
3.2613996586198484
3.2613996586198484
3.2613996586198484
3.2613996586198484
3.2613996586198484
3.2613996586198484
3.2613996586198484
3.2613996586198484
3.2613996586198484
3.2613996586198484
3.2613996586198484
3.2613996586198484
3.2613996586198484
3.2613996586198484
3.2613996586198484
3.2613996586198484
3.2613996586198484
3.3250929073294646
3.3250929073294646
3.2613996586198484
3.2613996586198484
3.2613996586198484
3.2613996586198484
3.2613996586198484
3.2613996586198484
3.239438725246968
3.239438725246968
2.9632193001590306
3.017196759889986
3.3050643601897427
3.204815537397434
3.2232531808207296
3.349835702735235
2.9409339256364966
2.600469498086297
2.6431832626179643
2.6695587596240093
2.8612762562642766
3.052993752904544
2.7417025180077665
3.1796468575049968
3.224808681062533
3.0330911844222657
3.0375454184633712
3.2292629151036394
3.426801491215346
3.569567114172373
3.7216409216685857
3.624115297580283
3.4893158544097487
3.4034948083502083
3.4359204403992827
3.486888990117726
3.434010176862044
3.398579925383334
3.3548875886680243
3.2777084210705647
3.1977210550261725
3.128569958666291
3.050853873259179
2.9785781675283456
2.893558905938229
2.822047962496831
2.727582019888337
2.6780636530078707
2.5800399599623285
2.5750432091999116
2.4807600685423465
2.550554262992465
2.4642452557699337
2.389130496175868
2.3118019435136605
2.208605200122984
2.136057563820692
2.0156801427587525
1.9492239599323282
1.8234187950922076
1.7661696149192325
1.638449005759664
1.591746136379499
1.4714084034019184
1.4288148850180127
1.3051907989483402
1.262844368738243
1.1335680486050121
1.1180504496323185
0.9856022204269856
0.7976811106527529
0.79113227589806
0.45681547608373174
0.2530737032491584
0.24807611408177624
0.27428048048694703
0.36690702616713705
0.396244818336991
0.396244818336991
0.3320848573343923
0.22085670160295426
0.0033650328534875484
-0.4538405267660124
-0.9110460863855123
-1.3682516460050125
-1.8254572056245122
-2.2826627652440123
-1.775779906688812
-1.9048008980033664
-1.8657924769572578
-1.9919476770391964
-2.047038035189523
-2.1044498115413277
-2.189291178816515
-2.264003207438386
-2.3397883300415954
-2.415690261031203
-2.501351736232859
-2.579334431762577
-2.661241329938379
-2.748874065330852
-2.8307724629925977
-2.9214823646708523
-3.0092960820396883
-3.1026711229864623
-3.196744544775772
-3.2902988548562058
-3.3875281779401893
-3.47703949737932
-3.5694329544992387
-3.657837496141241
-3.7447995811326793
-3.8420936095479896
-3.9410087365324253
-4.0625824411248965
-4.199637145584908
-4.352514593603095
-4.521745632613099
-4.694962589229578
-4.862670098144549
-5.0193806419451255
-5.15848856634801
-5.279108281752002
-5.381323970122878
-5.469786496935541
-5.546396937126833
-5.614223691455407
-5.676065963457672
-5.732740393508492
-5.787040711189612
-5.838334952467151
-5.888732839553502
-5.939203460150621
-5.988367887168418
-6.036869212040918
-6.0783063740096255
-6.122610604713797
-6.163926509479637
-6.201624552209093
-6.2371171799896015
-6.271514044167766
-6.305740163709583
-6.339936254910803
-6.374127633325745
-6.408315961840625
-6.439414151060181
-6.464130420246153
-6.488845814106098
-6.513560579952321
-6.538274970678927
-6.56298919336286
-6.587703360412561
-6.612417513053529
-6.640323823460006
-6.676900268229565
-6.713676589201988
-6.751190891529742
-6.788705193857496
-6.826219496185249
-6.860836519396852
-6.8953425993681385
-6.925406811348079
-6.945727058442277
-6.9660473055364776
-6.988780981371541
-7.016808908398026
-7.044836835424508
-7.07286476245099
-7.100892689477476
-7.144626366077432
-7.188961450646598
-7.226346294525483
-7.2380695140029125
-7.249792733480339
-7.269480746292736
-7.294194560326231
-7.318908374359715
-7.343622188393198
-7.384605002752773
-7.4271357524848165
-7.466285662035824
-7.504386125337448
-7.542486588639066
-7.580587287196907
-7.618688168271345
-7.656789049345769
-7.694889930420197
-7.732990811494628
-7.771091692569056
-7.809192573643483
-7.847293454717907
-7.8853943357923315
-7.923495216866763
-7.961596097941208
-7.999696979015654
-8.037797860090244
-8.07589874116469
-8.113999622239131
-8.152100503313573
-8.190201384388018
-8.22830226546246
-8.266403146536906
-8.304504027611348
-8.342606122582229
-8.380716305511683
-8.418836161178536
-8.456950703676224
-8.495053977709368
-8.533158457286145
-8.571267646777692
-8.609373164322186
-8.647476410866275
-8.68559597822739
-8.723737437847483
-8.761886194461098
-8.800056385912637
-8.838264242060493
-8.876481448502215
-8.914716198861129
-8.953021483369135
-8.991322633770505
-9.029508831188267
-9.066627433290424
-9.10345796362424
-9.14200224990968