3.2613996586198484
3.2613996586198484
3.2613996586198484
3.2613996586198484
3.2613996586198484
3.2613996586198484
3.2613996586198484
3.2613996586198484
3.2613996586198484
3.2613996586198484
3.2613996586198484
3.2613996586198484
3.2613996586198484
3.2613996586198484
3.2613996586198484
3.2613996586198484
3.2613996586198484
3.2613996586198484
3.2613996586198484
3.2613996586198484
3.2613996586198484
3.2613996586198484
3.2613996586198484
3.2613996586198484
3.2613996586198484
3.2613996586198484
3.2613996586198484
3.3250929073294646
3.3250929073294646
3.2613996586198484
3.2613996586198484
3.2613996586198484
3.2613996586198484
3.2613996586198484
3.2613996586198484
3.239438725246968
3.239438725246968
2.9632193001590306
3.017196759889986
3.3050643601897427
3.204815537397434
3.2232531808207296
3.349835702735235
2.9409339256364966
2.600469498086297
2.6431832626179643
2.6695587596240093
2.8612762562642766
3.052993752904544
2.7417025180077665
3.1796468575049968
3.224808681062533
3.0330911844222657
3.0375454184633712
3.2292629151036394
3.426801491215346
3.569567114172373
3.7216409216685857
3.624115297580283
3.4893158544097487
3.4034948083502083
3.4359204403992827
3.486888990117726
3.434010176862044
3.398579925383334
3.3548875886680243
3.2777084210705647
3.1977210550261725
3.128569958666291
3.050853873259179
2.9785781675283456
2.893558905938229
2.822047962496831
2.727582019888337
2.6780636530078707
2.5800399599623285
2.575043031797836
2.4807587843620835
2.5505501286661625
2.4642364678733464
2.389111904255052
2.311776477302131
2.2085495951886083
2.1359773657013434
2.01556826217348
1.949108261856852
1.8232711585906494
1.7660272619804436
1.638301145583998
1.59158511555528
1.4711867471746833
1.4285732391474875
1.3049697964063145
1.2627415480878654
1.1337144835457376
1.1178082656734385
0.9855332344740053
0.7981871988028477
0.7913029819791685
0.4567464366003087
0.2532036378946091
0.2482928680949583
0.27422246150505325
0.36690702616713705
0.396244818336991
0.396244818336991
0.3320848573343923
0.22085670160295426
0.0033650328534875484
-0.4538405267660124
-0.9110460863855123
-1.3682516460050125
-1.8254572056245122
-2.2826627652440123
-1.8211209735555718
-1.9057753096502281
-1.883876544109831
-2.0066505391549683
-2.0535211245973093
-2.1104880501858
-2.1962591288810174
-2.2682170721771824
-2.343121218638326
-2.4190028640089847
-2.503511940974036
-2.5804152352700727
-2.661786685413958
-2.7484632010138155
-2.8293664871555952
-2.919247349395829
-3.0061275410348203
-3.098665244441319
-3.192096902708768
-3.285283267391692
-3.382342486240218
-3.4720231648037116
-3.5647221684813295
-3.6532225118962636
-3.7400568763637403
-3.836738532246388
-3.9347687443223247
-4.0554034230695155
-4.191460554950793
-4.343804696257875
-4.5134061483192
-4.68786965852961
-4.857193804263403
-5.01530844783793
-5.155538724833551
-5.277145108258189
-5.380178420724213
-5.469165181231994
-5.54601501334022
-5.613956450466171
-5.675902198315369
-5.732669373772194
-5.787023395594083
-5.8383324089590305
-5.888731530944055
-5.939202840008643
-5.988367592918964
-6.036869046763642
-6.07830628279671
-6.12261056294762
-6.163926491605293
-6.201624545641311
-6.237117178214932
-6.271514043913841
-6.305740163709583
-6.339936254910803
-6.374127633325745
-6.408315961840625
-6.439414151060181
-6.464130420246153
-6.488845814106098
-6.513560579952321
-6.538274970678927
-6.56298919336286
-6.587703360412561
-6.612417513053529
-6.640323823460006
-6.676900268229565
-6.713676589201988
-6.751190891529742
-6.788705193857496
-6.826219496185249
-6.860836519396852
-6.8953425993681385
-6.925406811348079
-6.945727058442277
-6.9660473055364776
-6.988780981371541
-7.016808908398026
-7.044836835424508
-7.07286476245099
-7.100892689477476
-7.144626366077432
-7.188961450646598
-7.226346294525483
-7.2380695140029125
-7.249792733480339
-7.269480746292736
-7.294194560326231
-7.318908374359715
-7.343622188393198
-7.384605002752773
-7.427135752484818
-7.466285662035827
-7.504386125337452
-7.542486588639069
-7.58058728719691
-7.6186881682713485
-7.656789049345773
-7.6948899304202
-7.7329908114946315
-7.771091692569059
-7.809192573643487
-7.847293454717911
-7.885394335792335
-7.923495216866766
-7.961596097941212
-7.999696979015657
-8.037797860090244
-8.07589874116469
-8.113999622239131
-8.152100503313573
-8.190201384388018
-8.22830226546246
-8.266403146536906
-8.304504027611348
-8.342606122582229
-8.380716305511683
-8.418836161178536
-8.456950703676224
-8.495053977709368
-8.533158457286145
-8.571267646777692
-8.609373164322186
-8.647476410866275
-8.68559597822739
-8.723737437847483
-8.761886194461098
-8.800056385912637
-8.838264242060493
-8.876481448502215
-8.914716198861129
-8.953021483369135
-8.991322633770505
-9.029508831188267
-9.066627433290424
-9.10345796362424
-9.14200224990968