3.2613996586198484
3.2613996586198484
3.2613996586198484
3.2613996586198484
3.2613996586198484
3.2613996586198484
3.2613996586198484
3.2613996586198484
3.2613996586198484
3.2613996586198484
3.2613996586198484
3.2613996586198484
3.2613996586198484
3.2613996586198484
3.2613996586198484
3.2613996586198484
3.2613996586198484
3.2613996586198484
3.2613996586198484
3.2613996586198484
3.2613996586198484
3.2613996586198484
3.2613996586198484
3.2613996586198484
3.2613996586198484
3.2613996586198484
3.2613996586198484
3.3250929073294646
3.3250929073294646
3.2613996586198484
3.2613996586198484
3.2613996586198484
3.2613996586198484
3.2613996586198484
3.2613996586198484
3.239438725246968
3.239438725246968
2.9632193001590306
3.017196759889986
3.3050643601897427
3.204815537397434
3.2232531808207296
3.349835702735235
2.9409339256364966
2.600469498086297
2.6431832626179643
2.6695587596240093
2.8612762562642766
3.052993752904544
2.7417025180077665
3.1796468575049968
3.224808681062533
3.0330911844222657
3.0375454184633712
3.2292629151036394
3.426801491215346
3.569567114172373
3.7216409216685857
3.624115297580283
3.4893158544097487
3.4034948083502083
3.4359204403992827
3.486888990117726
3.434010176862044
3.398579925383334
3.3548875886680243
3.2777084210705647
3.1977210550261725
3.128569958666291
3.050853873259179
2.9785781675283456
2.893558905938229
2.822047962496831
2.727582019888337
2.6780636530078707
2.5800399599623285
2.575043031797836
2.4807587843620835
2.5505501286661625
2.464235407629236
2.389106381470331
2.3117602392320635
2.2085070807505716
2.135923942693074
2.0154885725982945
1.949024397278875
1.823161946659749
1.7659210507478682
1.6381879667736554
1.5914628288937616
1.4710202380854043
1.4283927422314617
1.3047485574528188
1.2626461514998262
1.1338564302866019
1.1175542800705762
0.9849994333068754
0.7977434314605708
0.7915178536996642
0.45768613968657507
0.2537356455296967
0.24833278859918753
0.2742302800434405
0.36690702616713705
0.396244818336991
0.396244818336991
0.3320848573343923
0.22085670160295426
0.0033650328534875484
-0.4538405267660124
-0.9110460863855123
-1.3682516460050125
-1.8254572056245122
-2.2826627652440123
-1.8606190542999987
-1.9062530923676653
-1.9038571099086303
-2.021224323332722
-2.0598067601517247
-2.117328247802738
-2.2033870687285173
-2.272266435511058
-2.346449013339654
-2.422166176459628
-2.505372396938726
-2.581255800889094
-2.66212696473509
-2.7478438336879285
-2.8277517214125947
-2.9167666396495653
-3.002675271444633
-3.0943809698235927
-3.187180289585334
-3.279973830364013
-3.3768411075298523
-3.466680051811499
-3.559669718181203
-3.648276716318495
-3.735030422958733
-3.8312258104187213
-3.928535282612016
-4.048352241037238
-4.1836888632683875
-4.33596966755353
-4.506214109674492
-4.6817739460884065
-4.852416715140428
-5.011917807771564
-5.153411983285239
-5.27597582013052
-5.3796839767066285
-5.469037893724912
-5.54599191218119
-5.613947195075489
-5.675896635268969
-5.732666342447269
-5.787021863565358
-5.838331707721029
-5.888731248239084
-5.9392027437907915
-5.9883675680621185
-6.036869042783581
-6.078306282256771
-6.122610562796839
-6.163926491605293
-6.201624545641311
-6.237117178214932
-6.271514043913841
-6.305740163709583
-6.339936254910803
-6.374127633325745
-6.408315961840625
-6.439414151060181
-6.464130420246153
-6.488845814106098
-6.513560579952321
-6.538274970678927
-6.56298919336286
-6.587703360412561
-6.612417513053529
-6.640323823460006
-6.676900268229565
-6.713676589201988
-6.751190891529742
-6.788705193857496
-6.826219496185249
-6.860836519396852
-6.8953425993681385
-6.925406811348079
-6.945727058442277
-6.9660473055364776
-6.988780981371541
-7.016808908398026
-7.044836835424508
-7.07286476245099
-7.100892689477476
-7.144626366077432
-7.188961450646598
-7.226346294525483
-7.2380695140029125
-7.249792733480339
-7.269480746292736
-7.294194560326231
-7.318908374359715
-7.343622188393198
-7.384605002752773
-7.427135752484818
-7.466285662035829
-7.504386125337456
-7.542486588639074
-7.580587287196915
-7.618688168271353
-7.656789049345777
-7.694889930420205
-7.732990811494636
-7.771091692569064
-7.809192573643491
-7.847293454717915
-7.8853943357923395
-7.923495216866771
-7.961596097941216
-7.999696979015662
-8.037797860090244
-8.07589874116469
-8.113999622239131
-8.152100503313573
-8.190201384388018
-8.22830226546246
-8.266403146536906
-8.304504027611348
-8.342606122582229
-8.380716305511683
-8.418836161178536
-8.456950703676224
-8.495053977709368
-8.533158457286145
-8.571267646777692
-8.609373164322186
-8.647476410866275
-8.68559597822739
-8.723737437847483
-8.761886194461098
-8.800056385912637
-8.838264242060493
-8.876481448502215
-8.914716198861129
-8.953021483369135
-8.991322633770505
-9.029508831188267
-9.066627433290424
-9.10345796362424
-9.14200224990968