3.2613996586198484
3.2613996586198484
3.2613996586198484
3.2613996586198484
3.2613996586198484
3.2613996586198484
3.2613996586198484
3.2613996586198484
3.2613996586198484
3.2613996586198484
3.2613996586198484
3.2613996586198484
3.2613996586198484
3.2613996586198484
3.2613996586198484
3.2613996586198484
3.2613996586198484
3.2613996586198484
3.2613996586198484
3.2613996586198484
3.2613996586198484
3.2613996586198484
3.2613996586198484
3.2613996586198484
3.2613996586198484
3.2613996586198484
3.2613996586198484
3.3250929073294646
3.3250929073294646
3.2613996586198484
3.2613996586198484
3.2613996586198484
3.2613996586198484
3.2613996586198484
3.2613996586198484
3.239438725246968
3.239438725246968
2.9632193001590306
3.017196759889986
3.3050643601897427
3.204815537397434
3.2232531808207296
3.349835702735235
2.9409339256364966
2.600469498086297
2.6431832626179643
2.6695587596240093
2.8612762562642766
3.052993752904544
2.7417025180077665
3.1796468575049968
3.224808681062533
3.0330911844222657
3.0375454184633712
3.2292629151036394
3.426801491215346
3.569567114172373
3.7216409216685857
3.624115297580283
3.4893158544097487
3.4034948083502083
3.4359204403992827
3.486888990117726
3.434010176862044
3.398579925383334
3.3548875886680243
3.2777084210705647
3.1977210550261725
3.128569958666291
3.050853873259179
2.9785781675283456
2.893558905938229
2.822047962496831
2.727582019888337
2.6780636530078707
2.5800399599623285
2.5750430317978363
2.4807587843620835
2.5505501286661625
2.4642354076292365
2.389106381470331
2.3117593002162904
2.208500706624698
2.135911546673874
2.015458988833086
1.9489845689316883
1.8230976249608886
1.7658540416030952
1.638106018578714
1.591373868941369
1.4708972215181977
1.4282592185976846
1.3045804425516419
1.26255868837532
1.1339188040261539
1.1173095379778615
0.9838932140616351
0.7959175284086287
0.7914903084564111
0.4598347272890901
0.25499993846815544
0.24841380829229565
0.2742436248293771
0.36690702616713705
0.396244818336991
0.396244818336991
0.3320848573343923
0.22085670160295426
0.0033650328534875484
-0.4538405267660124
-0.9110460863855123
-1.3682516460050125
-1.8254572056245122
-2.2826627652440123
-1.8942020494529692
-1.9059825290997776
-1.9247298751260702
-2.0350093259163358
-2.065695027333194
-2.124620033397648
-2.2101869788190727
-2.2757042461407204
-2.349293868491462
-2.424682667918877
-2.506446712516345
-2.5813217573314096
-2.6616366795759014
-2.7463464272530205
-2.825293334951358
-2.9134861618300043
-2.99847980567654
-3.0894261437362305
-3.1816450921291115
-3.2741274686531354
-3.370922185454915
-3.4609886708572755
-3.5543344732782503
-3.6431713223649282
-3.7300546746995513
-3.826103574190512
-3.923109909383611
-4.042570702383876
-4.177557901674308
-4.3300391728432865
-4.501262370792172
-4.678063524325495
-4.849756556506616
-5.010252663596245
-5.152640398154841
-5.275687942524185
-5.379568809595094
-5.469000275268016
-5.545983539862793
-5.613943560044122
-5.675894488436288
-5.73266519268047
-5.787021321493543
-5.838331483630678
-5.888731170498104
-5.939202720915051
-5.988367562195894
-6.0368690417129995
-6.0783062821154505
-6.122610562757385
-6.163926491605293
-6.201624545641311
-6.237117178214932
-6.271514043913841
-6.305740163709583
-6.339936254910803
-6.374127633325745
-6.408315961840625
-6.439414151060181
-6.464130420246153
-6.488845814106098
-6.513560579952321
-6.538274970678927
-6.56298919336286
-6.587703360412561
-6.612417513053529
-6.640323823460006
-6.676900268229565
-6.713676589201988
-6.751190891529742
-6.788705193857496
-6.826219496185249
-6.860836519396852
-6.8953425993681385
-6.925406811348079
-6.945727058442277
-6.9660473055364776
-6.988780981371541
-7.016808908398026
-7.044836835424508
-7.07286476245099
-7.100892689477476
-7.144626366077432
-7.188961450646598
-7.226346294525483
-7.2380695140029125
-7.249792733480339
-7.269480746292736
-7.294194560326231
-7.318908374359715
-7.343622188393198
-7.384605002752773
-7.427135752484818
-7.466285662035829
-7.504386125337456
-7.54248658863907
-7.5805872871969076
-7.618688168271345
-7.656789049345769
-7.694889930420197
-7.732990811494628
-7.771091692569056
-7.809192573643483
-7.847293454717907
-7.8853943357923315
-7.923495216866763
-7.961596097941208
-7.999696979015654
-8.037797860090244
-8.07589874116469
-8.113999622239131
-8.152100503313573
-8.190201384388018
-8.22830226546246
-8.266403146536906
-8.304504027611348
-8.342606122582229
-8.380716305511683
-8.418836161178536
-8.456950703676224
-8.495053977709368
-8.533158457286145
-8.571267646777692
-8.609373164322186
-8.647476410866275
-8.68559597822739
-8.723737437847483
-8.761886194461098
-8.800056385912637
-8.838264242060493
-8.876481448502215
-8.914716198861129
-8.953021483369135
-8.991322633770505
-9.029508831188267
-9.066627433290424
-9.10345796362424
-9.14200224990968