3.2613996586198484
3.2613996586198484
3.2613996586198484
3.2613996586198484
3.2613996586198484
3.2613996586198484
3.2613996586198484
3.2613996586198484
3.2613996586198484
3.2613996586198484
3.2613996586198484
3.2613996586198484
3.2613996586198484
3.2613996586198484
3.2613996586198484
3.2613996586198484
3.2613996586198484
3.2613996586198484
3.2613996586198484
3.2613996586198484
3.2613996586198484
3.2613996586198484
3.2613996586198484
3.2613996586198484
3.2613996586198484
3.2613996586198484
3.2613996586198484
3.3250929073294646
3.3250929073294646
3.2613996586198484
3.2613996586198484
3.2613996586198484
3.2613996586198484
3.2613996586198484
3.2613996586198484
3.239438725246968
3.239438725246968
2.9632193001590306
3.017196759889986
3.3050643601897427
3.204815537397434
3.2232531808207296
3.349835702735235
2.9409339256364966
2.600469498086297
2.6431832626179643
2.6695587596240093
2.8612762562642766
3.052993752904544
2.7417025180077665
3.1796468575049968
3.224808681062533
3.0330911844222657
3.0375454184633712
3.2292629151036394
3.426801491215346
3.569567114172373
3.7216409216685857
3.624115297580283
3.4893158544097487
3.4034948083502083
3.4359204403992827
3.486888990117726
3.434010176862044
3.398579925383334
3.3548875886680243
3.2777084210705647
3.1977210550261725
3.128569958666291
3.050853873259179
2.9785781675283456
2.893558905938229
2.822047962496831
2.727582019888337
2.6780636530078707
2.5800399599623285
2.5750430317978363
2.4807587843620835
2.5505501286661625
2.4642354076292365
2.389106381470331
2.3117593002162904
2.208500478259695
2.135910316852521
2.0154553866263805
1.9489757864442006
1.8230731739464274
1.7658105407532814
1.638029843924815
1.5912870381212392
1.4707669434905666
1.428115422258259
1.3043884026397847
1.2624392289926811
1.1339319293089525
1.1169673661224282
0.9833245287453387
0.7951602370554073
0.7913613113156241
0.460990673265476
0.2558207530234334
0.2483524224269054
0.27401960308051954
0.3669080730586269
0.39647813184578373
0.3963614750913873
0.3320848573343923
0.22085670160295426
0.0033650328534875484
-0.4538405267660124
-0.9110460863855123
-1.3682516460050125
-1.8254572056245122
-2.2826627652440123
-1.9217733345595385
-1.9044076283648288
-1.9451826847943827
-2.047340284062941
-2.0711351586546227
-2.132327059318387
-2.2166926135366625
-2.2787734690169055
-2.35197364759909
-2.426890460204474
-2.5071599732052845
-2.5811523261873988
-2.6610016156825047
-2.74478032629903
-2.822871395221769
-2.9103890895002436
-2.994636924468943
-3.084956281604325
-3.176703222439307
-3.2689864301003233
-3.3657967878644492
-3.4561172001458145
-3.549827840680489
-3.638940328012232
-3.726017865979397
-3.821949461948327
-3.918624403296118
-4.037821309040523
-4.1727710681113095
-4.325447192964422
-4.496925468861358
-4.674288651082457
-4.84691541949124
-5.008267297910054
-5.151319653935983
-5.274979493318028
-5.379323656677017
-5.468953925577592
-5.54597458616119
-5.613938616034565
-5.675891654542375
-5.73266354252919
-5.78702046367779
-5.838331099323465
-5.888731020007186
-5.939202673414412
-5.988367551942911
-6.036869040649008
-6.0783062821154505
-6.122610562757385
-6.163926491605293
-6.201624545641311
-6.237117178214932
-6.271514043913841
-6.305740163709583
-6.339936254910803
-6.374127633325745
-6.408315961840625
-6.439414151060181
-6.464130420246153
-6.488845814106098
-6.513560579952321
-6.538274970678927
-6.56298919336286
-6.587703360412561
-6.612417513053529
-6.640323823460006
-6.676900268229565
-6.713676589201988
-6.751190891529742
-6.788705193857496
-6.826219496185249
-6.860836519396852
-6.8953425993681385
-6.925406811348079
-6.945727058442277
-6.9660473055364776
-6.988780981371541
-7.016808908398026
-7.044836835424508
-7.07286476245099
-7.100892689477476
-7.144626366077432
-7.188961450646598
-7.226346294525483
-7.2380695140029125
-7.249792733480339
-7.269480746292736
-7.294194560326231
-7.318908374359715
-7.343622188393198
-7.384605002752773
-7.427135752484818
-7.466285662035829
-7.504386125337456
-7.54248658863907
-7.5805872871969076
-7.618688168271343
-7.656789049345764
-7.694889930420188
-7.732990811494619
-7.771091692569047
-7.809192573643474
-7.8472934547178985
-7.885394335792323
-7.923495216866754
-7.961596097941199
-7.999696979015645
-8.037797860090244
-8.07589874116469
-8.113999622239131
-8.152100503313573
-8.190201384388018
-8.22830226546246
-8.266403146536906
-8.304504027611348
-8.342606122582229
-8.380716305511683
-8.418836161178536
-8.456950703676224
-8.495053977709368
-8.533158457286145
-8.571267646777692
-8.609373164322186
-8.647476410866275
-8.68559597822739
-8.723737437847483
-8.761886194461098
-8.800056385912637
-8.838264242060493
-8.876481448502215
-8.914716198861129
-8.953021483369135
-8.991322633770505
-9.029508831188267
-9.066627433290424
-9.10345796362424
-9.14200224990968