3.2613996586198484
3.2613996586198484
3.2613996586198484
3.2613996586198484
3.2613996586198484
3.2613996586198484
3.2613996586198484
3.2613996586198484
3.2613996586198484
3.2613996586198484
3.2613996586198484
3.2613996586198484
3.2613996586198484
3.2613996586198484
3.2613996586198484
3.2613996586198484
3.2613996586198484
3.2613996586198484
3.2613996586198484
3.2613996586198484
3.2613996586198484
3.2613996586198484
3.2613996586198484
3.2613996586198484
3.2613996586198484
3.2613996586198484
3.2613996586198484
3.3250929073294646
3.3250929073294646
3.2613996586198484
3.2613996586198484
3.2613996586198484
3.2613996586198484
3.2613996586198484
3.2613996586198484
3.239438725246968
3.239438725246968
2.9632193001590306
3.017196759889986
3.3050643601897427
3.204815537397434
3.2232531808207296
3.349835702735235
2.9409339256364966
2.600469498086297
2.6431832626179643
2.6695587596240093
2.8612762562642766
3.052993752904544
2.7417025180077665
3.1796468575049968
3.224808681062533
3.0330911844222657
3.0375454184633712
3.2292629151036394
3.426801491215346
3.569567114172373
3.7216409216685857
3.624115297580283
3.4893158544097487
3.4034948083502083
3.4359204403992827
3.486888990117726
3.434010176862044
3.398579925383334
3.3548875886680243
3.2777084210705647
3.1977210550261725
3.128569958666291
3.050853873259179
2.9785781675283456
2.893558905938229
2.822047962496831
2.727582019888337
2.6780636530078707
2.5800399599623285
2.5750430317978363
2.4807587843620835
2.5505501286661625
2.4642354076292365
2.389106381470331
2.3117593002162904
2.208500478259695
2.1359062794449506
2.0154420260081043
1.9489584094461434
1.8230348860835468
1.7657672536663163
1.6379685385303429
1.591218482067685
1.4706673250853508
1.4280063821154516
1.3042467652493799
1.26235614722306
1.1339570128810665
1.1167281370570747
0.9814968795152046
0.791656392088977
0.790883973853675
0.4644981841684615
0.2581897208350164
0.24868416555567763
0.27406352680793544
0.3669172325568982
0.3964798565099992
0.39636178333650884
0.3320848573343923
0.22085670160295426
0.0033650328534875484
-0.4538405267660124
-0.9110460863855123
-1.3682516460050125
-1.8254572056245122
-2.2826627652440123
-1.9481107516716285
-1.9030598637007665
-1.9640195186732472
-2.057327329924408
-2.077034737448166
-2.1419108305667742
-2.2243276472343663
-2.2829650998711926
-2.35607823162153
-2.430350098856857
-2.5090189529809037
-2.5821531342223216
-2.661362263680059
-2.744013354471249
-2.821186915914923
-2.9079032060232803
-2.991156111470105
-3.080592231531718
-3.1716162757870134
-3.2634474888010274
-3.3601026217469503
-3.450614647570502
-3.544644720822456
-3.6339736669303684
-3.72118923218303
-3.8169720517964736
-3.913338267794812
-4.032148854987526
-4.166725902814739
-4.319731772076919
-4.492291763468471
-4.670769369021127
-4.8442763003899465
-5.006396511061766
-5.15015151656687
-5.274414878609463
-5.379144094921947
-5.4689178377520475
-5.545966509798475
-5.613934327875791
-5.675889409217598
-5.732662235056711
-5.787019747494002
-5.838330786366227
-5.888730903007683
-5.939202639028359
-5.9883675451915135
-6.036869039996552
-6.0783062821154505
-6.122610562757385
-6.163926491605293
-6.201624545641311
-6.237117178214932
-6.271514043913841
-6.305740163709583
-6.339936254910803
-6.374127633325745
-6.408315961840625
-6.439414151060181
-6.464130420246153
-6.488845814106098
-6.513560579952321
-6.538274970678927
-6.56298919336286
-6.587703360412561
-6.612417513053529
-6.640323823460006
-6.676900268229565
-6.713676589201988
-6.751190891529742
-6.788705193857496
-6.826219496185249
-6.860836519396852
-6.8953425993681385
-6.925406811348079
-6.945727058442277
-6.9660473055364776
-6.988780981371541
-7.016808908398026
-7.044836835424508
-7.07286476245099
-7.100892689477476
-7.144626366077432
-7.188961450646598
-7.226346294525483
-7.2380695140029125
-7.249792733480339
-7.269480746292736
-7.294194560326231
-7.318908374359715
-7.343622188393198
-7.384605002752773
-7.427135752484818
-7.466285662035829
-7.504386125337456
-7.54248658863907
-7.5805872871969076
-7.618688168271343
-7.656789049345764
-7.694889930420188
-7.7329908114946155
-7.77109169256904
-7.8091925736434655
-7.84729345471789
-7.885394335792314
-7.923495216866745
-7.96159609794119
-7.999696979015636
-8.037797860090244
-8.07589874116469
-8.113999622239131
-8.152100503313573
-8.190201384388018
-8.22830226546246
-8.266403146536906
-8.304504027611348
-8.342606122582229
-8.380716305511683
-8.418836161178536
-8.456950703676224
-8.495053977709368
-8.533158457286145
-8.571267646777692
-8.609373164322186
-8.647476410866275
-8.68559597822739
-8.723737437847483
-8.761886194461098
-8.800056385912637
-8.838264242060493
-8.876481448502215
-8.914716198861129
-8.953021483369135
-8.991322633770505
-9.029508831188267
-9.066627433290424
-9.10345796362424
-9.14200224990968