3.2613996586198484
3.2613996586198484
3.2613996586198484
3.2613996586198484
3.2613996586198484
3.2613996586198484
3.2613996586198484
3.2613996586198484
3.2613996586198484
3.2613996586198484
3.2613996586198484
3.2613996586198484
3.2613996586198484
3.2613996586198484
3.2613996586198484
3.2613996586198484
3.2613996586198484
3.2613996586198484
3.2613996586198484
3.2613996586198484
3.2613996586198484
3.2613996586198484
3.2613996586198484
3.2613996586198484
3.2613996586198484
3.2613996586198484
3.2613996586198484
3.3250929073294646
3.3250929073294646
3.2613996586198484
3.2613996586198484
3.2613996586198484
3.2613996586198484
3.2613996586198484
3.2613996586198484
3.239438725246968
3.239438725246968
2.9632193001590306
3.017196759889986
3.3050643601897427
3.204815537397434
3.2232531808207296
3.349835702735235
2.9409339256364966
2.600469498086297
2.6431832626179643
2.6695587596240093
2.8612762562642766
3.052993752904544
2.7417025180077665
3.1796468575049968
3.224808681062533
3.0330911844222657
3.0375454184633712
3.2292629151036394
3.426801491215346
3.569567114172373
3.7216409216685857
3.624115297580283
3.4893158544097487
3.4034948083502083
3.4359204403992827
3.486888990117726
3.434010176862044
3.398579925383334
3.3548875886680243
3.2777084210705647
3.1977210550261725
3.128569958666291
3.050853873259179
2.9785781675283456
2.893558905938229
2.822047962496831
2.727582019888337
2.6780636530078707
2.5800399599623285
2.5750430317978363
2.4807587843620835
2.5505501286661625
2.4642354076292365
2.389106381470331
2.3117593002162904
2.208500478259695
2.1359062794449506
2.0154420260081043
1.9489361361201878
1.822947734409998
1.7656301574465085
1.637623770195319
1.590721049995514
1.4696857444112001
1.4269118963531
1.3027376920760274
1.2613211395703174
1.1337957295069374
1.1137374547425574
0.9793242168476533
0.7903339094137158
0.7897225200933086
0.4691998808553984
0.2625086902893551
0.24900442544224022
0.27410582574925924
0.3669227272603941
0.3964800551419736
0.396244818336991
0.3320848573343923
0.22085670160295426
0.0033650328534875484
-0.4538405267660124
-0.9110460863855123
-1.3682516460050125
-1.8254572056245122
-2.2826627652440123
-2.0209807844544723
-1.894712712157589
-2.006143723148282
-2.077180123748463
-2.0983624696445307
-2.177023316907544
-2.250800361966083
-2.3024263908612634
-2.377959665365403
-2.4494672117156875
-2.5236179406659787
-2.595424759759958
-2.6731680454340054
-2.752524787334381
-2.827110396729187
-2.911263945000401
-2.9910388887677173
-3.077090098819015
-3.164842247502637
-3.2539140105570517
-3.348444273931597
-3.43804993680607
-3.531941188259238
-3.6209813170108576
-3.707470080815514
-3.800867022157259
-3.893488474020585
-4.007657448483868
-4.1375460025179045
-4.288272108774913
-4.461513056967502
-4.643247621263252
-4.822049035043742
-4.98976716272295
-5.138427265672754
-5.267011212747189
-5.375243763079939
-5.467251690546899
-5.545347196579932
-5.613707455733551
-5.675816779424458
-5.732641408055932
-5.7870097347804235
-5.838325285190323
-5.8887282551217455
-5.939201552517468
-5.988367151624375
-6.036868916091187
-6.078306248079661
-6.122610554699695
-6.163926490285
-6.201624545574354
-6.237117178214932
-6.271514043913841
-6.305740163709583
-6.339936254910803
-6.374127633325745
-6.408315961840625
-6.439414151060181
-6.464130420246153
-6.488845814106098
-6.513560579952321
-6.538274970678927
-6.56298919336286
-6.587703360412561
-6.612417513053529
-6.640323823460006
-6.676900268229565
-6.713676589201988
-6.751190891529742
-6.788705193857496
-6.826219496185249
-6.860836519396852
-6.8953425993681385
-6.925406811348079
-6.945727058442277
-6.9660473055364776
-6.988780981371541
-7.016808908398026
-7.044836835424508
-7.07286476245099
-7.100892689477476
-7.144626366077432
-7.188961450646598
-7.226346294525483
-7.2380695140029125
-7.249792733480339
-7.269480746292736
-7.294194560326231
-7.318908374359715
-7.343622188393198
-7.384605002752773
-7.427135752484818
-7.466285662035829
-7.504386125337456
-7.54248658863907
-7.5805872871969076
-7.618688168271343
-7.656789049345764
-7.694889930420188
-7.7329908114946155
-7.77109169256904
-7.809192573643465
-7.847293454717885
-7.885394335792306
-7.923495216866733
-7.961596097941175
-7.999696979015618
-8.037797860090244
-8.07589874116469
-8.113999622239131
-8.152100503313573
-8.190201384388018
-8.22830226546246
-8.266403146536906
-8.304504027611348
-8.342606122582229
-8.380716305511683
-8.418836161178536
-8.456950703676224
-8.495053977709368
-8.533158457286145
-8.571267646777692
-8.609373164322186
-8.647476410866275
-8.68559597822739
-8.723737437847483
-8.761886194461098
-8.800056385912637
-8.838264242060493
-8.876481448502215
-8.914716198861129
-8.953021483369135
-8.991322633770505
-9.029508831188267
-9.066627433290424
-9.10345796362424
-9.14200224990968