3.2613996586198484
3.2613996586198484
3.2613996586198484
3.2613996586198484
3.2613996586198484
3.2613996586198484
3.2613996586198484
3.2613996586198484
3.2613996586198484
3.2613996586198484
3.2613996586198484
3.2613996586198484
3.2613996586198484
3.2613996586198484
3.2613996586198484
3.2613996586198484
3.2613996586198484
3.2613996586198484
3.2613996586198484
3.2613996586198484
3.2613996586198484
3.2613996586198484
3.2613996586198484
3.2613996586198484
3.2613996586198484
3.2613996586198484
3.2613996586198484
3.3250929073294646
3.3250929073294646
3.2613996586198484
3.2613996586198484
3.2613996586198484
3.2613996586198484
3.2613996586198484
3.2613996586198484
3.239438725246968
3.239438725246968
2.9632193001590306
3.017196759889986
3.3050643601897427
3.204815537397434
3.2232531808207296
3.349835702735235
2.9409339256364966
2.600469498086297
2.6431832626179643
2.6695587596240093
2.8612762562642766
3.052993752904544
2.7417025180077665
3.1796468575049968
3.224808681062533
3.0330911844222657
3.0375454184633712
3.2292629151036394
3.426801491215346
3.569567114172373
3.7216409216685857
3.624115297580283
3.4893158544097487
3.4034948083502083
3.4359204403992827
3.486888990117726
3.434010176862044
3.398579925383334
3.3548875886680243
3.2777084210705647
3.1977210550261725
3.128569958666291
3.050853873259179
2.9785781675283456
2.893558905938229
2.822047962496831
2.727582019888337
2.6780636530078707
2.5800399599623285
2.5750430317978363
2.4807587843620835
2.5505501286661625
2.4642354076292365
2.389106381470331
2.3117593002162904
2.208500478259695
2.1359062794449506
2.0154420260081043
1.9489361361201878
1.822947734409998
1.7656301574465085
1.637623770195319
1.590721049995514
1.4696857444112001
1.4269112415144694
1.3027350052607534
1.2613184762518954
1.1337929104376048
1.1137284957326048
0.9793162407823095
0.7903318033518969
0.7897061348770824
0.46920753534696674
0.2625348283914949
0.2490142609234323
0.27410657120377546
0.36692286588379985
0.3964800739318667
0.396244818336991
0.3320848573343923
0.22085670160295426
0.0033650328534875554
-0.4538405267660124
-0.9110460863855123
-1.3682516460050125
-1.8254572056245122
-2.2826627652440123
-2.0458594400344103
-1.8905280943139575
-2.016349681144877
-2.080804596828899
-2.1051852791859758
-2.188020131401385
-2.2583890409441674
-2.3091011877791794
-2.3858117814273587
-2.455958215347621
-2.528856849810767
-2.600450415960379
-2.677550043878594
-2.7558314318007793
-2.8297610531140642
-2.913152874999925
-2.9917709231403404
-3.0766741822061596
-3.1632625386739153
-3.251332497929033
-3.345073558817754
-3.4342041008526127
-3.5278274673535543
-3.6166758999739956
-3.7029585279895496
-3.7956259389574365
-3.8870569505398835
-3.9996972098649004
-4.12798615942215
-4.277886749953904
-4.451214047879443
-4.633751047092227
-4.814283613131959
-4.984423804454202
-5.135194191463008
-5.2650629464155205
-5.37412871936229
-5.466764515470298
-5.545209798284433
-5.613679842750023
-5.675806502586146
-5.732636342156391
-5.787007316136681
-5.83832396284574
-5.88872757284678
-5.939201283047262
-5.988367059453846
-6.036868891755549
-6.078306244041462
-6.122610554439643
-6.163926490285
-6.201624545574354
-6.237117178214932
-6.271514043913841
-6.305740163709583
-6.339936254910803
-6.374127633325745
-6.408315961840625
-6.439414151060181
-6.464130420246153
-6.488845814106098
-6.513560579952321
-6.538274970678927
-6.56298919336286
-6.587703360412561
-6.612417513053529
-6.640323823460006
-6.676900268229565
-6.713676589201988
-6.751190891529742
-6.788705193857496
-6.826219496185249
-6.860836519396852
-6.8953425993681385
-6.925406811348079
-6.945727058442277
-6.9660473055364776
-6.988780981371541
-7.016808908398026
-7.044836835424508
-7.07286476245099
-7.100892689477476
-7.144626366077432
-7.188961450646598
-7.226346294525483
-7.2380695140029125
-7.249792733480339
-7.269480746292736
-7.294194560326231
-7.318908374359715
-7.343622188393198
-7.384605002752773
-7.427135752484818
-7.466285662035829
-7.504386125337456
-7.54248658863907
-7.5805872871969076
-7.618688168271343
-7.656789049345764
-7.694889930420188
-7.7329908114946155
-7.77109169256904
-7.809192573643465
-7.847293454717885
-7.885394335792306
-7.923495216866733
-7.961596097941175
-7.999696979015618
-8.037797860090244
-8.07589874116469
-8.113999622239131
-8.152100503313573
-8.190201384388018
-8.22830226546246
-8.266403146536906
-8.304504027611348
-8.342606122582229
-8.380716305511683
-8.418836161178536
-8.456950703676224
-8.495053977709368
-8.533158457286145
-8.571267646777692
-8.609373164322186
-8.647476410866275
-8.68559597822739
-8.723737437847483
-8.761886194461098
-8.800056385912637
-8.838264242060493
-8.876481448502215
-8.914716198861129
-8.953021483369135
-8.991322633770505
-9.029508831188267
-9.066627433290424
-9.10345796362424
-9.14200224990968