3.2613996586198484
3.2613996586198484
3.2613996586198484
3.2613996586198484
3.2613996586198484
3.2613996586198484
3.2613996586198484
3.2613996586198484
3.2613996586198484
3.2613996586198484
3.2613996586198484
3.2613996586198484
3.2613996586198484
3.2613996586198484
3.2613996586198484
3.2613996586198484
3.2613996586198484
3.2613996586198484
3.2613996586198484
3.2613996586198484
3.2613996586198484
3.2613996586198484
3.2613996586198484
3.2613996586198484
3.2613996586198484
3.2613996586198484
3.2613996586198484
3.3250929073294646
3.3250929073294646
3.2613996586198484
3.2613996586198484
3.2613996586198484
3.2613996586198484
3.2613996586198484
3.2613996586198484
3.239438725246968
3.239438725246968
2.9632193001590306
3.017196759889986
3.3050643601897427
3.204815537397434
3.2232531808207296
3.349835702735235
2.9409339256364966
2.600469498086297
2.6431832626179643
2.6695587596240093
2.8612762562642766
3.052993752904544
2.7417025180077665
3.1796468575049968
3.224808681062533
3.0330911844222657
3.0375454184633712
3.2292629151036394
3.426801491215346
3.569567114172373
3.7216409216685857
3.624115297580283
3.4893158544097487
3.4034948083502083
3.4359204403992827
3.486888990117726
3.434010176862044
3.398579925383334
3.3548875886680243
3.2777084210705647
3.1977210550261725
3.128569958666291
3.050853873259179
2.9785781675283456
2.893558905938229
2.822047962496831
2.727582019888337
2.6780636530078707
2.5800399599623285
2.5750430317978363
2.4807587843620835
2.5505501286661625
2.4642354076292365
2.389106381470331
2.3117593002162904
2.208500478259695
2.1359062794449506
2.0154420260081043
1.9489361361201878
1.822947734409998
1.7656301574465085
1.637623770195319
1.5907052512615407
1.4696225973061245
1.4268307632960011
1.3025964443998013
1.2612032734339547
1.1337246436979176
1.1134135470318498
0.9791840375947353
0.7902612488583006
0.789505929495221
0.46958925236572696
0.2629412935659202
0.24902862232678227
0.2741082977532996
0.3669230332178737
0.3964800739318667
0.396244818336991
0.3320848573343923
0.22085670160295426
0.0033650328534875484
-0.4538405267660124
-0.9110460863855123
-1.3682516460050125
-1.8254572056245122
-2.2826627652440123
-2.1015536726223325
-1.8840900145740815
-2.0377455908910904
-2.0863347316994028
-2.115840420206435
-2.204592543250379
-2.267901195210051
-2.317949529817642
-2.396208658703689
-2.462934992461021
-2.53352823385579
-2.604495677929483
-2.679983664808981
-2.756188833275292
-2.828834619032832
-2.910797314557171
-2.9876499773461185
-3.071058360918984
-3.1561136932325238
-3.24290090657731
-3.335813872125977
-3.4247735809530875
-3.518632697045867
-3.607828240981276
-3.6945490825989973
-3.787125756000567
-3.878051510305772
-3.9898853225219244
-4.117368589523981
-4.2674871287868275
-4.441929299856051
-4.626170743053524
-4.808916028034305
-4.981058409033794
-5.13330481324729
-5.2642513341702095
-5.373916708637207
-5.466729145055553
-5.545195571938614
-5.613672043931173
-5.675802616443926
-5.732634566696569
-5.787006457651377
-5.838323537608785
-5.8887274092746145
-5.939201240209075
-5.988367052710797
-6.036868891411574
-6.078306244041462
-6.122610554439644
-6.163926490285
-6.201624545574354
-6.237117178214932
-6.271514043913841
-6.305740163709583
-6.339936254910803
-6.374127633325745
-6.408315961840625
-6.439414151060181
-6.464130420246153
-6.488845814106098
-6.513560579952321
-6.538274970678927
-6.56298919336286
-6.587703360412561
-6.612417513053529
-6.640323823460006
-6.676900268229565
-6.713676589201988
-6.751190891529742
-6.788705193857496
-6.826219496185249
-6.860836519396852
-6.8953425993681385
-6.925406811348079
-6.945727058442277
-6.9660473055364776
-6.988780981371541
-7.016808908398026
-7.044836835424508
-7.07286476245099
-7.100892689477476
-7.144626366077432
-7.188961450646598
-7.226346294525483
-7.2380695140029125
-7.249792733480339
-7.269480746292736
-7.294194560326231
-7.318908374359715
-7.343622188393198
-7.384605002752773
-7.427135752484819
-7.46628566203583
-7.504386125337456
-7.54248658863907
-7.5805872871969076
-7.618688168271344
-7.656789049345765
-7.694889930420189
-7.732990811494616
-7.7710916925690405
-7.809192573643465
-7.847293454717885
-7.885394335792306
-7.9234952168667325
-7.961596097941171
-7.999696979015611
-8.037797860090244
-8.07589874116469
-8.113999622239131
-8.152100503313573
-8.190201384388018
-8.22830226546246
-8.266403146536906
-8.304504027611348
-8.342606122582229
-8.380716305511683
-8.418836161178536
-8.456950703676224
-8.495053977709368
-8.533158457286145
-8.571267646777692
-8.609373164322186
-8.647476410866275
-8.68559597822739
-8.723737437847483
-8.761886194461098
-8.800056385912637
-8.838264242060493
-8.876481448502215
-8.914716198861129
-8.953021483369135
-8.991322633770505
-9.029508831188267
-9.066627433290424
-9.10345796362424
-9.14200224990968