3.2613996586198484
3.2613996586198484
3.2613996586198484
3.2613996586198484
3.2613996586198484
3.2613996586198484
3.2613996586198484
3.2613996586198484
3.2613996586198484
3.2613996586198484
3.2613996586198484
3.2613996586198484
3.2613996586198484
3.2613996586198484
3.2613996586198484
3.2613996586198484
3.2613996586198484
3.2613996586198484
3.2613996586198484
3.2613996586198484
3.2613996586198484
3.2613996586198484
3.2613996586198484
3.2613996586198484
3.2613996586198484
3.2613996586198484
3.2613996586198484
3.3250929073294646
3.3250929073294646
3.2613996586198484
3.2613996586198484
3.2613996586198484
3.2613996586198484
3.2613996586198484
3.2613996586198484
3.239438725246968
3.239438725246968
2.9632193001590306
3.017196759889986
3.3050643601897427
3.204815537397434
3.2232531808207296
3.349835702735235
2.9409339256364966
2.600469498086297
2.6431832626179643
2.6695587596240093
2.8612762562642766
3.052993752904544
2.7417025180077665
3.1796468575049968
3.224808681062533
3.0330911844222657
3.0375454184633712
3.2292629151036394
3.426801491215346
3.569567114172373
3.7216409216685857
3.624115297580283
3.4893158544097487
3.4034948083502083
3.4359204403992827
3.486888990117726
3.434010176862044
3.398579925383334
3.3548875886680243
3.2777084210705647
3.1977210550261725
3.128569958666291
3.050853873259179
2.9785781675283456
2.893558905938229
2.822047962496831
2.727582019888337
2.6780636530078707
2.5800399599623285
2.5750430317978363
2.4807587843620835
2.5505501286661625
2.4642354076292365
2.389106381470331
2.3117593002162904
2.208500478259695
2.1359062794449506
2.0154420260081043
1.9489361361201878
1.8229477344099982
1.7656301574465085
1.6376237701953191
1.5907052512615407
1.4695330693933486
1.4266695088755954
1.3022750420484157
1.2609235892286832
1.133527415525606
1.1126232733842016
0.9788466451045332
0.7900388625563146
0.7889743256145192
0.47054521825483286
0.26397291696819536
0.24907263702232876
0.27411368591962515
0.3669235631451687
0.3964800739318667
0.396244818336991
0.3320848573343923
0.22085670160295426
0.0033650328534875484
-0.4538405267660124
-0.9110460863855123
-1.3682516460050125
-1.8254572056245122
-2.2826627652440123
-2.131319699345029
-1.8830528961502715
-2.049887072690796
-2.089099064108206
-2.121644234009571
-2.212842732477422
-2.272445084370316
-2.322983527398727
-2.402028280833065
-2.466971797798761
-2.5367663964295906
-2.607503780323344
-2.682090278541288
-2.757332797076971
-2.8294319844800806
-2.9106513512673424
-2.9865073309002126
-3.069017028481897
-3.1531458885922627
-3.239106410249377
-3.3313489593809433
-3.4199322970632777
-3.513672219888513
-3.602858144881917
-3.68959677871692
-3.7818998462742948
-3.872328680913495
-3.983469325481742
-4.110250859629272
-4.260271987163772
-4.435252002288541
-4.620557772629108
-4.804797039052693
-4.978388818199915
-5.131852077982629
-5.263714132043669
-5.373797698032733
-5.4667002978092665
-5.54518502709749
-5.613666269777929
-5.675799788590335
-5.73263324286923
-5.78700574599124
-5.83832318776618
-5.888727293123404
-5.939201212676584
-5.988367048862098
-6.0368688910675985
-6.078306244041462
-6.122610554439644
-6.163926490285
-6.201624545574354
-6.237117178214932
-6.271514043913841
-6.305740163709583
-6.339936254910803
-6.374127633325745
-6.408315961840625
-6.439414151060181
-6.464130420246153
-6.488845814106098
-6.513560579952321
-6.538274970678927
-6.56298919336286
-6.587703360412561
-6.612417513053529
-6.640323823460006
-6.676900268229565
-6.713676589201988
-6.751190891529742
-6.788705193857496
-6.826219496185249
-6.860836519396852
-6.8953425993681385
-6.925406811348079
-6.945727058442277
-6.9660473055364776
-6.988780981371541
-7.016808908398026
-7.044836835424508
-7.07286476245099
-7.100892689477476
-7.144626366077432
-7.188961450646598
-7.226346294525483
-7.2380695140029125
-7.249792733480339
-7.269480746292736
-7.294194560326231
-7.318908374359715
-7.343622188393198
-7.384605002752773
-7.427135752484819
-7.46628566203583
-7.504386125337456
-7.54248658863907
-7.5805872871969076
-7.618688168271344
-7.656789049345765
-7.694889930420189
-7.732990811494616
-7.7710916925690405
-7.809192573643465
-7.8472934547178825
-7.8853943357922995
-7.923495216866724
-7.961596097941162
-7.999696979015602
-8.037797860090244
-8.07589874116469
-8.113999622239131
-8.152100503313573
-8.190201384388018
-8.22830226546246
-8.266403146536906
-8.304504027611348
-8.342606122582229
-8.380716305511683
-8.418836161178536
-8.456950703676224
-8.495053977709368
-8.533158457286145
-8.571267646777692
-8.609373164322186
-8.647476410866275
-8.68559597822739
-8.723737437847483
-8.761886194461098
-8.800056385912637
-8.838264242060493
-8.876481448502215
-8.914716198861129
-8.953021483369135
-8.991322633770505
-9.029508831188267
-9.066627433290424
-9.10345796362424
-9.14200224990968