3.2613996586198484
3.2613996586198484
3.2613996586198484
3.2613996586198484
3.2613996586198484
3.2613996586198484
3.2613996586198484
3.2613996586198484
3.2613996586198484
3.2613996586198484
3.2613996586198484
3.2613996586198484
3.2613996586198484
3.2613996586198484
3.2613996586198484
3.2613996586198484
3.2613996586198484
3.2613996586198484
3.2613996586198484
3.2613996586198484
3.2613996586198484
3.2613996586198484
3.2613996586198484
3.2613996586198484
3.2613996586198484
3.2613996586198484
3.2613996586198484
3.3250929073294646
3.3250929073294646
3.2613996586198484
3.2613996586198484
3.2613996586198484
3.2613996586198484
3.2613996586198484
3.2613996586198484
3.239438725246968
3.239438725246968
2.9632193001590306
3.017196759889986
3.3050643601897427
3.204815537397434
3.2232531808207296
3.349835702735235
2.9409339256364966
2.600469498086297
2.6431832626179643
2.6695587596240093
2.8612762562642766
3.052993752904544
2.7417025180077665
3.1796468575049968
3.224808681062533
3.0330911844222657
3.0375454184633712
3.2292629151036394
3.426801491215346
3.569567114172373
3.7216409216685857
3.624115297580283
3.4893158544097487
3.4034948083502083
3.4359204403992827
3.486888990117726
3.434010176862044
3.398579925383334
3.3548875886680243
3.2777084210705647
3.1977210550261725
3.128569958666291
3.050853873259179
2.9785781675283456
2.893558905938229
2.822047962496831
2.727582019888337
2.6780636530078707
2.5800399599623285
2.5750430317978363
2.4807587843620835
2.5505501286661625
2.4642354076292365
2.389106381470331
2.3117593002162904
2.208500478259695
2.1359062794449506
2.0154420260081043
1.9489343569296194
1.8229335946278657
1.765585173438993
1.6374881577519051
1.5905400693092724
1.469236881533796
1.4263405708713026
1.301825849854111
1.2605876963293239
1.1334462093413686
1.1118754535116535
0.9752452266693711
0.7834470816617465
0.7883142772854907
0.47766623920732554
0.2685129125791829
0.249519846685527
0.27417603950827224
0.36693448563014935
0.3964815603446919
0.3962450761070827
0.3320848573343923
0.22085670160295426
0.0033650328534875484
-0.4538405267660124
-0.9110460863855123
-1.3682516460050125
-1.8254572056245122
-2.2826627652440123
-2.162852235968221
-1.8831511150650726
-2.0623509476540214
-2.0912714125247307
-2.127213402796404
-2.2204933219536387
-2.276338210498236
-2.327787945212223
-2.407438286843424
-2.4705278455236006
-2.5397256930255847
-2.610300193026017
-2.6840157569255756
-2.7583822535297995
-2.8299893814804875
-2.9104852333343425
-2.9854121450503626
-3.0671234665960148
-3.150375631299562
-3.2355082138512423
-3.3270806028063316
-3.4152885099973656
-3.50886204791753
-3.59796696831575
-3.684690777293758
-3.7767233333416526
-3.866712697574334
-3.97726910456691
-4.103341270905113
-4.253008178013157
-4.428228929448431
-4.614448558911217
-4.800205542341347
-4.9756168467022155
-5.130644788220579
-5.263337006585859
-5.373694988022572
-5.466674231835334
-5.545175025485402
-5.613660923165825
-5.67579713152511
-5.73263187573312
-5.787005030144462
-5.838322886555322
-5.888727203586809
-5.9392011930717095
-5.988367045737992
-6.0368688908155494
-6.078306244041462
-6.122610554439644
-6.163926490285
-6.201624545574354
-6.237117178214932
-6.271514043913841
-6.305740163709583
-6.339936254910803
-6.374127633325745
-6.408315961840625
-6.439414151060181
-6.464130420246153
-6.488845814106098
-6.513560579952321
-6.538274970678927
-6.56298919336286
-6.587703360412561
-6.612417513053529
-6.640323823460006
-6.676900268229565
-6.713676589201988
-6.751190891529742
-6.788705193857496
-6.826219496185249
-6.860836519396852
-6.8953425993681385
-6.925406811348079
-6.945727058442277
-6.9660473055364776
-6.988780981371541
-7.016808908398026
-7.044836835424508
-7.07286476245099
-7.100892689477476
-7.144626366077432
-7.188961450646598
-7.226346294525483
-7.2380695140029125
-7.249792733480339
-7.269480746292736
-7.294194560326231
-7.318908374359715
-7.343622188393198
-7.384605002752773
-7.427135752484819
-7.46628566203583
-7.504386125337456
-7.54248658863907
-7.5805872871969076
-7.618688168271344
-7.656789049345765
-7.694889930420189
-7.732990811494614
-7.771091692569034
-7.809192573643457
-7.847293454717874
-7.885394335792291
-7.923495216866715
-7.961596097941153
-7.999696979015593
-8.037797860090244
-8.07589874116469
-8.113999622239131
-8.152100503313573
-8.190201384388018
-8.22830226546246
-8.266403146536906
-8.304504027611348
-8.342606122582229
-8.380716305511683
-8.418836161178536
-8.456950703676224
-8.495053977709368
-8.533158457286145
-8.571267646777692
-8.609373164322186
-8.647476410866275
-8.68559597822739
-8.723737437847483
-8.761886194461098
-8.800056385912637
-8.838264242060493
-8.876481448502215
-8.914716198861129
-8.953021483369135
-8.991322633770505
-9.029508831188267
-9.066627433290424
-9.10345796362424
-9.14200224990968