3.2613996586198484
3.2613996586198484
3.2613996586198484
3.2613996586198484
3.2613996586198484
3.2613996586198484
3.2613996586198484
3.2613996586198484
3.2613996586198484
3.2613996586198484
3.2613996586198484
3.2613996586198484
3.2613996586198484
3.2613996586198484
3.2613996586198484
3.2613996586198484
3.2613996586198484
3.2613996586198484
3.2613996586198484
3.2613996586198484
3.2613996586198484
3.2613996586198484
3.2613996586198484
3.2613996586198484
3.2613996586198484
3.2613996586198484
3.2613996586198484
3.3250929073294646
3.3250929073294646
3.2613996586198484
3.2613996586198484
3.2613996586198484
3.2613996586198484
3.2613996586198484
3.2613996586198484
3.239438725246968
3.239438725246968
2.9632193001590306
3.017196759889986
3.3050643601897427
3.204815537397434
3.2232531808207296
3.349835702735235
2.9409339256364966
2.600469498086297
2.6431832626179643
2.6695587596240093
2.8612762562642766
3.052993752904544
2.7417025180077665
3.1796468575049968
3.224808681062533
3.0330911844222657
3.0375454184633712
3.2292629151036394
3.426801491215346
3.569567114172373
3.7216409216685857
3.624115297580283
3.4893158544097487
3.4034948083502083
3.4359204403992827
3.486888990117726
3.434010176862044
3.398579925383334
3.3548875886680243
3.2777084210705647
3.1977210550261725
3.128569958666291
3.050853873259179
2.9785781675283456
2.893558905938229
2.822047962496831
2.727582019888337
2.6780636530078707
2.5800399599623285
2.5750430317978363
2.4807587843620835
2.5505501286661625
2.4642354076292365
2.389106381470331
2.3117593002162904
2.208500478259695
2.1359062794449506
2.0154420260081043
1.9489343569296194
1.8229335946278657
1.7655826410752709
1.6374737294028507
1.5905202957672424
1.469157711902241
1.4262425568679917
1.3016638989333795
1.2604525947804663
1.1333657949387068
1.1115293368182928
0.97346528935187
0.7802842976891695
0.7882118570913066
0.4810782498306842
0.2704814093686722
0.2496414639998142
0.2741926596222177
0.36694043920500224
0.396399978219814
0.396244818336991
0.3320848573343923
0.22085670160295426
0.0033650328534875484
-0.4538405267660124
-0.9110460863855123
-1.3682516460050125
-1.8254572056245122
-2.2826627652440123
-2.1938440098284313
-1.8812031747276756
-2.071948269062828
-2.0915359771791793
-2.129653968777571
-2.2240108743915528
-2.276558684047478
-2.3286890297904512
-2.4085284665711897
-2.4700781979030273
-2.538907917281876
-2.609319107990734
-2.6824048163923684
-2.7563202525763004
-2.827797476337284
-2.908050397925189
-2.9826568990179005
-3.064207850220398
-3.147343565206982
-3.232469101026621
-3.324147599502209
-3.412525850576337
-3.5062605934781432
-3.5955120062273243
-3.682423790039321
-3.7745737502405214
-3.864642677761553
-3.9752734876713904
-4.101329521348925
-4.251120392138911
-4.42698126168644
-4.614018792990345
-4.800154732722418
-4.9756098675868214
-5.130640776672245
-5.263334721781311
-5.373693709999358
-5.4666735448102965
-5.545174692975189
-5.61366079837754
-5.675797101906972
-5.7326318705526145
-5.787005028729098
-5.838322886555322
-5.888727203586809
-5.9392011930717095
-5.988367045737992
-6.0368688908155494
-6.078306244041462
-6.122610554439644
-6.163926490285
-6.201624545574354
-6.237117178214932
-6.271514043913841
-6.305740163709583
-6.339936254910803
-6.374127633325745
-6.408315961840625
-6.439414151060181
-6.464130420246153
-6.488845814106098
-6.513560579952321
-6.538274970678927
-6.56298919336286
-6.587703360412561
-6.612417513053529
-6.640323823460006
-6.676900268229565
-6.713676589201988
-6.751190891529742
-6.788705193857496
-6.826219496185249
-6.860836519396852
-6.8953425993681385
-6.925406811348079
-6.945727058442277
-6.9660473055364776
-6.988780981371541
-7.016808908398026
-7.044836835424508
-7.07286476245099
-7.100892689477476
-7.144626366077432
-7.188961450646598
-7.226346294525483
-7.2380695140029125
-7.249792733480339
-7.269480746292736
-7.294194560326231
-7.318908374359715
-7.343622188393198
-7.384605002752773
-7.427135752484819
-7.46628566203583
-7.504386125337456
-7.54248658863907
-7.5805872871969076
-7.618688168271343
-7.65678904934576
-7.694889930420181
-7.732990811494605
-7.771091692569025
-7.809192573643448
-7.847293454717865
-7.885394335792282
-7.923495216866706
-7.961596097941144
-7.999696979015584
-8.037797860090244
-8.07589874116469
-8.113999622239131
-8.152100503313573
-8.190201384388018
-8.22830226546246
-8.266403146536906
-8.304504027611348
-8.342606122582229
-8.380716305511683
-8.418836161178536
-8.456950703676224
-8.495053977709368
-8.533158457286145
-8.571267646777692
-8.609373164322186
-8.647476410866275
-8.68559597822739
-8.723737437847483
-8.761886194461098
-8.800056385912637
-8.838264242060493
-8.876481448502215
-8.914716198861129
-8.953021483369135
-8.991322633770505
-9.029508831188267
-9.066627433290424
-9.10345796362424
-9.14200224990968