3.2613996586198484
3.2613996586198484
3.2613996586198484
3.2613996586198484
3.2613996586198484
3.2613996586198484
3.2613996586198484
3.2613996586198484
3.2613996586198484
3.2613996586198484
3.2613996586198484
3.2613996586198484
3.2613996586198484
3.2613996586198484
3.2613996586198484
3.2613996586198484
3.2613996586198484
3.2613996586198484
3.2613996586198484
3.2613996586198484
3.2613996586198484
3.2613996586198484
3.2613996586198484
3.2613996586198484
3.2613996586198484
3.2613996586198484
3.2613996586198484
3.3250929073294646
3.3250929073294646
3.2613996586198484
3.2613996586198484
3.2613996586198484
3.2613996586198484
3.2613996586198484
3.2613996586198484
3.239438725246968
3.239438725246968
2.9632193001590306
3.017196759889986
3.3050643601897427
3.204815537397434
3.2232531808207296
3.349835702735235
2.9409339256364966
2.600469498086297
2.6431832626179643
2.6695587596240093
2.8612762562642766
3.052993752904544
2.7417025180077665
3.1796468575049968
3.224808681062533
3.0330911844222657
3.0375454184633712
3.2292629151036394
3.426801491215346
3.569567114172373
3.7216409216685857
3.624115297580283
3.4893158544097487
3.4034948083502083
3.4359204403992827
3.486888990117726
3.434010176862044
3.398579925383334
3.3548875886680243
3.2777084210705647
3.1977210550261725
3.128569958666291
3.050853873259179
2.9785781675283456
2.893558905938229
2.822047962496831
2.727582019888337
2.6780636530078707
2.5800399599623285
2.5750430317978363
2.4807587843620835
2.5505501286661625
2.4642354076292365
2.389106381470331
2.3117593002162904
2.208500478259695
2.1359051399650304
2.0154318840909977
1.9489185907051476
1.8228988341288779
1.7655411036272952
1.6374052108578399
1.590399658919345
1.468888963645948
1.425924807870269
1.301178274466599
1.2600582892779726
1.1331681251157912
1.1105121864974632
0.9727041823478428
0.779824819028365
0.7880341654556133
0.4826391230898368
0.27174990319817205
0.24970194509796442
0.27420242445568566
0.36690702616713705
0.396244818336991
0.396244818336991
0.3320848573343923
0.22085670160295426
0.0033650328534875484
-0.4538405267660124
-0.9110460863855123
-1.3682516460050125
-1.8254572056245122
-2.2826627652440123
-2.225480767484341
-1.8796352784717547
-2.08132405153463
-2.0913905767759067
-2.1318244618049276
-2.2269756778982117
-2.2762823594395822
-2.329291638702536
-2.4091938234540855
-2.46921588538375
-2.5377800348150608
-2.608038179768538
-2.6805342822977627
-2.75406192192662
-2.8254175601791403
-2.9054431760064756
-2.979812677559973
-3.061314669660005
-3.144402025854731
-3.229510781314632
-3.3212542142034147
-3.4098155309147034
-3.5037923531272925
-3.5932713227567907
-3.6804062273619578
-3.7727008046892894
-3.8628813637383455
-3.973556836222735
-4.099636009629799
-4.249769663166876
-4.426295855603346
-4.613854828318164
-4.800147370141783
-4.975605611071372
-5.130638335879812
-5.2633333397094315
-5.373692951949506
-5.466673163462128
-5.545174524330445
-5.613660726990895
-5.67579707388972
-5.732631864529807
-5.787005028729098
-5.838322886555322
-5.888727203586809
-5.9392011930717095
-5.988367045737992
-6.0368688908155494
-6.078306244041462
-6.122610554439644
-6.163926490285
-6.201624545574354
-6.237117178214932
-6.271514043913841
-6.305740163709583
-6.339936254910803
-6.374127633325745
-6.408315961840625
-6.439414151060181
-6.464130420246153
-6.488845814106098
-6.513560579952321
-6.538274970678927
-6.56298919336286
-6.587703360412561
-6.612417513053529
-6.640323823460006
-6.676900268229565
-6.713676589201988
-6.751190891529742
-6.788705193857496
-6.826219496185249
-6.860836519396852
-6.8953425993681385
-6.925406811348079
-6.945727058442277
-6.9660473055364776
-6.988780981371541
-7.016808908398026
-7.044836835424508
-7.07286476245099
-7.100892689477476
-7.144626366077432
-7.188961450646598
-7.226346294525483
-7.2380695140029125
-7.249792733480339
-7.269480746292736
-7.294194560326231
-7.318908374359715
-7.343622188393198
-7.384605002752773
-7.427135752484819
-7.46628566203583
-7.504386125337456
-7.542486588639068
-7.580587287196906
-7.6186881682713405
-7.6567890493457575
-7.694889930420178
-7.732990811494602
-7.771091692569023
-7.809192573643445
-7.847293454717862
-7.885394335792279
-7.923495216866703
-7.9615960979411415
-7.999696979015582
-8.037797860090244
-8.07589874116469
-8.113999622239131
-8.152100503313573
-8.190201384388018
-8.22830226546246
-8.266403146536906
-8.304504027611348
-8.342606122582229
-8.380716305511683
-8.418836161178536
-8.456950703676224
-8.495053977709368
-8.533158457286145
-8.571267646777692
-8.609373164322186
-8.647476410866275
-8.68559597822739
-8.723737437847483
-8.761886194461098
-8.800056385912637
-8.838264242060493
-8.876481448502215
-8.914716198861129
-8.953021483369135
-8.991322633770505
-9.029508831188267
-9.066627433290424
-9.10345796362424
-9.14200224990968