3.2613996586198484
3.2613996586198484
3.2613996586198484
3.2613996586198484
3.2613996586198484
3.2613996586198484
3.2613996586198484
3.2613996586198484
3.2613996586198484
3.2613996586198484
3.2613996586198484
3.2613996586198484
3.2613996586198484
3.2613996586198484
3.2613996586198484
3.2613996586198484
3.2613996586198484
3.2613996586198484
3.2613996586198484
3.2613996586198484
3.2613996586198484
3.2613996586198484
3.2613996586198484
3.2613996586198484
3.2613996586198484
3.2613996586198484
3.2613996586198484
3.3250929073294646
3.3250929073294646
3.2613996586198484
3.2613996586198484
3.2613996586198484
3.2613996586198484
3.2613996586198484
3.2613996586198484
3.239438725246968
3.239438725246968
2.9632193001590306
3.017196759889986
3.3050643601897427
3.204815537397434
3.2232531808207296
3.349835702735235
2.9409339256364966
2.600469498086297
2.6431832626179643
2.6695587596240093
2.8612762562642766
3.052993752904544
2.7417025180077665
3.1796468575049968
3.224808681062533
3.0330911844222657
3.0375454184633712
3.2292629151036394
3.426801491215346
3.569567114172373
3.7216409216685857
3.624115297580283
3.4893158544097487
3.4034948083502083
3.4359204403992827
3.486888990117726
3.434010176862044
3.398579925383334
3.3548875886680243
3.2777084210705647
3.1977210550261725
3.128569958666291
3.050853873259179
2.9785781675283456
2.893558905938229
2.822047962496831
2.727582019888337
2.6780636530078707
2.5800399599623285
2.5750430317978363
2.4807587843620835
2.5505501286661625
2.4642354076292365
2.3890970077950193
2.3117396492553923
2.208446483805732
2.13582335280578
2.015280753384677
1.9487478134716572
1.8226550877814394
1.7652960846454862
1.6371232287336182
1.5900953729863543
1.4684761289844641
1.4254897496989138
1.300694881816503
1.2595089657154273
1.132429613745209
1.10917922354637
0.9728403140238079
0.7815582403325319
0.7883419619696183
0.4815692173407397
0.2717521334500882
0.250798748234582
0.27458753008331604
0.36690702616713705
0.396244818336991
0.396244818336991
0.3320848573343923
0.22085670160295426
0.0033650328534875484
-0.4538405267660124
-0.9110460863855123
-1.3682516460050125
-1.8254572056245122
-2.2826627652440123
-2.2602690663175578
-1.8805053605055773
-2.0933200176519198
-2.092268964855972
-2.135486119492673
-2.2312396942863804
-2.276960043094824
-2.3312140743333445
-2.411068943832869
-2.469397758881046
-2.537736896942058
-2.6076822608976036
-2.6793343170158948
-2.7522965118041127
-2.8233411835688025
-2.902885296730875
-2.976756210930154
-3.0579177128297266
-3.140619769443266
-3.2254422399541194
-3.3170792299914216
-3.4057202210571473
-3.499883886614337
-3.589604143712249
-3.6770286207664333
-3.7694493604659693
-3.859734018161125
-3.970654314228175
-4.096758285027674
-4.246825536586725
-4.42392577809197
-4.612461100971545
-4.799491526131622
-4.97541578532046
-5.130627179689966
-5.263326759563634
-5.373689177839962
-5.46667108693395
-5.5451733569667185
-5.613660035295007
-5.675796709942955
-5.732631715900298
-5.787004982130609
-5.838322878161707
-5.888727203586809
-5.93920119307171
-5.988367045737993
-6.0368688908155494
-6.078306244041462
-6.122610554439644
-6.163926490285
-6.201624545574354
-6.237117178214932
-6.271514043913841
-6.305740163709583
-6.339936254910803
-6.374127633325745
-6.408315961840625
-6.439414151060181
-6.464130420246153
-6.488845814106098
-6.513560579952321
-6.538274970678927
-6.56298919336286
-6.587703360412561
-6.612417513053529
-6.640323823460006
-6.676900268229565
-6.713676589201988
-6.751190891529742
-6.788705193857496
-6.826219496185249
-6.860836519396852
-6.8953425993681385
-6.925406811348079
-6.945727058442277
-6.9660473055364776
-6.988780981371541
-7.016808908398026
-7.044836835424508
-7.07286476245099
-7.100892689477476
-7.144626366077432
-7.188961450646598
-7.226346294525483
-7.2380695140029125
-7.249792733480339
-7.269480746292736
-7.294194560326231
-7.318908374359714
-7.343622188393197
-7.384605002752772
-7.427135752484818
-7.466285662035827
-7.5043861253374535
-7.542486588639066
-7.580587287196903
-7.618688168271338
-7.656789049345755
-7.694889930420175
-7.7329908114945995
-7.77109169256902
-7.809192573643442
-7.847293454717859
-7.885394335792276
-7.9234952168667006
-7.961596097941139
-7.999696979015579
-8.037797860090244
-8.07589874116469
-8.113999622239131
-8.152100503313573
-8.190201384388018
-8.22830226546246
-8.266403146536906
-8.304504027611348
-8.342606122582229
-8.380716305511683
-8.418836161178536
-8.456950703676224
-8.495053977709368
-8.533158457286145
-8.571267646777692
-8.609373164322186
-8.647476410866275
-8.68559597822739
-8.723737437847483
-8.761886194461098
-8.800056385912637
-8.838264242060493
-8.876481448502215
-8.914716198861129
-8.953021483369135
-8.991322633770505
-9.029508831188267
-9.066627433290424
-9.10345796362424
-9.14200224990968