3.2613996586198484
3.2613996586198484
3.2613996586198484
3.2613996586198484
3.2613996586198484
3.2613996586198484
3.2613996586198484
3.2613996586198484
3.2613996586198484
3.2613996586198484
3.2613996586198484
3.2613996586198484
3.2613996586198484
3.2613996586198484
3.2613996586198484
3.2613996586198484
3.2613996586198484
3.2613996586198484
3.2613996586198484
3.2613996586198484
3.2613996586198484
3.2613996586198484
3.2613996586198484
3.2613996586198484
3.2613996586198484
3.2613996586198484
3.2613996586198484
3.3250929073294646
3.3250929073294646
3.2613996586198484
3.2613996586198484
3.2613996586198484
3.2613996586198484
3.2613996586198484
3.2613996586198484
3.239438725246968
3.239438725246968
2.9632193001590306
3.017196759889986
3.3050643601897427
3.204815537397434
3.2232531808207296
3.349835702735235
2.9409339256364966
2.600469498086297
2.6431832626179643
2.6695587596240093
2.8612762562642766
3.052993752904544
2.7417025180077665
3.1796468575049968
3.224808681062533
3.0330911844222657
3.0375454184633712
3.2292629151036394
3.426801491215346
3.569567114172373
3.7216409216685857
3.624115297580283
3.4893158544097487
3.4034948083502083
3.4359204403992827
3.486888990117726
3.434010176862044
3.398579925383334
3.3548875886680243
3.2777084210705647
3.1977210550261725
3.128569958666291
3.050853873259179
2.9785781675283456
2.893558905938229
2.822047962496831
2.727582019888337
2.6780636530078707
2.5800399599623285
2.5750430317978363
2.4807587843620835
2.5505296338045524
2.464155086066251
2.3888792093413564
2.3114362893712426
2.207939156616775
2.1352553457725545
2.0145371719257503
1.9480004493082326
1.8217389418931624
1.764421916743656
1.6362303768242992
1.589125695830854
1.4671869239750572
1.4241034283650016
1.300798367591003
1.2572858702640488
1.1262400429035326
1.1049917877327105
0.9753580383965818
0.7871352946580893
0.7881971601550379
0.47662203337668574
0.27198762376277874
0.2559936708861419
0.2754602411879912
0.36690702616713705
0.396244818336991
0.396244818336991
0.3320848573343923
0.22085670160295426
0.0033650328534875484
-0.4538405267660124
-0.9110460863855123
-1.3682516460050125
-1.8254572056245122
-2.2826627652440123
-2.296143095111626
-1.8833062446478592
-2.1070188847369162
-2.0938524368264573
-2.140816310219741
-2.2370161027024276
-2.2789143921818136
-2.3348366596986474
-2.4144615343344773
-2.471006501729527
-2.539299004569889
-2.6089007480770623
-2.6796099289585826
-2.7519254961977646
-2.822518564583072
-2.9013716088089634
-2.974508137085221
-3.0550407071306136
-3.1370142116199604
-3.2212096468233966
-3.31236983501096
-3.400752353506019
-3.4948531543144408
-3.584643223548285
-3.672222432808252
-3.7646097910726115
-3.854772060231636
-3.965469198630531
-4.091215787086931
-4.241122482993761
-4.418543642426432
-4.608183174687235
-4.79685538674402
-4.974193516166797
-5.130225407311297
-5.263247012196354
-5.3736763048170335
-5.466663533706682
-5.5451686843145565
-5.6136572252127905
-5.675795187780837
-5.732630978346598
-5.787004682143711
-5.838322782992985
-5.888727182624276
-5.93920119070169
-5.988367045737993
-6.0368688908155494
-6.078306244041462
-6.122610554439644
-6.163926490285
-6.201624545574354
-6.237117178214932
-6.271514043913841
-6.305740163709583
-6.339936254910803
-6.374127633325745
-6.408315961840625
-6.439414151060181
-6.464130420246153
-6.488845814106098
-6.513560579952321
-6.538274970678927
-6.56298919336286
-6.587703360412561
-6.612417513053529
-6.640323823460006
-6.676900268229565
-6.713676589201988
-6.751190891529742
-6.788705193857496
-6.826219496185249
-6.860836519396852
-6.8953425993681385
-6.925406811348079
-6.945727058442277
-6.9660473055364776
-6.988780981371541
-7.016808908398026
-7.044836835424508
-7.07286476245099
-7.100892689477476
-7.144626366077432
-7.188961450646598
-7.226346294525484
-7.238069514002914
-7.2497927334803425
-7.269480746292741
-7.294194560326238
-7.318908374359722
-7.343622188393205
-7.38460500275278
-7.427135752484826
-7.466285662035835
-7.5043861253374615
-7.542486588639074
-7.580587287196911
-7.618688168271346
-7.656789049345763
-7.694889930420183
-7.7329908114946075
-7.771091692569028
-7.80919257364345
-7.847293454717867
-7.885394335792284
-7.9234952168667085
-7.961596097941147
-7.999696979015587
-8.037797860090244
-8.07589874116469
-8.113999622239131
-8.152100503313573
-8.190201384388018
-8.22830226546246
-8.266403146536906
-8.304504027611348
-8.342606122582229
-8.380716305511683
-8.418836161178536
-8.456950703676224
-8.495053977709368
-8.533158457286145
-8.571267646777692
-8.609373164322186
-8.647476410866275
-8.68559597822739
-8.723737437847483
-8.761886194461098
-8.800056385912637
-8.838264242060493
-8.876481448502215
-8.914716198861129
-8.953021483369135
-8.991322633770505
-9.029508831188267
-9.066627433290424
-9.10345796362424
-9.14200224990968