3.2613996586198484
3.2613996586198484
3.2613996586198484
3.2613996586198484
3.2613996586198484
3.2613996586198484
3.2613996586198484
3.2613996586198484
3.2613996586198484
3.2613996586198484
3.2613996586198484
3.2613996586198484
3.2613996586198484
3.2613996586198484
3.2613996586198484
3.2613996586198484
3.2613996586198484
3.2613996586198484
3.2613996586198484
3.2613996586198484
3.2613996586198484
3.2613996586198484
3.2613996586198484
3.2613996586198484
3.2613996586198484
3.2613996586198484
3.2613996586198484
3.3250929073294646
3.3250929073294646
3.2613996586198484
3.2613996586198484
3.2613996586198484
3.2613996586198484
3.2613996586198484
3.2613996586198484
3.239438725246968
3.239438725246968
2.9632193001590306
3.017196759889986
3.3050643601897427
3.204815537397434
3.2232531808207296
3.349835702735235
2.9409339256364966
2.600469498086297
2.6431832626179643
2.6695587596240093
2.8612762562642766
3.052993752904544
2.7417025180077665
3.1796468575049968
3.224808681062533
3.0330911844222657
3.0375454184633712
3.2292629151036394
3.426801491215346
3.569567114172373
3.7216409216685857
3.624115297580283
3.4893158544097487
3.4034948083502083
3.4359204403992827
3.486888990117726
3.434010176862044
3.398579925383334
3.3548875886680243
3.2777084210705647
3.1977210550261725
3.128569958666291
3.050853873259179
2.9785781675283456
2.893558905938229
2.822047962496831
2.727582019888337
2.6780636530078707
2.5800399599623285
2.5750430317978363
2.480764989703603
2.5504920672612195
2.46407170851662
2.388692109360026
2.311111527974214
2.2074052658256313
2.134661162737967
2.0137624967031886
1.9472240492022637
1.8207927084524105
1.76351813285645
1.6353041830654966
1.5881187784195074
1.4663418641295132
1.4226442740780638
1.300027073863732
1.256368265164246
1.1250088352793053
1.1049612380598688
0.9763558608608729
0.787726944052327
0.7879702763684459
0.4781532036884724
0.27434388197549014
0.2568507321038977
0.2731808825752093
0.36690702616713705
0.396244818336991
0.396244818336991
0.3320848573343923
0.22085670160295426
0.0033650328534875484
-0.4538405267660124
-0.9110460863855123
-1.3682516460050125
-1.8254572056245122
-2.2826627652440123
-2.329968097688124
-1.884480266967528
-2.1180369133110193
-2.0941220537590803
-2.1447067875892034
-2.2408583903063244
-2.2792286889387747
-2.3367377896036112
-2.415990711078983
-2.470984782367747
-2.539355545764414
-2.6086678529290914
-2.6786159774462526
-2.7505381477528466
-2.8209184784810204
-2.8993349118242575
-2.972025717098584
-3.0522463848861467
-3.1338406063016175
-3.2177433813770326
-3.3087201005995563
-3.3970972140343307
-3.49136064602315
-3.5813433455612897
-3.669119580308422
-3.7615720567245194
-3.851744495995683
-3.9623594239360433
-4.0878646941078225
-4.237622591535934
-4.415203528648337
-4.605541224079216
-4.795260406917554
-4.973420752940621
-5.129916706511684
-5.263171589081733
-5.3736678421842905
-5.466658283197035
-5.545165450332829
-5.613655343091025
-5.6757941569143275
-5.732630472015809
-5.7870044717585705
-5.8383227123647625
-5.8887271646577375
-5.939201188085578
-5.988367045737993
-6.0368688908155494
-6.078306244041462
-6.122610554439644
-6.163926490285
-6.201624545574354
-6.237117178214932
-6.271514043913841
-6.305740163709583
-6.339936254910803
-6.374127633325745
-6.408315961840625
-6.439414151060181
-6.464130420246153
-6.488845814106098
-6.513560579952321
-6.538274970678927
-6.56298919336286
-6.587703360412561
-6.612417513053529
-6.640323823460006
-6.676900268229565
-6.713676589201988
-6.751190891529742
-6.788705193857496
-6.826219496185249
-6.860836519396852
-6.8953425993681385
-6.925406811348079
-6.945727058442277
-6.9660473055364776
-6.988780981371541
-7.016808908398026
-7.044836835424508
-7.07286476245099
-7.100892689477476
-7.144626366077436
-7.188961450646605
-7.226346294525493
-7.238069514002923
-7.249792733480351
-7.26948074629275
-7.294194560326247
-7.318908374359731
-7.343622188393214
-7.384605002752789
-7.427135752484835
-7.466285662035844
-7.50438612533747
-7.542486588639083
-7.58058728719692
-7.618688168271355
-7.656789049345772
-7.694889930420192
-7.732990811494616
-7.771091692569037
-7.809192573643459
-7.847293454717876
-7.885394335792293
-7.923495216866717
-7.961596097941156
-7.999696979015596
-8.037797860090244
-8.07589874116469
-8.113999622239131
-8.152100503313573
-8.190201384388018
-8.22830226546246
-8.266403146536906
-8.304504027611348
-8.342606122582229
-8.380716305511683
-8.418836161178536
-8.456950703676224
-8.495053977709368
-8.533158457286145
-8.571267646777692
-8.609373164322186
-8.647476410866275
-8.68559597822739
-8.723737437847483
-8.761886194461098
-8.800056385912637
-8.838264242060493
-8.876481448502215
-8.914716198861129
-8.953021483369135
-8.991322633770505
-9.029508831188267
-9.066627433290424
-9.10345796362424
-9.14200224990968