3.2613996586198484
3.2613996586198484
3.2613996586198484
3.2613996586198484
3.2613996586198484
3.2613996586198484
3.2613996586198484
3.2613996586198484
3.2613996586198484
3.2613996586198484
3.2613996586198484
3.2613996586198484
3.2613996586198484
3.2613996586198484
3.2613996586198484
3.2613996586198484
3.2613996586198484
3.2613996586198484
3.2613996586198484
3.2613996586198484
3.2613996586198484
3.2613996586198484
3.2613996586198484
3.2613996586198484
3.2613996586198484
3.2613996586198484
3.2613996586198484
3.3250929073294646
3.3250929073294646
3.2613996586198484
3.2613996586198484
3.2613996586198484
3.2613996586198484
3.2613996586198484
3.2613996586198484
3.239438725246968
3.239438725246968
2.9632193001590306
3.017196759889986
3.3050643601897427
3.204815537397434
3.2232531808207296
3.349835702735235
2.9409339256364966
2.600469498086297
2.6431832626179643
2.6695587596240093
2.8612762562642766
3.052993752904544
2.7417025180077665
3.1796468575049968
3.224808681062533
3.0330911844222657
3.0375454184633712
3.2292629151036394
3.426801491215346
3.569567114172373
3.7216409216685857
3.624115297580283
3.4893158544097487
3.4034948083502083
3.4359204403992827
3.486888990117726
3.434010176862044
3.398579925383334
3.3548875886680243
3.2777084210705647
3.1977210550261725
3.128569958666291
3.050853873259179
2.9785781675283456
2.893558905938229
2.822047962496831
2.727582019888337
2.6780636530078707
2.5800399599623285
2.5750423425126443
2.480880056316807
2.550389559026701
2.4639798018564663
2.3883720552389547
2.3106712143662436
2.20686326151798
2.134054600822568
2.0130529546341633
1.9464914857085456
1.819940856988276
1.7626983390887214
1.634324068492406
1.5870353732682394
1.4660659880446711
1.4218789428443004
1.2993643416167542
1.2565912792667424
1.126660692428054
1.1068488234161231
0.9732502262317122
0.7807725061655181
0.7867511830232
0.48459346613372867
0.2796496286453515
0.25813714169148716
0.26990782393581436
0.36690702616713705
0.396244818336991
0.396244818336991
0.3320848573343923
0.22085670160295426
0.0033650328534875484
-0.4538405267660124
-0.9110460863855123
-1.3682516460050125
-1.8254572056245122
-2.2826627652440123
-2.3631188424760574
-1.8835392500459838
-2.1264772645792114
-2.0934437165172746
-2.1477149186780085
-2.2436167128353093
-2.278807587947512
-2.337861144412494
-2.416606423892038
-2.470263359173189
-2.538827906770786
-2.6078613568200355
-2.677163820017897
-2.748807378813709
-2.819041727146684
-2.8971479456983005
-2.9695508553192997
-3.0496017265419626
-3.1309549430667065
-3.214660879943849
-3.3055215546195256
-3.3939103107338946
-3.4883112870549473
-3.5784894793562594
-3.6664874303157453
-3.759054676409398
-3.8493062813967107
-3.9600254137945154
-4.085552367364445
-4.235291886747504
-4.413242769397714
-4.604511779198378
-4.795020465408425
-4.973409858022798
-5.129910360480525
-5.263167860539342
-5.37366555174282
-5.466656892238912
-5.545164654341521
-5.613654916016294
-5.6757939608019266
-5.732630407730484
-5.787004461317598
-5.8383227123647625
-5.8887271646577375
-5.939201188085578
-5.988367045737993
-6.0368688908155494
-6.078306244041462
-6.122610554439644
-6.163926490285
-6.201624545574354
-6.237117178214932
-6.271514043913841
-6.305740163709583
-6.339936254910803
-6.374127633325745
-6.408315961840625
-6.439414151060181
-6.464130420246153
-6.488845814106098
-6.513560579952321
-6.538274970678927
-6.56298919336286
-6.587703360412561
-6.612417513053529
-6.640323823460006
-6.676900268229565
-6.713676589201988
-6.751190891529742
-6.788705193857496
-6.826219496185249
-6.860836519396852
-6.8953425993681385
-6.925406811348079
-6.945727058442277
-6.9660473055364776
-6.988780981371541
-7.016808908398026
-7.044836835424512
-7.072864762450996
-7.100892689477485
-7.1446263660774445
-7.188961450646614
-7.226346294525502
-7.238069514002932
-7.24979273348036
-7.269480746292759
-7.294194560326256
-7.31890837435974
-7.343622188393223
-7.384605002752798
-7.427135752484844
-7.466285662035853
-7.504386125337479
-7.5424865886390915
-7.580587287196929
-7.618688168271364
-7.656789049345781
-7.694889930420201
-7.732990811494625
-7.771091692569046
-7.809192573643468
-7.847293454717885
-7.885394335792302
-7.923495216866726
-7.961596097941165
-7.999696979015605
-8.037797860090244
-8.07589874116469
-8.113999622239131
-8.152100503313573
-8.190201384388018
-8.22830226546246
-8.266403146536906
-8.304504027611348
-8.342606122582229
-8.380716305511683
-8.418836161178536
-8.456950703676224
-8.495053977709368
-8.533158457286145
-8.571267646777692
-8.609373164322186
-8.647476410866275
-8.68559597822739
-8.723737437847483
-8.761886194461098
-8.800056385912637
-8.838264242060493
-8.876481448502215
-8.914716198861129
-8.953021483369135
-8.991322633770505
-9.029508831188267
-9.066627433290424
-9.10345796362424
-9.14200224990968