3.2613996586198484
3.2613996586198484
3.2613996586198484
3.2613996586198484
3.2613996586198484
3.2613996586198484
3.2613996586198484
3.2613996586198484
3.2613996586198484
3.2613996586198484
3.2613996586198484
3.2613996586198484
3.2613996586198484
3.2613996586198484
3.2613996586198484
3.2613996586198484
3.2613996586198484
3.2613996586198484
3.2613996586198484
3.2613996586198484
3.2613996586198484
3.2613996586198484
3.2613996586198484
3.2613996586198484
3.2613996586198484
3.2613996586198484
3.2613996586198484
3.3250929073294646
3.3250929073294646
3.2613996586198484
3.2613996586198484
3.2613996586198484
3.2613996586198484
3.2613996586198484
3.2613996586198484
3.239438725246968
3.239438725246968
2.9632193001590306
3.017196759889986
3.3050643601897427
3.204815537397434
3.2232531808207296
3.349835702735235
2.9409339256364966
2.600469498086297
2.6431832626179643
2.6695587596240093
2.8612762562642766
3.052993752904544
2.7417025180077665
3.1796468575049968
3.224808681062533
3.0330911844222657
3.0375454184633712
3.2292629151036394
3.426801491215346
3.569567114172373
3.7216409216685857
3.624115297580283
3.4893158544097487
3.4034948083502083
3.4359204403992827
3.486888990117726
3.434010176862044
3.398579925383334
3.3548875886680243
3.2777084210705647
3.1977210550261725
3.128569958666291
3.050853873259179
2.9785781675283456
2.893558905938229
2.822047962496831
2.727582019888337
2.6780636530078707
2.5800399599623285
2.5750423425126443
2.480880056316807
2.550371609723438
2.463925344632979
2.3882333668119498
2.3104785314948066
2.2065424759598873
2.1336948988416027
2.01258092609402
1.9460171641915232
1.8193602834927853
1.7621392285559818
1.6340443565157456
1.5865792554915705
1.465826242290152
1.4215762252609911
1.2994274004931623
1.2573041275567516
1.1277423891956477
1.0996387071997114
0.9585893674361861
0.7791902690159769
0.7973915640306519
0.49137786970499575
0.2820133941561533
0.25937815508243295
0.2697216707072001
0.36690702616713705
0.396244818336991
0.396244818336991
0.3320848573343923
0.22085670160295426
0.0033650328534875484
-0.4538405267660124
-0.9110460863855123
-1.3682516460050125
-1.8254572056245122
-2.2826627652440123
-2.396148367017861
-1.8798208929159075
-2.1307832530375945
-2.091026805232164
-2.148708574093491
-2.2442790436726625
-2.2769427295751656
-2.3373664156065384
-2.4156462788460193
-2.468301623438308
-2.537150614562696
-2.6060560760789677
-2.675007567999879
-2.74664829801187
-2.816982473391255
-2.895078977753157
-2.9674899176937366
-3.0476387133629657
-3.129079335571193
-3.2129185317204483
-3.303926442301928
-3.392500434647994
-3.48714509407743
-3.5775414802175907
-3.6657312111193194
-3.758408278968215
-3.848722492437393
-3.959598145760877
-4.0852679391461555
-4.2350344309292405
-4.413057982217876
-4.604456560817042
-4.795018792968192
-4.973408897404196
-5.129909796859281
-5.263167519404681
-5.373665350995294
-5.466656780368207
-5.545164594049697
-5.6136548858117035
-5.675793949170085
-5.732630405461469
-5.787004461317598
-5.8383227123647625
-5.8887271646577375
-5.939201188085578
-5.988367045737993
-6.0368688908155494
-6.078306244041462
-6.122610554439644
-6.163926490285
-6.201624545574354
-6.237117178214932
-6.271514043913841
-6.305740163709583
-6.339936254910803
-6.374127633325745
-6.408315961840625
-6.439414151060181
-6.464130420246153
-6.488845814106098
-6.513560579952321
-6.538274970678927
-6.56298919336286
-6.587703360412561
-6.612417513053529
-6.640323823460006
-6.676900268229565
-6.713676589201988
-6.751190891529742
-6.788705193857496
-6.826219496185249
-6.860836519396852
-6.8953425993681385
-6.925406811348079
-6.945727058442273
-6.966047305536474
-6.988780981371534
-7.016808908398019
-7.044836835424505
-7.072864762450987
-7.100892689477476
-7.144626366077436
-7.188961450646605
-7.226346294525495
-7.238069514002923
-7.249792733480351
-7.26948074629275
-7.294194560326247
-7.318908374359733
-7.343622188393216
-7.384605002752789
-7.427135752484837
-7.466285662035844
-7.504386125337472
-7.542486588639083
-7.58058728719692
-7.618688168271355
-7.656789049345772
-7.694889930420192
-7.732990811494616
-7.771091692569037
-7.809192573643461
-7.847293454717878
-7.885394335792295
-7.923495216866719
-7.9615960979411575
-7.999696979015596
-8.037797860090244
-8.07589874116469
-8.113999622239131
-8.152100503313573
-8.190201384388018
-8.22830226546246
-8.266403146536906
-8.304504027611348
-8.342606122582229
-8.380716305511683
-8.418836161178536
-8.456950703676224
-8.495053977709368
-8.533158457286145
-8.571267646777692
-8.609373164322186
-8.647476410866275
-8.68559597822739
-8.723737437847483
-8.761886194461098
-8.800056385912637
-8.838264242060493
-8.876481448502215
-8.914716198861129
-8.953021483369135
-8.991322633770505
-9.029508831188267
-9.066627433290424
-9.10345796362424
-9.14200224990968