3.2613996586198484
3.2613996586198484
3.2613996586198484
3.2613996586198484
3.2613996586198484
3.2613996586198484
3.2613996586198484
3.2613996586198484
3.2613996586198484
3.2613996586198484
3.2613996586198484
3.2613996586198484
3.2613996586198484
3.2613996586198484
3.2613996586198484
3.2613996586198484
3.2613996586198484
3.2613996586198484
3.2613996586198484
3.2613996586198484
3.2613996586198484
3.2613996586198484
3.2613996586198484
3.2613996586198484
3.2613996586198484
3.2613996586198484
3.2613996586198484
3.3250929073294646
3.3250929073294646
3.2613996586198484
3.2613996586198484
3.2613996586198484
3.2613996586198484
3.2613996586198484
3.2613996586198484
3.239438725246968
3.239438725246968
2.9632193001590306
3.017196759889986
3.3050643601897427
3.204815537397434
3.2232531808207296
3.349835702735235
2.9409339256364966
2.600469498086297
2.6431832626179643
2.6695587596240093
2.8612762562642766
3.052993752904544
2.7417025180077665
3.1796468575049968
3.224808681062533
3.0330911844222657
3.0375454184633712
3.2292629151036394
3.426801491215346
3.569567114172373
3.7216409216685857
3.624115297580283
3.4893158544097487
3.4034948083502083
3.4359204403992827
3.486888990117726
3.434010176862044
3.398579925383334
3.3548875886680243
3.2777084210705647
3.1977210550261725
3.128569958666291
3.050853873259179
2.9785781675283456
2.893558905938229
2.822047962496831
2.727582019888337
2.6780636530078707
2.5800399599623285
2.5750423425126443
2.480880056316807
2.5503586896383585
2.4638938142814717
2.388156613476676
2.310344217421675
2.206319557675036
2.133445553753928
2.012254185764602
1.9456890968314602
1.8189616670946793
1.7617542358317821
1.6339338530211434
1.5863150897350777
1.4655955527185105
1.4213700140943228
1.29953729229912
1.2579203648704291
1.1285373195593662
1.093655170212576
0.946751749456259
0.777800224554952
0.8056947691274264
0.4967191616933188
0.28403600664887824
0.2605285105817116
0.2697216707072001
0.36690702616713705
0.396244818336991
0.396244818336991
0.3320848573343923
0.22085670160295426
0.0033650328534875484
-0.4538405267660124
-0.9110460863855123
-1.3682516460050125
-1.8254572056245122
-2.2826627652440123
-2.425887677398528
-1.8750249278335456
-2.132693437378532
-2.087849027071787
-2.148987114687386
-2.244383181142112
-2.2750104278001366
-2.3367493890025988
-2.4147291015033887
-2.4666596458387415
-2.5357834668665915
-2.6045923138074154
-2.673328154476591
-2.745020295660597
-2.8154536933881067
-2.8935991718883836
-2.9660919635967224
-3.046355317788497
-3.1278466922563117
-3.2117589246968614
-3.302884689687484
-3.391579028525216
-3.486335359857938
-3.5768484126245155
-3.665186932972814
-3.7579985590029503
-3.8484366725714545
-3.9594590835215717
-4.0852359482694585
-4.235033090974999
-4.4130572195964985
-4.604456142926043
-4.795018580213394
-4.973408790411222
-5.129909736110015
-5.263167486532867
-5.373665337211536
-5.466656776043106
-5.545164593350059
-5.6136548858117035
-5.675793949170085
-5.732630405461469
-5.787004461317599
-5.8383227123647625
-5.8887271646577375
-5.939201188085578
-5.988367045737993
-6.0368688908155494
-6.078306244041462
-6.122610554439644
-6.163926490285
-6.201624545574354
-6.237117178214932
-6.271514043913841
-6.305740163709583
-6.339936254910803
-6.374127633325745
-6.408315961840625
-6.439414151060181
-6.464130420246153
-6.488845814106098
-6.513560579952321
-6.538274970678927
-6.56298919336286
-6.587703360412561
-6.612417513053529
-6.640323823460006
-6.676900268229565
-6.713676589201988
-6.751190891529742
-6.788705193857496
-6.826219496185249
-6.860836519396852
-6.8953425993681385
-6.925406811348081
-6.945727058442277
-6.9660473055364776
-6.988780981371537
-7.016808908398023
-7.044836835424508
-7.07286476245099
-7.1008926894774795
-7.144626366077439
-7.188961450646609
-7.226346294525499
-7.238069514002927
-7.249792733480355
-7.2694807462927535
-7.29419456032625
-7.3189083743597365
-7.343622188393219
-7.384605002752792
-7.4271357524848405
-7.4662856620358475
-7.504386125337476
-7.542486588639086
-7.5805872871969235
-7.618688168271358
-7.656789049345775
-7.694889930420196
-7.73299081149462
-7.7710916925690405
-7.809192573643465
-7.847293454717882
-7.885394335792299
-7.923495216866723
-7.961596097941161
-7.999696979015599
-8.037797860090244
-8.07589874116469
-8.113999622239131
-8.152100503313573
-8.190201384388018
-8.22830226546246
-8.266403146536906
-8.304504027611348
-8.342606122582229
-8.380716305511683
-8.418836161178536
-8.456950703676224
-8.495053977709368
-8.533158457286145
-8.571267646777692
-8.609373164322186
-8.647476410866275
-8.68559597822739
-8.723737437847483
-8.761886194461098
-8.800056385912637
-8.838264242060493
-8.876481448502215
-8.914716198861129
-8.953021483369135
-8.991322633770505
-9.029508831188267
-9.066627433290424
-9.10345796362424
-9.14200224990968