3.2613996586198484
3.2613996586198484
3.2613996586198484
3.2613996586198484
3.2613996586198484
3.2613996586198484
3.2613996586198484
3.2613996586198484
3.2613996586198484
3.2613996586198484
3.2613996586198484
3.2613996586198484
3.2613996586198484
3.2613996586198484
3.2613996586198484
3.2613996586198484
3.2613996586198484
3.2613996586198484
3.2613996586198484
3.2613996586198484
3.2613996586198484
3.2613996586198484
3.2613996586198484
3.2613996586198484
3.2613996586198484
3.2613996586198484
3.2613996586198484
3.3250929073294646
3.3250929073294646
3.2613996586198484
3.2613996586198484
3.2613996586198484
3.2613996586198484
3.2613996586198484
3.2613996586198484
3.239438725246968
3.239438725246968
2.9632193001590306
3.017196759889986
3.3050643601897427
3.204815537397434
3.2232531808207296
3.349835702735235
2.9409339256364966
2.600469498086297
2.6431832626179643
2.6695587596240093
2.8612762562642766
3.052993752904544
2.7417025180077665
3.1796468575049968
3.224808681062533
3.0330911844222657
3.0375454184633712
3.2292629151036394
3.426801491215346
3.569567114172373
3.7216409216685857
3.624115297580283
3.4893158544097487
3.4034948083502083
3.4359204403992827
3.486888990117726
3.434010176862044
3.398579925383334
3.3548875886680243
3.2777084210705647
3.1977210550261725
3.128569958666291
3.050853873259179
2.9785781675283456
2.893558905938229
2.822047962496831
2.727582019888337
2.6780636530078707
2.5800399599623285
2.5750423425126443
2.480880056316807
2.5503475859921805
2.4638355529674523
2.388006366122429
2.310124075315447
2.2059568231428495
2.1330424336305827
2.011729847760967
1.9451644101754857
1.8183299335076943
1.761142791942403
1.6333195224326953
1.5855875332876221
1.4655534965898047
1.4209499944637718
1.29874284642794
1.2575965630831452
1.1300383656414474
1.0902839416655852
0.937044894046237
0.7765555135283746
0.8128798242640025
0.5015070948814984
0.2860597911725109
0.2615674629345154
0.2697216707072001
0.36690702616713705
0.396244818336991
0.396244818336991
0.3320848573343923
0.22085670160295426
0.0033650328534875484
-0.4538405267660124
-0.9110460863855123
-1.3682516460050125
-1.8254572056245122
-2.2826627652440123
-2.464958162932994
-1.869758844708516
-2.136449094981524
-2.085736715865166
-2.150616919399671
-2.2452758873278236
-2.273311620714491
-2.336666876345776
-2.413900889713908
-2.4647501446051883
-2.534165187837066
-2.602645188884313
-2.670910912902676
-2.7425555724006236
-2.8129985761618475
-2.891047405435751
-2.9635006162656135
-3.043818160167968
-3.125341040056558
-3.209373193605413
-3.3006983000503722
-3.3896232498138668
-3.484635170500385
-3.57543990990596
-3.664143348556561
-3.757266178074855
-3.847900367856031
-3.9591233857558183
-4.0851074388860695
-4.235011748270844
-4.413055495179477
-4.6044551819126065
-4.795018067780352
-4.973408538528825
-5.129909613364757
-5.263167417350615
-5.373665300398141
-5.466656761765307
-5.545164589563899
-5.61365488534687
-5.675793949170085
-5.732630405461469
-5.787004461317599
-5.8383227123647625
-5.8887271646577375
-5.939201188085578
-5.988367045737993
-6.0368688908155494
-6.078306244041462
-6.122610554439644
-6.163926490285
-6.201624545574354
-6.237117178214932
-6.271514043913841
-6.305740163709583
-6.339936254910803
-6.374127633325745
-6.408315961840625
-6.439414151060181
-6.464130420246153
-6.488845814106098
-6.513560579952321
-6.538274970678927
-6.56298919336286
-6.587703360412561
-6.612417513053529
-6.640323823460006
-6.676900268229565
-6.713676589201988
-6.751190891529742
-6.788705193857496
-6.826219496185249
-6.860836519396852
-6.8953425993681385
-6.925406811348081
-6.945727058442277
-6.966047305536478
-6.98878098137154
-7.016808908398026
-7.044836835424512
-7.072864762450994
-7.100892689477483
-7.144626366077443
-7.188961450646612
-7.226346294525502
-7.23806951400293
-7.2497927334803585
-7.269480746292757
-7.294194560326254
-7.31890837435974
-7.343622188393223
-7.384605002752796
-7.427135752484844
-7.466285662035851
-7.504386125337479
-7.54248658863909
-7.580587287196927
-7.618688168271362
-7.656789049345779
-7.694889930420199
-7.7329908114946235
-7.771091692569044
-7.809192573643468
-7.847293454717885
-7.885394335792302
-7.923495216866726
-7.961596097941165
-7.999696979015603
-8.037797860090244
-8.07589874116469
-8.113999622239131
-8.152100503313573
-8.190201384388018
-8.22830226546246
-8.266403146536906
-8.304504027611348
-8.342606122582229
-8.380716305511683
-8.418836161178536
-8.456950703676224
-8.495053977709368
-8.533158457286145
-8.571267646777692
-8.609373164322186
-8.647476410866275
-8.68559597822739
-8.723737437847483
-8.761886194461098
-8.800056385912637
-8.838264242060493
-8.876481448502215
-8.914716198861129
-8.953021483369135
-8.991322633770505
-9.029508831188267
-9.066627433290424
-9.10345796362424
-9.14200224990968