3.2613996586198484
3.2613996586198484
3.2613996586198484
3.2613996586198484
3.2613996586198484
3.2613996586198484
3.2613996586198484
3.2613996586198484
3.2613996586198484
3.2613996586198484
3.2613996586198484
3.2613996586198484
3.2613996586198484
3.2613996586198484
3.2613996586198484
3.2613996586198484
3.2613996586198484
3.2613996586198484
3.2613996586198484
3.2613996586198484
3.2613996586198484
3.2613996586198484
3.2613996586198484
3.2613996586198484
3.2613996586198484
3.2613996586198484
3.2613996586198484
3.3250929073294646
3.3250929073294646
3.2613996586198484
3.2613996586198484
3.2613996586198484
3.2613996586198484
3.2613996586198484
3.2613996586198484
3.239438725246968
3.239438725246968
2.9632193001590306
3.017196759889986
3.3050643601897427
3.204815537397434
3.2232531808207296
3.349835702735235
2.9409339256364966
2.600469498086297
2.6431832626179643
2.6695587596240093
2.8612762562642766
3.052993752904544
2.7417025180077665
3.1796468575049968
3.224808681062533
3.0330911844222657
3.0375454184633712
3.2292629151036394
3.426801491215346
3.569567114172373
3.7216409216685857
3.624115297580283
3.4893158544097487
3.4034948083502083
3.4359204403992827
3.486888990117726
3.434010176862044
3.398579925383334
3.3548875886680243
3.2777084210705647
3.1977210550261725
3.128569958666291
3.050853873259179
2.9785781675283456
2.893558905938229
2.822047962496831
2.727582019888337
2.6780636530078707
2.5800399599623285
2.5750423425126443
2.480880056316807
2.5503434605926647
2.463816300191977
2.3879490142501405
2.3099914887038073
2.2057432859901764
2.1328071627705505
2.011427359650806
1.9448630585461653
1.8179697959409136
1.7607944630229093
1.632976320564218
1.5852071093155047
1.465591857967542
1.4206158203437174
1.2978100294014903
1.2570226939822622
1.1311219482323773
1.090306098791156
0.9344847457030532
0.7761816081372125
0.8149176067352704
0.5029310299431364
0.28683945644447334
0.26197511796594447
0.2697216707072001
0.36690702616713705
0.396244818336991
0.396244818336991
0.3320848573343923
0.22085670160295426
0.0033650328534875484
-0.4538405267660124
-0.9110460863855123
-1.3682516460050125
-1.8254572056245122
-2.2826627652440123
-2.4992007947830457
-1.8639496625923115
-2.1379124875808184
-2.0828125445399976
-2.151495388761227
-2.245554257906149
-2.2715111041018217
-2.3364714694113236
-2.4131383720339343
-2.46317680754464
-2.5329202658339383
-2.601184984358495
-2.6691640757067603
-2.7408411690298267
-2.811321559621098
-2.889350815518785
-2.9618489788827143
-3.0422593328042886
-3.1238008496640504
-3.207874721878419
-3.2993037081462204
-3.3883606495720047
-3.4835026646896696
-3.574431459328434
-3.6632597381814422
-3.7564598253220933
-3.8471918849709574
-3.958614474264328
-4.084852327291691
-4.234947623328594
-4.413053195601261
-4.604453861325381
-4.795017329172417
-4.973408147305197
-5.1299094136917915
-5.263167308608825
-5.373665239929091
-5.4666567340158565
-5.545164580575875
-5.613654883790698
-5.675793949170085
-5.732630405461469
-5.787004461317599
-5.8383227123647625
-5.8887271646577375
-5.939201188085578
-5.988367045737993
-6.0368688908155494
-6.078306244041462
-6.122610554439644
-6.163926490285
-6.201624545574354
-6.237117178214932
-6.271514043913841
-6.305740163709583
-6.339936254910803
-6.374127633325745
-6.408315961840625
-6.439414151060181
-6.464130420246153
-6.488845814106098
-6.513560579952321
-6.538274970678927
-6.56298919336286
-6.587703360412561
-6.612417513053529
-6.640323823460006
-6.676900268229565
-6.713676589201988
-6.751190891529742
-6.788705193857496
-6.826219496185249
-6.860836519396852
-6.8953425993681385
-6.925406811348081
-6.945727058442277
-6.966047305536478
-6.98878098137154
-7.016808908398028
-7.044836835424516
-7.072864762450998
-7.1008926894774875
-7.144626366077447
-7.188961450646617
-7.226346294525507
-7.238069514002935
-7.249792733480363
-7.2694807462927615
-7.294194560326258
-7.3189083743597445
-7.343622188393227
-7.3846050027528
-7.4271357524848485
-7.4662856620358555
-7.504386125337484
-7.542486588639094
-7.5805872871969315
-7.618688168271366
-7.656789049345783
-7.694889930420204
-7.732990811494628
-7.7710916925690485
-7.809192573643473
-7.84729345471789
-7.885394335792307
-7.923495216866731
-7.961596097941169
-7.999696979015607
-8.037797860090244
-8.07589874116469
-8.113999622239131
-8.152100503313573
-8.190201384388018
-8.22830226546246
-8.266403146536906
-8.304504027611348
-8.342606122582229
-8.380716305511683
-8.418836161178536
-8.456950703676224
-8.495053977709368
-8.533158457286145
-8.571267646777692
-8.609373164322186
-8.647476410866275
-8.68559597822739
-8.723737437847483
-8.761886194461098
-8.800056385912637
-8.838264242060493
-8.876481448502215
-8.914716198861129
-8.953021483369135
-8.991322633770505
-9.029508831188267
-9.066627433290424
-9.10345796362424
-9.14200224990968