3.2613996586198484
3.2613996586198484
3.2613996586198484
3.2613996586198484
3.2613996586198484
3.2613996586198484
3.2613996586198484
3.2613996586198484
3.2613996586198484
3.2613996586198484
3.2613996586198484
3.2613996586198484
3.2613996586198484
3.2613996586198484
3.2613996586198484
3.2613996586198484
3.2613996586198484
3.2613996586198484
3.2613996586198484
3.2613996586198484
3.2613996586198484
3.2613996586198484
3.2613996586198484
3.2613996586198484
3.2613996586198484
3.2613996586198484
3.2613996586198484
3.3250929073294646
3.3250929073294646
3.2613996586198484
3.2613996586198484
3.2613996586198484
3.2613996586198484
3.2613996586198484
3.2613996586198484
3.239438725246968
3.239438725246968
2.9632193001590306
3.017196759889986
3.3050643601897427
3.204815537397434
3.2232531808207296
3.349835702735235
2.9409339256364966
2.600469498086297
2.6431832626179643
2.6695587596240093
2.8612762562642766
3.052993752904544
2.7417025180077665
3.1796468575049968
3.224808681062533
3.0330911844222657
3.0375454184633712
3.2292629151036394
3.426801491215346
3.569567114172373
3.7216409216685857
3.624115297580283
3.4893158544097487
3.4034948083502083
3.4359204403992827
3.486888990117726
3.434010176862044
3.398579925383334
3.3548875886680243
3.2777084210705647
3.1977210550261725
3.128569958666291
3.050853873259179
2.9785781675283456
2.893558905938229
2.822047962496831
2.727582019888337
2.6780636530078707
2.5800399599623285
2.5750423425126443
2.480880056316807
2.5503434605926647
2.463814793284968
2.387944450365474
2.309981338905689
2.205720343142941
2.1327813112841527
2.01139305828541
1.9448284963160356
1.8179278326701531
1.7607536273302304
1.6329356143045812
1.5851618738423237
1.4655630375970305
1.420549277884662
1.2977307176808752
1.2569607880825429
1.1312444921558882
1.0905519874588137
0.934381415229673
0.775673291085375
0.8146523019750777
0.503286774157006
0.2872856885678646
0.26212382855794003
0.2697216707072001
0.3669070261671371
0.396244818336991
0.396244818336991
0.3320848573343923
0.22085670160295426
0.0033650328534875484
-0.4538405267660124
-0.9110460863855123
-1.3682516460050125
-1.8254572056245122
-2.2826627652440123
-2.5310079790235154
-1.8578179663381194
-2.1381356015821713
-2.079451383027879
-2.1518239397263796
-2.2452427625594664
-2.269399436555027
-2.3359670451470436
-2.4120962604156535
-2.461441421161951
-2.5315811421309213
-2.599736864540668
-2.6675269479365835
-2.7392724075399286
-2.8098236633847407
-2.887905299389725
-2.960540507409461
-3.041133139306936
-3.1227596889587423
-3.206892983533332
-3.2984134439383803
-3.387602645831605
-3.4828957427866163
-3.5739381821249356
-3.6628442767709077
-3.7561141556442945
-3.846980598167924
-3.9585555417017457
-4.0848507238364915
-4.234946710344498
-4.413052686306117
-4.604453585455062
-4.795017185461202
-4.9734080779667265
-5.129909384973969
-5.2631672979598765
-5.373665235658176
-5.466656732850732
-5.545164580575875
-5.613654883790698
-5.675793949170085
-5.732630405461469
-5.787004461317599
-5.8383227123647625
-5.8887271646577375
-5.939201188085578
-5.988367045737993
-6.0368688908155494
-6.078306244041462
-6.122610554439644
-6.163926490285
-6.201624545574354
-6.237117178214932
-6.271514043913841
-6.305740163709583
-6.339936254910803
-6.374127633325745
-6.408315961840625
-6.439414151060181
-6.464130420246153
-6.488845814106098
-6.513560579952321
-6.538274970678927
-6.56298919336286
-6.587703360412561
-6.612417513053529
-6.640323823460006
-6.676900268229565
-6.713676589201988
-6.751190891529742
-6.788705193857496
-6.826219496185249
-6.860836519396852
-6.8953425993681385
-6.925406811348081
-6.945727058442277
-6.966047305536478
-6.98878098137154
-7.016808908398028
-7.044836835424516
-7.072864762451001
-7.100892689477492
-7.144626366077452
-7.188961450646621
-7.226346294525511
-7.238069514002939
-7.249792733480367
-7.269480746292766
-7.294194560326263
-7.318908374359749
-7.3436221883932316
-7.384605002752805
-7.427135752484853
-7.46628566203586
-7.504386125337488
-7.542486588639099
-7.580587287196936
-7.618688168271371
-7.656789049345788
-7.694889930420208
-7.732990811494632
-7.771091692569053
-7.809192573643477
-7.847293454717894
-7.885394335792311
-7.923495216866735
-7.9615960979411735
-7.999696979015612
-8.037797860090244
-8.07589874116469
-8.113999622239131
-8.152100503313573
-8.190201384388018
-8.22830226546246
-8.266403146536906
-8.304504027611348
-8.342606122582229
-8.380716305511683
-8.418836161178536
-8.456950703676224
-8.495053977709368
-8.533158457286145
-8.571267646777692
-8.609373164322186
-8.647476410866275
-8.68559597822739
-8.723737437847483
-8.761886194461098
-8.800056385912637
-8.838264242060493
-8.876481448502215
-8.914716198861129
-8.953021483369135
-8.991322633770505
-9.029508831188267
-9.066627433290424
-9.10345796362424
-9.14200224990968