3.2613996586198484
3.2613996586198484
3.2613996586198484
3.2613996586198484
3.2613996586198484
3.2613996586198484
3.2613996586198484
3.2613996586198484
3.2613996586198484
3.2613996586198484
3.2613996586198484
3.2613996586198484
3.2613996586198484
3.2613996586198484
3.2613996586198484
3.2613996586198484
3.2613996586198484
3.2613996586198484
3.2613996586198484
3.2613996586198484
3.2613996586198484
3.2613996586198484
3.2613996586198484
3.2613996586198484
3.2613996586198484
3.2613996586198484
3.2613996586198484
3.3250929073294646
3.3250929073294646
3.2613996586198484
3.2613996586198484
3.2613996586198484
3.2613996586198484
3.2613996586198484
3.2613996586198484
3.239438725246968
3.239438725246968
2.9632193001590306
3.017196759889986
3.3050643601897427
3.204815537397434
3.2232531808207296
3.349835702735235
2.9409339256364966
2.600469498086297
2.6431832626179643
2.6695587596240093
2.8612762562642766
3.052993752904544
2.7417025180077665
3.1796468575049968
3.224808681062533
3.0330911844222657
3.0375454184633712
3.2292629151036394
3.426801491215346
3.569567114172373
3.7216409216685857
3.624115297580283
3.4893158544097487
3.4034948083502083
3.4359204403992827
3.486888990117726
3.434010176862044
3.398579925383334
3.3548875886680243
3.2777084210705647
3.1977210550261725
3.128569958666291
3.050853873259179
2.9785781675283456
2.893558905938229
2.822047962496831
2.727582019888337
2.6780636530078707
2.5800399599623285
2.5750423425126443
2.480880056316807
2.5503434605926647
2.463814793284968
2.38794298174323
2.3099783852900972
2.2057099035863192
2.1327586773282796
2.0113559282340403
1.944788310352684
1.8178740851678004
1.7606996786410674
1.6328770435470221
1.5850973275569182
1.465475155789002
1.4204622703758096
1.2977440498333856
1.2568567948098786
1.1310695080711373
1.0905792158937533
0.9345476298479687
0.7757645184336068
0.8145748756009801
0.5032800967760005
0.28741896922155363
0.2621973332955213
0.2697216707072001
0.36690702616713705
0.396244818336991
0.396244818336991
0.3320848573343923
0.22085670160295426
0.0033650328534875484
-0.4538405267660124
-0.9110460863855123
-1.3682516460050125
-1.8254572056245122
-2.2826627652440123
-2.5656677036681974
-1.8510698102768823
-2.1383366431999784
-2.076300954760079
-2.1523988176411444
-2.2450180329425913
-2.2673779814682273
-2.3356605713916463
-2.4110974200459943
-2.4596887697655254
-2.5302027940762937
-2.598112999872664
-2.665608354671827
-2.7373909542308996
-2.8079728338835284
-2.8860350445645633
-2.958805434134846
-3.0396838309829404
-3.1215012288458324
-3.2057331517149077
-3.297352469900516
-3.3866994456304296
-3.482181261499675
-3.573387455539195
-3.6624410012254223
-3.7558325144714515
-3.8468266278104815
-3.9585148659328304
-4.084849280367136
-4.234945901184759
-4.413052244600222
-4.604453353297327
-4.795017069418365
-4.97340802421816
-5.129909362902698
-5.2631672908628975
-5.373665234428861
-5.466656732850732
-5.545164580575875
-5.613654883790698
-5.675793949170085
-5.732630405461469
-5.787004461317599
-5.8383227123647625
-5.8887271646577375
-5.939201188085578
-5.988367045737993
-6.0368688908155494
-6.078306244041462
-6.122610554439644
-6.163926490285
-6.201624545574354
-6.237117178214932
-6.271514043913841
-6.305740163709583
-6.339936254910803
-6.374127633325745
-6.408315961840625
-6.439414151060181
-6.464130420246153
-6.488845814106098
-6.513560579952321
-6.538274970678927
-6.56298919336286
-6.587703360412561
-6.612417513053529
-6.640323823460006
-6.676900268229565
-6.713676589201988
-6.751190891529742
-6.788705193857496
-6.826219496185249
-6.860836519396852
-6.8953425993681385
-6.925406811348081
-6.945727058442277
-6.966047305536478
-6.98878098137154
-7.016808908398028
-7.044836835424516
-7.072864762451001
-7.100892689477493
-7.144626366077456
-7.188961450646629
-7.22634629452552
-7.238069514002948
-7.249792733480376
-7.269480746292775
-7.294194560326272
-7.318908374359758
-7.34362218839324
-7.384605002752814
-7.427135752484862
-7.466285662035869
-7.504386125337497
-7.5424865886391075
-7.580587287196945
-7.61868816827138
-7.656789049345797
-7.694889930420217
-7.732990811494641
-7.771091692569062
-7.809192573643486
-7.847293454717903
-7.88539433579232
-7.923495216866744
-7.961596097941182
-7.999696979015621
-8.037797860090244
-8.07589874116469
-8.113999622239131
-8.152100503313573
-8.190201384388018
-8.22830226546246
-8.266403146536906
-8.304504027611348
-8.342606122582229
-8.380716305511683
-8.418836161178536
-8.456950703676224
-8.495053977709368
-8.533158457286145
-8.571267646777692
-8.609373164322186
-8.647476410866275
-8.68559597822739
-8.723737437847483
-8.761886194461098
-8.800056385912637
-8.838264242060493
-8.876481448502215
-8.914716198861129
-8.953021483369135
-8.991322633770505
-9.029508831188267
-9.066627433290424
-9.10345796362424
-9.14200224990968