3.2613996586198484
3.2613996586198484
3.2613996586198484
3.2613996586198484
3.2613996586198484
3.2613996586198484
3.2613996586198484
3.2613996586198484
3.2613996586198484
3.2613996586198484
3.2613996586198484
3.2613996586198484
3.2613996586198484
3.2613996586198484
3.2613996586198484
3.2613996586198484
3.2613996586198484
3.2613996586198484
3.2613996586198484
3.2613996586198484
3.2613996586198484
3.2613996586198484
3.2613996586198484
3.2613996586198484
3.2613996586198484
3.2613996586198484
3.2613996586198484
3.3250929073294646
3.3250929073294646
3.2613996586198484
3.2613996586198484
3.2613996586198484
3.2613996586198484
3.2613996586198484
3.2613996586198484
3.239438725246968
3.239438725246968
2.9632193001590306
3.017196759889986
3.3050643601897427
3.204815537397434
3.2232531808207296
3.349835702735235
2.9409339256364966
2.600469498086297
2.6431832626179643
2.6695587596240093
2.8612762562642766
3.052993752904544
2.7417025180077665
3.1796468575049968
3.224808681062533
3.0330911844222657
3.0375454184633712
3.2292629151036394
3.426801491215346
3.569567114172373
3.7216409216685857
3.624115297580283
3.4893158544097487
3.4034948083502083
3.4359204403992827
3.486888990117726
3.434010176862044
3.398579925383334
3.3548875886680243
3.2777084210705647
3.1977210550261725
3.128569958666291
3.050853873259179
2.9785781675283456
2.893558905938229
2.822047962496831
2.727582019888337
2.6780636530078707
2.5800399599623285
2.5750423425126443
2.480880056316807
2.5503434605926647
2.463814793284968
2.38794298174323
2.3099783852900972
2.2057099035863192
2.132757736076662
2.011348373550589
1.944776885194634
1.8178456489727468
1.7606686919845091
1.6328374980994265
1.5850535015301577
1.4654145473793199
1.4204006976539263
1.2976675938200364
1.2567740621416645
1.1310653642412558
1.0906375661054695
0.9346544233430099
0.7758186353077781
0.8145394087911901
0.503231557527031
0.2874316657408732
0.2622703857666633
0.26975827403939
0.36690702616713705
0.396244818336991
0.396244818336991
0.3320848573343923
0.22085670160295426
0.0033650328534875484
-0.4538405267660124
-0.9110460863855123
-1.3682516460050125
-1.8254572056245122
-2.2826627652440123
-2.6278249953335644
-1.8365571347145624
-2.135304979831318
-2.068879715838611
-2.1525596886009253
-2.244050454684908
-2.2635720184782344
-2.335082090771986
-2.4094138423664546
-2.456936280458024
-2.5282505758827236
-2.5958694785942336
-2.6630639040402944
-2.7349979342810893
-2.805597425514808
-2.8835958113423437
-2.9564637981279014
-3.037570898964103
-3.119554515689942
-3.2040048842712077
-3.295932643049258
-3.3855774601844644
-3.4812928228686317
-3.5726937946352875
-3.6619561919595998
-3.755511930731399
-3.8465918740934972
-3.9583331426564543
-4.084740788614326
-4.2349150008989085
-4.413051208984527
-4.604452783243918
-4.795016763041943
-4.973407864590538
-5.129909282277248
-5.263167251718116
-5.373665217148664
-5.466656726879975
-5.545164579466448
-5.613654883790698
-5.675793949170085
-5.732630405461469
-5.787004461317599
-5.8383227123647625
-5.8887271646577375
-5.939201188085578
-5.988367045737993
-6.0368688908155494
-6.078306244041462
-6.122610554439644
-6.163926490285
-6.201624545574354
-6.237117178214932
-6.271514043913841
-6.305740163709583
-6.339936254910803
-6.374127633325745
-6.408315961840625
-6.439414151060181
-6.464130420246153
-6.488845814106098
-6.513560579952321
-6.538274970678927
-6.56298919336286
-6.587703360412561
-6.612417513053529
-6.640323823460006
-6.676900268229565
-6.713676589201988
-6.751190891529742
-6.788705193857496
-6.826219496185249
-6.860836519396852
-6.8953425993681385
-6.925406811348081
-6.945727058442277
-6.966047305536479
-6.988780981371541
-7.016808908398028
-7.044836835424517
-7.072864762451001
-7.100892689477494
-7.144626366077457
-7.18896145064663
-7.2263462945255235
-7.238069514002952
-7.249792733480382
-7.269480746292782
-7.2941945603262806
-7.3189083743597685
-7.343622188393251
-7.384605002752824
-7.427135752484873
-7.46628566203588
-7.504386125337509
-7.542486588639119
-7.580587287196956
-7.618688168271391
-7.656789049345808
-7.694889930420229
-7.732990811494653
-7.771091692569073
-7.8091925736434975
-7.8472934547179145
-7.8853943357923315
-7.923495216866756
-7.961596097941194
-7.999696979015632
-8.037797860090244
-8.07589874116469
-8.113999622239131
-8.152100503313573
-8.190201384388018
-8.22830226546246
-8.266403146536906
-8.304504027611348
-8.342606122582229
-8.380716305511683
-8.418836161178536
-8.456950703676224
-8.495053977709368
-8.533158457286145
-8.571267646777692
-8.609373164322186
-8.647476410866275
-8.68559597822739
-8.723737437847483
-8.761886194461098
-8.800056385912637
-8.838264242060493
-8.876481448502215
-8.914716198861129
-8.953021483369135
-8.991322633770505
-9.029508831188267
-9.066627433290424
-9.10345796362424
-9.14200224990968