3.2613996586198484
3.2613996586198484
3.2613996586198484
3.2613996586198484
3.2613996586198484
3.2613996586198484
3.2613996586198484
3.2613996586198484
3.2613996586198484
3.2613996586198484
3.2613996586198484
3.2613996586198484
3.2613996586198484
3.2613996586198484
3.2613996586198484
3.2613996586198484
3.2613996586198484
3.2613996586198484
3.2613996586198484
3.2613996586198484
3.2613996586198484
3.2613996586198484
3.2613996586198484
3.2613996586198484
3.2613996586198484
3.2613996586198484
3.2613996586198484
3.3250929073294646
3.3250929073294646
3.2613996586198484
3.2613996586198484
3.2613996586198484
3.2613996586198484
3.2613996586198484
3.2613996586198484
3.239438725246968
3.239438725246968
2.9632193001590306
3.017196759889986
3.3050643601897427
3.204815537397434
3.2232531808207296
3.349835702735235
2.9409339256364966
2.600469498086297
2.6431832626179643
2.6695587596240093
2.8612762562642766
3.052993752904544
2.7417025180077665
3.1796468575049968
3.224808681062533
3.0330911844222657
3.0375454184633712
3.2292629151036394
3.426801491215346
3.569567114172373
3.7216409216685857
3.624115297580283
3.4893158544097487
3.4034948083502083
3.4359204403992827
3.486888990117726
3.434010176862044
3.398579925383334
3.3548875886680243
3.2777084210705647
3.1977210550261725
3.128569958666291
3.050853873259179
2.9785781675283456
2.893558905938229
2.822047962496831
2.727582019888337
2.6780636530078707
2.5800399599623285
2.575042342512644
2.480880056316807
2.5503434605926643
2.4638147932849686
2.38794298174323
2.3099783852900972
2.2057099035863192
2.132757736076662
2.011348373550589
1.9447768848259326
1.8178438402731392
1.7606643040329153
1.632820588255586
1.5850322280217841
1.4653794716501798
1.4203628377598272
1.2976153025770727
1.256716926298357
1.1310203805791688
1.0905440408378164
0.9345328803188335
0.7755855568194652
0.8144668089032135
0.5035731101911388
0.287683962127519
0.26228549518850575
0.2697603728621176
0.36690702616713705
0.396244818336991
0.396244818336991
0.3320848573343923
0.22085670160295426
0.0033650328534875484
-0.4538405267660124
-0.9110460863855123
-1.3682516460050125
-1.8254572056245122
-2.2826627652440123
-2.670969648631943
-1.8273450315781028
-2.134376206357878
-2.0665164204086737
-2.1550780471022786
-2.2448938555635016
-2.2625230717753424
-2.3363198238352045
-2.409202072845978
-2.4557271389926494
-2.5275581482886773
-2.5946146161078474
-2.661308480829094
-2.7331685132167447
-2.8035616047031207
-2.881281138504578
-2.953982329119077
-3.0350115230691634
-3.1169300373513646
-3.2014426701927365
-3.293528804981227
-3.383431765355565
-3.47946351479339
-3.5711261604418274
-3.660621458207924
-3.754358452553173
-3.8456017915486163
-3.9575945633803604
-4.084352084318065
-4.234815034837896
-4.41304745053765
-4.6044506716243525
-4.795015600633428
-4.973407240954387
-5.129908959215906
-5.263167093784228
-5.373665148838119
-5.466656704335043
-5.545164575494018
-5.613654883790698
-5.675793949170085
-5.732630405461469
-5.787004461317599
-5.8383227123647625
-5.8887271646577375
-5.939201188085578
-5.988367045737993
-6.0368688908155494
-6.078306244041462
-6.122610554439644
-6.163926490285
-6.201624545574354
-6.237117178214932
-6.271514043913841
-6.305740163709583
-6.339936254910803
-6.374127633325745
-6.408315961840625
-6.439414151060181
-6.464130420246153
-6.488845814106098
-6.513560579952321
-6.538274970678927
-6.56298919336286
-6.587703360412561
-6.612417513053529
-6.640323823460006
-6.676900268229565
-6.713676589201988
-6.751190891529742
-6.788705193857496
-6.826219496185249
-6.860836519396852
-6.8953425993681385
-6.925406811348081
-6.945727058442277
-6.966047305536479
-6.988780981371541
-7.016808908398028
-7.044836835424517
-7.072864762451001
-7.100892689477494
-7.144626366077457
-7.18896145064663
-7.2263462945255235
-7.238069514002952
-7.249792733480382
-7.269480746292782
-7.2941945603262806
-7.3189083743597685
-7.343622188393251
-7.384605002752824
-7.427135752484874
-7.466285662035881
-7.5043861253375095
-7.542486588639121
-7.580587287196959
-7.618688168271394
-7.656789049345811
-7.694889930420231
-7.7329908114946555
-7.771091692569076
-7.8091925736435
-7.847293454717917
-7.885394335792334
-7.923495216866758
-7.961596097941197
-7.999696979015635
-8.037797860090244
-8.07589874116469
-8.113999622239131
-8.152100503313573
-8.190201384388018
-8.22830226546246
-8.266403146536906
-8.304504027611348
-8.342606122582229
-8.380716305511683
-8.418836161178536
-8.456950703676224
-8.495053977709368
-8.533158457286145
-8.571267646777692
-8.609373164322186
-8.647476410866275
-8.68559597822739
-8.723737437847483
-8.761886194461098
-8.800056385912637
-8.838264242060493
-8.876481448502215
-8.914716198861129
-8.953021483369135
-8.991322633770505
-9.029508831188267
-9.066627433290424
-9.10345796362424
-9.14200224990968