3.2613996586198484
3.2613996586198484
3.2613996586198484
3.2613996586198484
3.2613996586198484
3.2613996586198484
3.2613996586198484
3.2613996586198484
3.2613996586198484
3.2613996586198484
3.2613996586198484
3.2613996586198484
3.2613996586198484
3.2613996586198484
3.2613996586198484
3.2613996586198484
3.2613996586198484
3.2613996586198484
3.2613996586198484
3.2613996586198484
3.2613996586198484
3.2613996586198484
3.2613996586198484
3.2613996586198484
3.2613996586198484
3.2613996586198484
3.2613996586198484
3.2613996586198484
3.2613996586198484
3.2613996586198484
3.2613996586198484
3.2613996586198484
3.2613996586198484
3.2613996586198484
3.2613996586198484
3.2613996586198484
3.2613996586198484
3.2613996586198484
3.2613996586198484
3.2613996586198484
3.2613996586198484
3.2613996586198484
3.2613996586198484
3.2613996586198484
3.2613996586198484
3.2613996586198484
3.2543314210883176
3.234278545666344
3.21422567024437
3.1941727948223964
3.1741199194004226
3.154067043978449
3.134014168556475
3.1139612931345013
3.08538735171679
3.054010499585937
3.022633647455084
2.9912567953242313
2.9598799431933784
2.9285030910625256
2.8971262389316728
2.9179674751042466
2.9414139140591695
2.9712464809106542
3.0128106226943814
3.075376163668542
3.2546724615591307
3.4339687594497184
3.613265057340307
3.7723238234897867
3.924725676696787
4.111531333863951
4.309653743033051
4.372184689534526
4.390114319323583
4.2208351340423675
4.0291176374021
3.837400140761832
3.645682644121565
3.4539651474812967
3.2622476508410294
3.0705301542007613
2.878812657560494
2.6870951609202267
2.248907278666116
2.067930077982803
1.907097354271325
1.7832708485406417
1.659444342809954
1.53126066808833
1.37885881488133
1.2264569616743302
1.0740551084673298
0.906794612453953
0.7274983145633647
0.5482020166727761
0.35204963557050983
0.21658132160917654
0.10657330963309017
0.06854647424838389
0.03329066080892268
0.030233044239842355
0.2697216707072001
0.3669070261671371
0.396244818336991
0.396244818336991
0.3320848573343923
0.2208567016029543
0.11551271567807742
0.007934936944078708
-0.10664126677257774
-0.24371280105607881
-0.4269830142751925
-0.5973112626347635
-0.7689150741836487
-0.9307947344511216
-1.0581879548564148
-1.1833671167503217
-1.3261506540172137
-1.43048547949478
-1.4827345304316906
-1.5624928775030826
-1.7055948403916457
-1.8832304469927459
-2.097113322326469
-2.3155551641282153
-2.508127760958296
-2.7327269241913172
-2.971759653425021
-3.1788041048210434
-3.343016894500594
-3.5071723107011943
-3.6951986679140596
-3.888244717248292
-4.081287694084786
-4.249148988073911
-4.41171096482751
-4.5742729415811105
-4.694108983647178
-4.8049534129142835
-4.915797842181391
-5.002489935645334
-5.067447037715283
-5.132404139785233
-5.197361241855182
-5.262318343925132
-5.327275445995083
-5.386503154340826
-5.438018548165646
-5.489533941990466
-5.541049335815284
-5.592564729640104
-5.6440801234649225
-5.695595517289743
-5.745289481236265
-5.791220065232306
-5.837150649228347
-5.883081233224388
-5.929011817220429
-5.9749424012164685
-6.02087298521251
-6.0664941366410545
-6.10067709094991
-6.134860045258764
-6.169042999567617
-6.203225953876471
-6.237408908185325
-6.271591862494178
-6.305774816803032
-6.3399577711118855
-6.374140725420739
-6.408323679729593
-6.439418477550424
-6.464132625558882
-6.488846773567342
-6.513560921575801
-6.538275069584261
-6.562989217592719
-6.587703365601179
-6.612417513609637
-6.640323823459999
-6.676900268229559
-6.713676589201979
-6.751190891529733
-6.788705193857487
-6.8262194961852405
-6.860836519396845
-6.895342599368128
-6.9254068113480685
-6.9457270584422695
-6.966047305536469
-6.988780981371532
-7.016808908398016
-7.044836835424498
-7.0728647624509815
-7.100892689477465
-7.144626366077425
-7.188961450646589
-7.226346294525477
-7.238069514002902
-7.249792733480325
-7.26948074629272
-7.294194560326206
-7.318908374359692
-7.34362218839318
-7.3846050027527586
-7.427135752484805
-7.466285662035816
-7.50438612533744
-7.542486588639067
-7.580587287196922
-7.618688168271364
-7.6567890493458055
-7.694889930420247
-7.732990811494693
-7.7710916925691365
-7.809192573643578
-7.847293454718024
-7.885394335792467
-7.923495216866909
-7.961596097941355
-7.999696979015798
-8.037797860090244
-8.07589874116469
-8.113999622239131
-8.152100503313573
-8.190201384388018
-8.22830226546246
-8.266403146536906
-8.304504027611348
-8.342604908685793
-8.380705789760235
-8.418806670834677
-8.456907551909122
-8.495008432983564
-8.53310931405801
-8.571210195132451
-8.609311076206897
-8.647411957281339
-8.68551283835578
-8.723613719430226
-8.761714600504668
-8.799815481579113
-8.837916362653555
-8.876017243728
-8.914118124802442
-8.952219005876888
-8.99031988695133
-9.028420768025772
-9.066521649100217
-9.104622530174659
-9.142723411249104