3.2613996586198484
3.2613996586198484
3.2613996586198484
3.2613996586198484
3.2613996586198484
3.2613996586198484
3.2613996586198484
3.2613996586198484
3.2613996586198484
3.2613996586198484
3.2613996586198484
3.2613996586198484
3.2613996586198484
3.2613996586198484
3.2613996586198484
3.2613996586198484
3.2613996586198484
3.2613996586198484
3.2613996586198484
3.2613996586198484
3.2613996586198484
3.2613996586198484
3.2613996586198484
3.2613996586198484
3.2613996586198484
3.2613996586198484
3.2613996586198484
3.2613996586198484
3.2613996586198484
3.2613996586198484
3.2613996586198484
3.2613996586198484
3.2613996586198484
3.2613996586198484
3.2613996586198484
3.2613996586198484
3.2613996586198484
3.2613996586198484
3.2613996586198484
3.2613996586198484
3.2613996586198484
3.2613996586198484
3.2613996586198484
3.2613996586198484
3.2613996586198484
3.2613996586198484
3.2543314210883176
3.234278545666344
3.21422567024437
3.1941727948223964
3.1741199194004226
3.154067043978449
3.134014168556475
3.1139612931345013
3.08538735171679
3.054010499585937
3.022633647455084
2.9912567953242313
2.9598799431933784
2.9285030910625256
2.8971262389316728
2.9179674751042466
2.9414139140591695
2.9712464809106542
3.0128106226943814
3.075376163668542
3.2546724615591307
3.4339687594497184
3.613265057340307
3.7723238234897867
3.924725676696787
4.111531333863951
4.309653743033051
4.372184689534526
4.390114319323583
4.2208351340423675
4.0291176374021
3.837400140761832
3.645682644121565
3.4539651474812967
3.2622476508410294
3.0705301542007613
2.878812657560494
2.6870951609202267
2.248907278666116
2.067930077982803
1.907097354271325
1.7832708485406417
1.659444342809954
1.53126066808833
1.37885881488133
1.2264569616743302
1.0740551084673298
0.9067946124539531
0.7274983145633647
0.5482020166727761
0.3520496355705098
0.21658132160917654
0.1065733096330902
0.06854647424838392
0.03329066080892268
0.030233044239842438
0.2697216707072001
0.36690702616713705
0.396244818336991
0.396244818336991
0.3320848573343923
0.22085670160295426
0.09919953558449676
-0.017855920493542853
-0.1653853662030427
-0.34530541997662506
-0.5452508811635811
-0.6808443259165458
-0.781028320890277
-0.8788335476811656
-0.9853730967742036
-1.119656266892756
-1.2673096734520932
-1.3748470692348926
-1.4428352695674571
-1.537923677934423
-1.6854944318211598
-1.8664302991391881
-2.088075794223088
-2.313034435276805
-2.5078044199431098
-2.7326494337134095
-2.9717248141574775
-3.178787939760677
-3.3430099828535873
-3.507170119552856
-3.695198258993143
-3.8882446913730133
-4.081287694084786
-4.249148988073911
-4.41171096482751
-4.5742729415811105
-4.694108983647178
-4.8049534129142835
-4.915797842181391
-5.002489935645334
-5.067447037715283
-5.132404139785233
-5.197361241855182
-5.262318343925132
-5.327275445995083
-5.386503154340826
-5.438018548165646
-5.489533941990466
-5.541049335815284
-5.592564729640104
-5.6440801234649225
-5.695595517289743
-5.745289481236265
-5.791220065232306
-5.837150649228347
-5.883081233224388
-5.929011817220429
-5.9749424012164685
-6.02087298521251
-6.0664941366410545
-6.10067709094991
-6.134860045258764
-6.169042999567617
-6.203225953876471
-6.237408908185325
-6.271591862494178
-6.305774816803032
-6.3399577711118855
-6.374140725420739
-6.408323679729593
-6.439418477550424
-6.464132625558882
-6.488846773567342
-6.513560921575801
-6.538275069584261
-6.562989217592719
-6.587703365601179
-6.612417513609637
-6.640323823459999
-6.676900268229559
-6.713676589201979
-6.751190891529733
-6.788705193857487
-6.8262194961852405
-6.860836519396845
-6.895342599368128
-6.9254068113480685
-6.9457270584422695
-6.966047305536469
-6.988780981371532
-7.016808908398016
-7.044836835424498
-7.0728647624509815
-7.100892689477465
-7.144626366077425
-7.188961450646589
-7.226346294525477
-7.238069514002902
-7.249792733480325
-7.26948074629272
-7.294194560326206
-7.318908374359691
-7.343622188393177
-7.384605002752756
-7.427135752484799
-7.466285662035809
-7.504386125337434
-7.542486588639062
-7.580587287196917
-7.618688168271361
-7.656789049345805
-7.6948899304202465
-7.732990811494692
-7.771091692569136
-7.809192573643577
-7.847293454718023
-7.8853943357924665
-7.923495216866908
-7.961596097941354
-7.9996969790157975
-8.037797860090244
-8.07589874116469
-8.113999622239131
-8.152100503313573
-8.190201384388018
-8.22830226546246
-8.266403146536906
-8.304504027611348
-8.342604908685793
-8.380705789760235
-8.418806670834677
-8.456907551909122
-8.495008432983564
-8.53310931405801
-8.571210195132451
-8.609311076206897
-8.647411957281339
-8.68551283835578
-8.723613719430226
-8.761714600504668
-8.799815481579113
-8.837916362653555
-8.876017243728
-8.914118124802442
-8.952219005876888
-8.99031988695133
-9.028420768025772
-9.066521649100217
-9.104622530174659
-9.142723411249104