3.2613996586198484
3.2613996586198484
3.2613996586198484
3.2613996586198484
3.2613996586198484
3.2613996586198484
3.2613996586198484
3.2613996586198484
3.2613996586198484
3.2613996586198484
3.2613996586198484
3.2613996586198484
3.2613996586198484
3.2613996586198484
3.2613996586198484
3.2613996586198484
3.2613996586198484
3.2613996586198484
3.2613996586198484
3.2613996586198484
3.2613996586198484
3.2613996586198484
3.2613996586198484
3.2613996586198484
3.2613996586198484
3.2613996586198484
3.2613996586198484
3.2613996586198484
3.2613996586198484
3.2613996586198484
3.2613996586198484
3.2613996586198484
3.2613996586198484
3.2613996586198484
3.2613996586198484
3.2613996586198484
3.2613996586198484
3.2613996586198484
3.2613996586198484
3.2613996586198484
3.2613996586198484
3.2613996586198484
3.2613996586198484
3.2613996586198484
3.2613996586198484
3.2613996586198484
3.2543314210883176
3.234278545666344
3.21422567024437
3.1941727948223964
3.1741199194004226
3.154067043978449
3.134014168556475
3.1139612931345013
3.08538735171679
3.054010499585937
3.022633647455084
2.9912567953242313
2.9598799431933784
2.9285030910625256
2.8971262389316728
2.9179674751042466
2.9414139140591695
2.9712464809106542
3.0128106226943814
3.075376163668542
3.2546724615591307
3.4339687594497184
3.613265057340307
3.7723238234897867
3.9247256766967853
4.111531333863951
4.309653743033051
4.372184689534526
4.390114319323583
4.2208351340423675
4.0291176374021
3.837400140761832
3.645682644121565
3.4539651474812967
3.2622476508410294
3.0705301542007613
2.878812657560494
2.6870951609202267
2.248907278666116
2.067930077982803
1.907097354271325
1.7832708485406417
1.659444342809954
1.528685898252395
1.3673441398347248
1.2073913539060446
1.0533396974854912
0.906794612453953
0.7274983145633647
0.5483528664607171
0.36704568967871976
0.227153849486258
0.10809495308816969
0.06891764905051573
0.033768686054281905
0.030594478044847495
0.2697216707072001
0.36690702616713705
0.396244818336991
0.396244818336991
0.3320848573343923
0.2208567016029543
0.0033650328534875484
-0.4538405267660124
-0.4405132346666092
-0.4108286361496973
-0.6005560945655436
-0.7214735309075081
-0.8463902654414355
-0.9516928014886173
-1.0600079199130839
-1.1778658124977581
-1.2845630635209613
-1.3855462232840519
-1.481897594076966
-1.567828350257778
-1.6447705522138494
-1.7318899938480632
-1.8642088351324813
-2.0387953752770707
-2.256608938380376
-2.549882022853231
-2.8546972557823964
-3.1126405894476687
-3.3129659478011084
-3.4965508398054963
-3.6918548824499666
-3.887054926181463
-4.0808390257511205
-4.249000304655609
-4.411654789343144
-4.574251291353646
-4.694101271831044
-4.804951478612338
-4.9157974788435075
-5.002489872592214
-5.0674470292361065
-5.132404139785233
-5.197361241855182
-5.262318343925132
-5.327275445995083
-5.386503154340826
-5.438018548165646
-5.489533941990466
-5.541049335815284
-5.592564729640104
-5.6440801234649225
-5.695595517289743
-5.745289481236265
-5.791220065232306
-5.837150649228347
-5.883081233224388
-5.929011817220429
-5.9749424012164685
-6.02087298521251
-6.0664941366410545
-6.10067709094991
-6.134860045258764
-6.169042999567617
-6.203225953876471
-6.237408908185325
-6.271591862494178
-6.305774816803032
-6.3399577711118855
-6.374140725420739
-6.408323679729593
-6.439418477550424
-6.464132625558882
-6.488846773567342
-6.513560921575801
-6.538275069584261
-6.562989217592719
-6.587703365601179
-6.612417513609637
-6.640323823459999
-6.676900268229559
-6.713676589201979
-6.751190891529733
-6.788705193857487
-6.8262194961852405
-6.860836519396845
-6.895342599368128
-6.9254068113480685
-6.9457270584422695
-6.966047305536469
-6.988780981371532
-7.016808908398016
-7.044836835424498
-7.0728647624509815
-7.100892689477465
-7.144626366077425
-7.188961450646589
-7.2263462945254755
-7.238069514002904
-7.2497927334803265
-7.269480746292722
-7.294194560326211
-7.318908374359696
-7.343622188393182
-7.384605002752762
-7.427135752484805
-7.466285662035816
-7.504386125337438
-7.542486588639065
-7.580587287196918
-7.618688168271364
-7.656789049345804
-7.694889930420246
-7.732990811494689
-7.771091692569135
-7.809192573643575
-7.847293454718018
-7.8853943357924585
-7.923495216866902
-7.961596097941351
-7.999696979015798
-8.037797860090244
-8.07589874116469
-8.113999622239131
-8.152100503313573
-8.190201384388018
-8.22830226546246
-8.266403146536906
-8.304504027611348
-8.342604908685793
-8.380705789760235
-8.418806670834677
-8.456907551909122
-8.495008432983564
-8.53310931405801
-8.571210195132451
-8.609311076206897
-8.647411957281339
-8.68551283835578
-8.723613719430226
-8.761714600504668
-8.799815481579113
-8.837916362653555
-8.876017243728
-8.914118124802442
-8.952219005876888
-8.99031988695133
-9.028420768025772
-9.066521649100217
-9.104622530174659
-9.142723411249104