3.2613996586198484
3.2613996586198484
3.2613996586198484
3.2613996586198484
3.2613996586198484
3.2613996586198484
3.2613996586198484
3.2613996586198484
3.2613996586198484
3.2613996586198484
3.2613996586198484
3.2613996586198484
3.2613996586198484
3.2613996586198484
3.2613996586198484
3.2613996586198484
3.2613996586198484
3.2613996586198484
3.2613996586198484
3.2613996586198484
3.2613996586198484
3.2613996586198484
3.2613996586198484
3.2613996586198484
3.2613996586198484
3.2613996586198484
3.2613996586198484
3.2613996586198484
3.2613996586198484
3.2613996586198484
3.2613996586198484
3.2613996586198484
3.2613996586198484
3.2613996586198484
3.2613996586198484
3.2613996586198484
3.2613996586198484
3.2613996586198484
3.2613996586198484
3.2613996586198484
3.2613996586198484
3.2613996586198484
3.2613996586198484
3.2613996586198484
3.2613996586198484
3.2613996586198484
3.2543314210883176
3.234278545666344
3.21422567024437
3.1941727948223964
3.1741199194004226
3.154067043978449
3.134014168556475
3.1139612931345013
3.08538735171679
3.054010499585937
3.022633647455084
2.9912567953242313
2.9598799431933784
2.9285030910625256
2.8971262389316728
2.9179674751042466
2.9414139140591695
2.9712464809106542
3.0128106226943814
3.075376163668542
3.2546724615591307
3.4339687594497184
3.613265057340307
3.7723238234897867
3.9247256766967853
4.111531333863951
4.309653743033051
4.372184689534526
4.390114319323583
4.2208351340423675
4.0291176374021
3.837400140761832
3.645682644121565
3.4539651474812967
3.2622476508410294
3.0705301542007613
2.878812657560494
2.6870951609202267
2.248907278666116
2.067930077982803
1.907097354271325
1.7832708485406417
1.659444342809954
1.528569667429472
1.3669746741722368
1.2067392065052505
1.052191639989902
0.9067946124539531
0.7274983145633647
0.5482020166727761
0.3656048887665988
0.21833426296081526
0.6575126844280939
0.6856411216639612
0.31834262005050584
0.08070459418192483
0.276758836855151
0.3669070261671371
0.396244818336991
0.396244818336991
0.3320848573343923
0.22085670160295426
0.0033650328534875484
-0.4538405267660124
-0.7933013702555871
-0.3839102392203815
-0.7415840202309176
-0.8015154545759063
-0.9121515594599483
-1.041145444016249
-1.1459502849958876
-1.2553725688484019
-1.3596310338268507
-1.4700964199320123
-1.5817805045869602
-1.6895362337097484
-1.793401656671856
-1.884257846164603
-1.9592391470817685
-2.022867197453146
-2.1161433398524285
-2.2943222094364346
-2.5282236125553736
-2.797152891062885
-3.072368347348919
-3.341827866257306
-3.6001299141744965
-3.833752195184969
-4.051956836265321
-4.235990501384503
-4.4071290343804
-4.572874561991174
-4.693619238001978
-4.804773643096275
-4.915726297146673
-5.002459352907413
-5.067432797515919
-5.132398660629506
-5.197359702943877
-5.262318020051293
-5.327275400514237
-5.386503150331723
-5.438018548165646
-5.489533941990466
-5.541049335815284
-5.592564729640104
-5.6440801234649225
-5.695595517289743
-5.745289481236265
-5.791220065232306
-5.837150649228347
-5.883081233224388
-5.929011817220429
-5.9749424012164685
-6.02087298521251
-6.0664941366410545
-6.10067709094991
-6.134860045258764
-6.169042999567617
-6.203225953876471
-6.237408908185325
-6.271591862494178
-6.305774816803032
-6.3399577711118855
-6.374140725420739
-6.408323679729593
-6.439418477550424
-6.464132625558882
-6.488846773567342
-6.513560921575801
-6.538275069584261
-6.562989217592719
-6.587703365601179
-6.612417513609637
-6.640323823459999
-6.676900268229559
-6.713676589201979
-6.751190891529733
-6.788705193857487
-6.8262194961852405
-6.860836519396845
-6.895342599368128
-6.9254068113480685
-6.9457270584422695
-6.966047305536469
-6.988780981371532
-7.016808908398016
-7.044836835424498
-7.0728647624509815
-7.100892689477465
-7.144626366077425
-7.188961450646589
-7.2263462945254755
-7.238069514002904
-7.2497927334803265
-7.269480746292722
-7.294194560326211
-7.318908374359696
-7.343622188393182
-7.384605002752762
-7.427135752484805
-7.466285662035816
-7.504386125337438
-7.542486588639063
-7.580587287196916
-7.61868816827136
-7.656789049345797
-7.694889930420235
-7.732990811494675
-7.771091692569117
-7.809192573643555
-7.847293454717995
-7.885394335792432
-7.923495216866872
-7.961596097941317
-7.999696979015761
-8.037797860090244
-8.07589874116469
-8.113999622239131
-8.152100503313573
-8.190201384388018
-8.22830226546246
-8.266403146536906
-8.304504027611348
-8.342604908685793
-8.380705789760235
-8.418806670834677
-8.456907551909122
-8.495008432983564
-8.53310931405801
-8.571210195132451
-8.609311076206897
-8.647411957281339
-8.68551283835578
-8.723613719430226
-8.761714600504668
-8.799815481579113
-8.837916362653555
-8.876017243728
-8.914118124802442
-8.952219005876888
-8.99031988695133
-9.028420768025772
-9.066521649100217
-9.104622530174659
-9.142723411249104