3.2613996586198484
3.2613996586198484
3.2613996586198484
3.2613996586198484
3.2613996586198484
3.2613996586198484
3.2613996586198484
3.2613996586198484
3.2613996586198484
3.2613996586198484
3.2613996586198484
3.2613996586198484
3.2613996586198484
3.2613996586198484
3.2613996586198484
3.2613996586198484
3.2613996586198484
3.2613996586198484
3.2613996586198484
3.2613996586198484
3.2613996586198484
3.2613996586198484
3.2613996586198484
3.2613996586198484
3.2613996586198484
3.2613996586198484
3.2613996586198484
3.2613996586198484
3.2613996586198484
3.2613996586198484
3.2613996586198484
3.2613996586198484
3.2613996586198484
3.2613996586198484
3.2613996586198484
3.2613996586198484
3.2613996586198484
3.2613996586198484
3.2613996586198484
3.2613996586198484
3.2613996586198484
3.2613996586198484
3.2613996586198484
3.2613996586198484
3.2613996586198484
3.2613996586198484
3.2543314210883176
3.234278545666344
3.21422567024437
3.1941727948223964
3.1741199194004226
3.154067043978449
3.134014168556475
3.1139612931345013
3.08538735171679
3.054010499585937
3.022633647455084
2.9912567953242313
2.9598799431933784
2.9285030910625256
2.8971262389316728
2.9179674751042466
2.9414139140591695
2.9712464809106542
3.0128106226943814
3.075376163668542
3.2546724615591307
3.4339687594497184
3.613265057340307
3.7723238234897867
3.9247256766967853
4.111531333863951
4.309653743033051
4.372184689534526
4.390114319323583
4.2208351340423675
4.0291176374021
3.837400140761832
3.645682644121565
3.4539651474812967
3.2622476508410294
3.0705301542007613
2.878812657560494
2.6870951609202267
2.248907278666116
2.067930077982803
1.907097354271325
1.7811804518231327
1.6502028967876665
1.5106783519014029
1.3429345166683562
1.1907437112947576
1.0603303767445809
0.9324280104380501
0.7496418471615699
0.5569563729825163
0.36668122630972805
0.21962757915649028
0.6550385314648237
0.6791121160766923
0.3170297386822362
0.0862775562407505
0.28111279183403187
0.3674692770636743
0.396244818336991
0.396244818336991
0.3320848573343923
0.22085670160295426
0.0033650328534875484
-0.4538405267660124
-0.8970145338483265
-0.378793426771315
-0.7647239348136515
-0.807796693222104
-0.9148527062360754
-1.048295013659483
-1.1493598058467478
-1.2583614967407601
-1.3628573872590077
-1.472609564950171
-1.583778797315193
-1.6925362745599646
-1.798987443322161
-1.8920860691076171
-1.966961008866232
-2.0276178719709526
-2.113702045965978
-2.27897078314242
-2.4992349167752317
-2.7617892695944546
-3.039730852124765
-3.3167497490002047
-3.582919319269428
-3.8230623361836944
-4.045849024804936
-4.232461912413411
-4.405042908507239
-4.571727525731303
-4.693120415239802
-4.80463828028492
-4.915694647803195
-5.002442460559617
-5.06742522283567
-5.132395621727432
-5.197358531416331
-5.262317483197373
-5.3272751505382905
-5.386503066389864
-5.438018527762537
-5.48953393926171
-5.541049335815284
-5.592564729640104
-5.6440801234649225
-5.695595517289743
-5.745289481236265
-5.791220065232306
-5.837150649228347
-5.883081233224388
-5.929011817220429
-5.9749424012164685
-6.02087298521251
-6.0664941366410545
-6.10067709094991
-6.134860045258764
-6.169042999567617
-6.203225953876471
-6.237408908185325
-6.271591862494178
-6.305774816803032
-6.3399577711118855
-6.374140725420739
-6.408323679729593
-6.439418477550424
-6.464132625558882
-6.488846773567342
-6.513560921575801
-6.538275069584261
-6.562989217592719
-6.587703365601179
-6.612417513609637
-6.640323823459999
-6.676900268229559
-6.713676589201979
-6.751190891529733
-6.788705193857487
-6.8262194961852405
-6.860836519396845
-6.895342599368128
-6.9254068113480685
-6.9457270584422695
-6.966047305536469
-6.988780981371532
-7.016808908398016
-7.044836835424498
-7.0728647624509815
-7.100892689477465
-7.144626366077425
-7.188961450646589
-7.2263462945254755
-7.238069514002904
-7.2497927334803265
-7.269480746292722
-7.294194560326211
-7.3189083743596965
-7.343622188393181
-7.384605002752761
-7.427135752484804
-7.466285662035813
-7.504386125337436
-7.54248658863906
-7.580587287196914
-7.618688168271357
-7.656789049345794
-7.694889930420232
-7.732990811494672
-7.771091692569114
-7.809192573643553
-7.847293454717993
-7.885394335792429
-7.923495216866869
-7.961596097941315
-7.999696979015758
-8.037797860090244
-8.07589874116469
-8.113999622239131
-8.152100503313573
-8.190201384388018
-8.22830226546246
-8.266403146536906
-8.304504027611348
-8.342604908685793
-8.380705789760235
-8.418806670834677
-8.456907551909122
-8.495008432983564
-8.53310931405801
-8.571210195132451
-8.609311076206897
-8.647411957281339
-8.68551283835578
-8.723613719430226
-8.761714600504668
-8.799815481579113
-8.837916362653555
-8.876017243728
-8.914118124802442
-8.952219005876888
-8.99031988695133
-9.028420768025772
-9.066521649100217
-9.104622530174659
-9.142723411249104