3.2613996586198484
3.2613996586198484
3.2613996586198484
3.2613996586198484
3.2613996586198484
3.2613996586198484
3.2613996586198484
3.2613996586198484
3.2613996586198484
3.2613996586198484
3.2613996586198484
3.2613996586198484
3.2613996586198484
3.2613996586198484
3.2613996586198484
3.2613996586198484
3.2613996586198484
3.2613996586198484
3.2613996586198484
3.2613996586198484
3.2613996586198484
3.2613996586198484
3.2613996586198484
3.2613996586198484
3.2613996586198484
3.2613996586198484
3.2613996586198484
3.2613996586198484
3.2613996586198484
3.2613996586198484
3.2613996586198484
3.2613996586198484
3.2613996586198484
3.2613996586198484
3.2613996586198484
3.2613996586198484
3.2613996586198484
3.2613996586198484
3.2613996586198484
3.2613996586198484
3.2613996586198484
3.2613996586198484
3.2613996586198484
3.2613996586198484
3.2613996586198484
3.2613996586198484
3.2543314210883176
3.234278545666344
3.21422567024437
3.1941727948223964
3.1741199194004226
3.154067043978449
3.134014168556475
3.1139612931345013
3.08538735171679
3.054010499585937
3.022633647455084
2.9912567953242313
2.9598799431933784
2.9285030910625256
2.8971262389316728
2.9179674751042466
2.9414139140591695
2.9712464809106542
3.0128106226943814
3.075376163668542
3.2546724615591307
3.4339687594497184
3.613265057340307
3.7723238234897867
3.9247256766967853
4.111531333863951
4.309653743033051
4.372184689534526
4.390114319323583
4.2208351340423675
4.0291176374021
3.837400140761832
3.645682644121565
3.4539651474812967
3.2622476508410294
3.0705301542007613
2.878812657560494
2.6870951609202267
2.248907278666116
2.067930077982803
1.906532783919963
1.7668088962863577
1.6008019037520638
1.4308420309350418
1.264188141643576
1.1390417428009334
1.0431995410626054
0.9785921301467371
0.844245943319315
0.6150949379149685
0.38695702222774153
0.23971450260844146
0.6634358680808826
0.6780229592068368
0.3170614649381947
0.08751664190092659
0.28172999505494273
0.36690702616713705
0.396244818336991
0.396244818336991
0.3320848573343923
0.22085670160295426
0.0033650328534875484
-0.4538405267660124
-0.9110460863855123
-0.708067861863478
-0.8134817735599653
-0.8742670218969872
-0.9685483470887225
-1.0918525311844098
-1.1721319939267871
-1.282643188504536
-1.3855848621673248
-1.4894125538855865
-1.5980832226782047
-1.7093098918247287
-1.8235908680828445
-1.9261481933581936
-2.007901889745865
-2.068891708660941
-2.136060370098529
-2.250373936664859
-2.4049595513360824
-2.620594411012833
-2.884783567874918
-3.1766610645032562
-3.47466387942895
-3.7499133637304496
-4.000460268350705
-4.206231912198472
-4.391637893914357
-4.565178310611377
-4.689949278911628
-4.803426358810589
-4.915245895232176
-5.002227324207832
-5.06734491123074
-5.1323707868833734
-5.197348709303814
-5.2623126781553236
-5.327272880358945
-5.386502292027704
-5.438018278982394
-5.489533870981948
-5.541049319064998
-5.59256472548843
-5.644080122864512
-5.695595517289743
-5.745289481236265
-5.791220065232306
-5.837150649228347
-5.883081233224388
-5.929011817220429
-5.9749424012164685
-6.02087298521251
-6.0664941366410545
-6.10067709094991
-6.134860045258764
-6.169042999567617
-6.203225953876471
-6.237408908185325
-6.271591862494178
-6.305774816803032
-6.3399577711118855
-6.374140725420739
-6.408323679729593
-6.439418477550424
-6.464132625558882
-6.488846773567342
-6.513560921575801
-6.538275069584261
-6.562989217592719
-6.587703365601179
-6.612417513609637
-6.640323823459999
-6.676900268229559
-6.713676589201979
-6.751190891529733
-6.788705193857487
-6.8262194961852405
-6.860836519396845
-6.895342599368128
-6.9254068113480685
-6.9457270584422695
-6.966047305536469
-6.988780981371532
-7.016808908398016
-7.044836835424498
-7.0728647624509815
-7.100892689477465
-7.144626366077425
-7.188961450646589
-7.2263462945254755
-7.238069514002904
-7.2497927334803265
-7.269480746292722
-7.294194560326211
-7.3189083743596965
-7.343622188393181
-7.384605002752761
-7.427135752484804
-7.466285662035813
-7.504386125337436
-7.54248658863906
-7.580587287196914
-7.618688168271357
-7.656789049345794
-7.694889930420232
-7.732990811494672
-7.771091692569114
-7.809192573643553
-7.847293454717993
-7.885394335792429
-7.923495216866869
-7.961596097941315
-7.999696979015758
-8.037797860090244
-8.07589874116469
-8.113999622239131
-8.152100503313573
-8.190201384388018
-8.22830226546246
-8.266403146536906
-8.304504027611348
-8.342604908685793
-8.380705789760235
-8.418806670834677
-8.456907551909122
-8.495008432983564
-8.53310931405801
-8.571210195132451
-8.609311076206897
-8.647411957281339
-8.68551283835578
-8.723613719430226
-8.761714600504668
-8.799815481579113
-8.837916362653555
-8.876017243728
-8.914118124802442
-8.952219005876888
-8.99031988695133
-9.028420768025772
-9.066521649100217
-9.104622530174659
-9.142723411249104