3.2613996586198484
3.2613996586198484
3.2613996586198484
3.2613996586198484
3.2613996586198484
3.2613996586198484
3.2613996586198484
3.2613996586198484
3.2613996586198484
3.2613996586198484
3.2613996586198484
3.2613996586198484
3.2613996586198484
3.2613996586198484
3.2613996586198484
3.2613996586198484
3.2613996586198484
3.2613996586198484
3.2613996586198484
3.2613996586198484
3.2613996586198484
3.2613996586198484
3.2613996586198484
3.2613996586198484
3.2613996586198484
3.2613996586198484
3.2613996586198484
3.2613996586198484
3.2613996586198484
3.2613996586198484
3.2613996586198484
3.2613996586198484
3.2613996586198484
3.2613996586198484
3.2613996586198484
3.2613996586198484
3.2613996586198484
3.2613996586198484
3.2613996586198484
3.2613996586198484
3.2613996586198484
3.2613996586198484
3.2613996586198484
3.2613996586198484
3.2613996586198484
3.2613996586198484
3.2543314210883176
3.234278545666344
3.21422567024437
3.1941727948223964
3.1741199194004226
3.154067043978449
3.134014168556475
3.1139612931345013
3.08538735171679
3.054010499585937
3.022633647455084
2.9912567953242313
2.9598799431933784
2.9285030910625256
2.8971262389316728
2.9179674751042466
2.9414139140591695
2.9712464809106542
3.0128106226943814
3.075376163668542
3.2546724615591307
3.4339687594497184
3.613265057340307
3.7723238234897867
3.9247256766967853
4.111531333863951
4.309653743033051
4.372184689534526
4.390114319323583
4.2208351340423675
4.0291176374021
3.837400140761832
3.645682644121565
3.4539651474812967
3.2622476508410294
3.0705301542007613
2.878812657560494
2.6870951609202267
2.248907278666116
2.067930077982803
1.9051416280755595
1.7605319986702919
1.589067969264491
1.4173798008578016
1.2556598232914278
1.1376784305829808
1.0429907104837326
0.9805432880954331
0.856034926562118
0.626990991746361
0.391990005484196
0.24265277283033107
0.6644238605844118
0.675921680916588
0.3133240030726876
0.08771367413580956
0.28555478200807094
0.36731105134933156
0.396244818336991
0.396244818336991
0.3320848573343923
0.22085670160295426
0.0033650328534875484
-0.4538405267660124
-0.9110460863855123
-0.7674555889282473
-0.8220728041488707
-0.9034062699836216
-0.989921140427308
-1.105854776434649
-1.1831786026868747
-1.2941616929260038
-1.3952869777193937
-1.4972408531732104
-1.6053775481771764
-1.7167093898143044
-1.8322697933559322
-1.9373215959644194
-2.0226356360478146
-2.0870937995815484
-2.1531206072369096
-2.256718582566019
-2.393283975748737
-2.5907095971881766
-2.8422641758104783
-3.130411150437083
-3.4326511477176607
-3.7164354140086764
-3.976946764350909
-4.19169142307925
-4.383113401815688
-4.559807084806698
-4.686507699356637
-4.80149880357427
-4.914195897945063
-5.001645692868651
-5.067123367438899
-5.13232241232977
-5.197335465867946
-5.262306726857494
-5.327269689702546
-5.386500625030797
-5.4380175827236785
-5.489533602974545
-5.541049224256552
-5.592564695481673
-5.644080116261611
-5.695595516690769
-5.745289481236265
-5.791220065232306
-5.837150649228347
-5.883081233224388
-5.929011817220429
-5.9749424012164685
-6.02087298521251
-6.0664941366410545
-6.10067709094991
-6.134860045258764
-6.169042999567617
-6.203225953876471
-6.237408908185325
-6.271591862494178
-6.305774816803032
-6.3399577711118855
-6.374140725420739
-6.408323679729593
-6.439418477550424
-6.464132625558882
-6.488846773567342
-6.513560921575801
-6.538275069584261
-6.562989217592719
-6.587703365601179
-6.612417513609637
-6.640323823459999
-6.676900268229559
-6.713676589201979
-6.751190891529733
-6.788705193857487
-6.8262194961852405
-6.860836519396845
-6.895342599368128
-6.9254068113480685
-6.9457270584422695
-6.966047305536469
-6.988780981371532
-7.016808908398016
-7.044836835424498
-7.0728647624509815
-7.100892689477465
-7.144626366077425
-7.188961450646589
-7.2263462945254755
-7.238069514002904
-7.2497927334803265
-7.269480746292722
-7.294194560326211
-7.318908374359696
-7.343622188393179
-7.3846050027527586
-7.427135752484803
-7.46628566203581
-7.504386125337435
-7.5424865886390595
-7.580587287196911
-7.6186881682713565
-7.656789049345791
-7.69488993042023
-7.7329908114946715
-7.771091692569113
-7.809192573643552
-7.84729345471799
-7.885394335792428
-7.923495216866867
-7.961596097941312
-7.9996969790157575
-8.037797860090244
-8.07589874116469
-8.113999622239131
-8.152100503313573
-8.190201384388018
-8.22830226546246
-8.266403146536906
-8.304504027611348
-8.342604908685793
-8.380705789760235
-8.418806670834677
-8.456907551909122
-8.495008432983564
-8.53310931405801
-8.571210195132451
-8.609311076206897
-8.647411957281339
-8.68551283835578
-8.723613719430226
-8.761714600504668
-8.799815481579113
-8.837916362653555
-8.876017243728
-8.914118124802442
-8.952219005876888
-8.99031988695133
-9.028420768025772
-9.066521649100217
-9.104622530174659
-9.142723411249104