3.2613996586198484
3.2613996586198484
3.2613996586198484
3.2613996586198484
3.2613996586198484
3.2613996586198484
3.2613996586198484
3.2613996586198484
3.2613996586198484
3.2613996586198484
3.2613996586198484
3.2613996586198484
3.2613996586198484
3.2613996586198484
3.2613996586198484
3.2613996586198484
3.2613996586198484
3.2613996586198484
3.2613996586198484
3.2613996586198484
3.2613996586198484
3.2613996586198484
3.2613996586198484
3.2613996586198484
3.2613996586198484
3.2613996586198484
3.2613996586198484
3.2613996586198484
3.2613996586198484
3.2613996586198484
3.2613996586198484
3.2613996586198484
3.2613996586198484
3.2613996586198484
3.2613996586198484
3.2613996586198484
3.2613996586198484
3.2613996586198484
3.2613996586198484
3.2613996586198484
3.2613996586198484
3.2613996586198484
3.2613996586198484
3.2613996586198484
3.2613996586198484
3.2613996586198484
3.2543314210883176
3.234278545666344
3.21422567024437
3.1941727948223964
3.1741199194004226
3.154067043978449
3.134014168556475
3.1139612931345013
3.08538735171679
3.054010499585937
3.022633647455084
2.9912567953242313
2.9598799431933784
2.9285030910625256
2.8971262389316728
2.9179674751042466
2.9414139140591695
2.9712464809106542
3.0128106226943814
3.075376163668542
3.2546724615591307
3.4339687594497184
3.613265057340307
3.7723238234897867
3.9247256766967853
4.111531333863951
4.309653743033051
4.372184689534526
4.390114319323583
4.2208351340423675
4.0291176374021
3.837400140761832
3.645682644121565
3.4539651474812967
3.2622476508410294
3.0705301542007613
2.878812657560494
2.6870951609202267
2.248907278666116
2.067599915928319
1.90250225000382
1.7537221808198784
1.578922136893603
1.4076753221772205
1.250620060362936
1.1374085567007077
1.0407237144429449
0.9778167670882244
0.8670218296892966
0.6428266584319748
0.3979552286055151
0.24359186761997287
0.6645969502581976
0.674045049578343
0.3094683929660875
0.08763344057420647
0.28935960533140215
0.36690702616713705
0.396244818336991
0.396244818336991
0.3320848573343923
0.22085670160295426
0.0033650328534875484
-0.4538405267660124
-0.9110460863855123
-0.8168769690697175
-0.8312112778322538
-0.9352452350576509
-1.0120123881390881
-1.121024671693189
-1.1970916142881523
-1.308181117504603
-1.407078371750025
-1.5073678428346275
-1.6150805698539152
-1.726264395594835
-1.8427894178245898
-1.9503164409094242
-2.0398366763350047
-2.1091950000686737
-2.1760648400128555
-2.270884346225784
-2.389996820502494
-2.5669371359817306
-2.8008846488586636
-3.0797237766462158
-3.382617839392281
-3.674050578668155
-3.9450234721069415
-4.170172134318217
-4.36968463218848
-4.551271122118593
-4.681140020838833
-4.798429359043887
-4.91235908609472
-5.000492629563363
-5.06657226625454
-5.132159337754063
-5.197301071353367
-5.262295459429262
-5.327263559813162
-5.3864973543135415
-5.438016160495488
-5.489533016313251
-5.541048993312336
-5.592564611106697
-5.644080091922509
-5.695595512394124
-5.74528948094229
-5.791220065232306
-5.837150649228347
-5.883081233224388
-5.929011817220429
-5.9749424012164685
-6.02087298521251
-6.0664941366410545
-6.10067709094991
-6.134860045258764
-6.169042999567617
-6.203225953876471
-6.237408908185325
-6.271591862494178
-6.305774816803032
-6.3399577711118855
-6.374140725420739
-6.408323679729593
-6.439418477550424
-6.464132625558882
-6.488846773567342
-6.513560921575801
-6.538275069584261
-6.562989217592719
-6.587703365601179
-6.612417513609637
-6.640323823459999
-6.676900268229559
-6.713676589201979
-6.751190891529733
-6.788705193857487
-6.8262194961852405
-6.860836519396845
-6.895342599368128
-6.9254068113480685
-6.9457270584422695
-6.966047305536469
-6.988780981371532
-7.016808908398016
-7.044836835424498
-7.0728647624509815
-7.100892689477465
-7.144626366077425
-7.188961450646589
-7.2263462945254755
-7.238069514002904
-7.2497927334803265
-7.269480746292722
-7.294194560326211
-7.318908374359696
-7.34362218839318
-7.384605002752755
-7.427135752484799
-7.466285662035806
-7.50438612533743
-7.542486588639055
-7.580587287196907
-7.618688168271352
-7.656789049345787
-7.694889930420225
-7.732990811494667
-7.771091692569109
-7.809192573643547
-7.847293454717986
-7.885394335792424
-7.923495216866862
-7.961596097941308
-7.999696979015753
-8.037797860090244
-8.07589874116469
-8.113999622239131
-8.152100503313573
-8.190201384388018
-8.22830226546246
-8.266403146536906
-8.304504027611348
-8.342604908685793
-8.380705789760235
-8.418806670834677
-8.456907551909122
-8.495008432983564
-8.53310931405801
-8.571210195132451
-8.609311076206897
-8.647411957281339
-8.68551283835578
-8.723613719430226
-8.761714600504668
-8.799815481579113
-8.837916362653555
-8.876017243728
-8.914118124802442
-8.952219005876888
-8.99031988695133
-9.028420768025772
-9.066521649100217
-9.104622530174659
-9.142723411249104