3.2613996586198484
3.2613996586198484
3.2613996586198484
3.2613996586198484
3.2613996586198484
3.2613996586198484
3.2613996586198484
3.2613996586198484
3.2613996586198484
3.2613996586198484
3.2613996586198484
3.2613996586198484
3.2613996586198484
3.2613996586198484
3.2613996586198484
3.2613996586198484
3.2613996586198484
3.2613996586198484
3.2613996586198484
3.2613996586198484
3.2613996586198484
3.2613996586198484
3.2613996586198484
3.2613996586198484
3.2613996586198484
3.2613996586198484
3.2613996586198484
3.2613996586198484
3.2613996586198484
3.2613996586198484
3.2613996586198484
3.2613996586198484
3.2613996586198484
3.2613996586198484
3.2613996586198484
3.2613996586198484
3.2613996586198484
3.2613996586198484
3.2613996586198484
3.2613996586198484
3.2613996586198484
3.2613996586198484
3.2613996586198484
3.2613996586198484
3.2613996586198484
3.2613996586198484
3.2543314210883176
3.234278545666344
3.21422567024437
3.1941727948223964
3.1741199194004226
3.154067043978449
3.134014168556475
3.1139612931345013
3.08538735171679
3.054010499585937
3.022633647455084
2.9912567953242313
2.9598799431933784
2.9285030910625256
2.8971262389316728
2.9179674751042466
2.9414139140591695
2.9712464809106542
3.0128106226943814
3.075376163668542
3.2546724615591307
3.4339687594497184
3.613265057340307
3.7723238234897867
3.9247256766967853
4.111531333863951
4.309653743033051
4.372184689534526
4.390114319323583
4.2208351340423675
4.0291176374021
3.837400140761832
3.645682644121565
3.4539651474812967
3.2622476508410294
3.0705301542007613
2.878812657560494
2.6870951609202267
2.248907278666116
2.067599915928319
1.900813446226064
1.7478569645401671
1.5695701429187472
1.3983470048243742
1.2435460211468132
1.1333650544636737
1.037688150830037
0.9764475122564008
0.8787172538426004
0.6591479642046997
0.40408167163603353
0.24455319717000434
0.6643576544079973
0.672869917266078
0.30882306258872455
0.08844352007610362
0.2904680274058108
0.36690702616713705
0.396244818336991
0.396244818336991
0.3320848573343923
0.22085670160295426
0.0033650328534875484
-0.4538405267660124
-0.9110460863855123
-0.8601229147968046
-0.8406273641925897
-0.9682000041205313
-1.0335047657102943
-1.136526285671546
-1.2126341431151844
-1.32302356973249
-1.4192541169103927
-1.5179699184080586
-1.6250221920428582
-1.7354570263770521
-1.8523010077668167
-1.9617581378379898
-2.0552456231970813
-2.129823204476352
-2.198760828220166
-2.2871000349331805
-2.391234641824772
-2.548640015480405
-2.7636448021821227
-3.030484661635071
-3.3315416115888694
-3.629347342877789
-3.910763493200097
-4.146957227014083
-4.355301136778172
-4.542347088599295
-4.6757448130364185
-4.795564515975343
-4.9108431916874835
-4.999645527292213
-5.066217092226091
-5.132069428256376
-5.197278427485664
-5.262285484948114
-5.327258310619674
-5.386494649522472
-5.438015072627903
-5.489532609414015
-5.541048850406447
-5.592564564997374
-5.644080081023844
-5.695595511198244
-5.74528948094229
-5.791220065232306
-5.837150649228347
-5.883081233224388
-5.929011817220429
-5.9749424012164685
-6.02087298521251
-6.0664941366410545
-6.10067709094991
-6.134860045258764
-6.169042999567617
-6.203225953876471
-6.237408908185325
-6.271591862494178
-6.305774816803032
-6.3399577711118855
-6.374140725420739
-6.408323679729593
-6.439418477550424
-6.464132625558882
-6.488846773567342
-6.513560921575801
-6.538275069584261
-6.562989217592719
-6.587703365601179
-6.612417513609637
-6.640323823459999
-6.676900268229559
-6.713676589201979
-6.751190891529733
-6.788705193857487
-6.8262194961852405
-6.860836519396845
-6.895342599368128
-6.9254068113480685
-6.9457270584422695
-6.966047305536469
-6.988780981371532
-7.016808908398016
-7.044836835424498
-7.0728647624509815
-7.100892689477465
-7.144626366077425
-7.188961450646589
-7.2263462945254755
-7.238069514002904
-7.2497927334803265
-7.269480746292722
-7.294194560326211
-7.318908374359696
-7.34362218839318
-7.384605002752755
-7.4271357524848005
-7.466285662035809
-7.504386125337434
-7.542486588639059
-7.58058728719691
-7.618688168271356
-7.65678904934579
-7.694889930420229
-7.732990811494671
-7.7710916925691125
-7.809192573643551
-7.847293454717989
-7.885394335792427
-7.923495216866866
-7.961596097941311
-7.999696979015757
-8.037797860090244
-8.07589874116469
-8.113999622239131
-8.152100503313573
-8.190201384388018
-8.22830226546246
-8.266403146536906
-8.304504027611348
-8.342604908685793
-8.380705789760235
-8.418806670834677
-8.456907551909122
-8.495008432983564
-8.53310931405801
-8.571210195132451
-8.609311076206897
-8.647411957281339
-8.68551283835578
-8.723613719430226
-8.761714600504668
-8.799815481579113
-8.837916362653555
-8.876017243728
-8.914118124802442
-8.952219005876888
-8.99031988695133
-9.028420768025772
-9.066521649100217
-9.104622530174659
-9.142723411249104