3.2613996586198484
3.2613996586198484
3.2613996586198484
3.2613996586198484
3.2613996586198484
3.2613996586198484
3.2613996586198484
3.2613996586198484
3.2613996586198484
3.2613996586198484
3.2613996586198484
3.2613996586198484
3.2613996586198484
3.2613996586198484
3.2613996586198484
3.2613996586198484
3.2613996586198484
3.2613996586198484
3.2613996586198484
3.2613996586198484
3.2613996586198484
3.2613996586198484
3.2613996586198484
3.2613996586198484
3.2613996586198484
3.2613996586198484
3.2613996586198484
3.2613996586198484
3.2613996586198484
3.2613996586198484
3.2613996586198484
3.2613996586198484
3.2613996586198484
3.2613996586198484
3.2613996586198484
3.2613996586198484
3.2613996586198484
3.2613996586198484
3.2613996586198484
3.2613996586198484
3.2613996586198484
3.2613996586198484
3.2613996586198484
3.2613996586198484
3.2613996586198484
3.2613996586198484
3.2543314210883176
3.234278545666344
3.21422567024437
3.1941727948223964
3.1741199194004226
3.154067043978449
3.134014168556475
3.1139612931345013
3.08538735171679
3.054010499585937
3.022633647455084
2.9912567953242313
2.9598799431933784
2.9285030910625256
2.8971262389316728
2.9179674751042466
2.9414139140591695
2.9712464809106542
3.0128106226943814
3.075376163668542
3.2546724615591307
3.4339687594497184
3.613265057340307
3.7723238234897867
3.9247256766967853
4.111531333863951
4.309653743033051
4.372184689534526
4.390114319323583
4.2208351340423675
4.0291176374021
3.837400140761832
3.645682644121565
3.4539651474812967
3.2622476508410294
3.0705301542007613
2.878812657560494
2.6870951609202267
2.248907278666116
2.067599915928319
1.9006807366813017
1.7444318985192193
1.562139466471582
1.3896057329656981
1.2355841068952578
1.1275355485974108
1.0294881449826663
0.9642274897743949
0.8841733008494327
0.6790308856017575
0.4146877789571627
0.2476513707072109
0.6607794455484771
0.6648297212664865
0.3099206276413589
0.0965108856858086
0.2939546584878814
0.36690702616713705
0.396244818336991
0.396244818336991
0.3320848573343923
0.22085670160295426
0.0033650328534875484
-0.4538405267660124
-0.9110460863855123
-0.9387357891692665
-0.8535068198754291
-1.028740959024665
-1.0713739117636607
-1.168255570485799
-1.2476013573232119
-1.3544236291267409
-1.445450247090356
-1.54199071185399
-1.647323492563795
-1.755132974933107
-1.8712443724676295
-1.9830726651540258
-2.0836248117346274
-2.1692544105760363
-2.2457000240868505
-2.3281887677216
-2.411045234005268
-2.534461193011891
-2.709329458957064
-2.9432275743632643
-3.2292039306444735
-3.531034163530276
-3.8297152098846228
-4.088316931050062
-4.3167153956635795
-4.5176134764508875
-4.66040531762652
-4.786842045380729
-4.905737666013352
-4.996357694050731
-5.064285989534841
-5.1310403943642795
-5.196646855314463
-5.261887463183342
-5.327078128408803
-5.38644491989841
-5.438005764660472
-5.489529523480181
-5.541047435929558
-5.592563914437793
-5.644079791236337
-5.695595386057309
-5.7452894271416985
-5.791220043935843
-5.837150642843792
-5.883081232091834
-5.9290118171530475
-5.9749424012164685
-6.02087298521251
-6.0664941366410545
-6.10067709094991
-6.134860045258764
-6.169042999567617
-6.203225953876471
-6.237408908185325
-6.271591862494178
-6.305774816803032
-6.3399577711118855
-6.374140725420739
-6.408323679729593
-6.439418477550424
-6.464132625558882
-6.488846773567342
-6.513560921575801
-6.538275069584261
-6.562989217592719
-6.587703365601179
-6.612417513609637
-6.640323823459999
-6.676900268229559
-6.713676589201979
-6.751190891529733
-6.788705193857487
-6.8262194961852405
-6.860836519396845
-6.895342599368128
-6.9254068113480685
-6.9457270584422695
-6.966047305536469
-6.988780981371532
-7.016808908398016
-7.044836835424498
-7.0728647624509815
-7.100892689477465
-7.144626366077425
-7.188961450646589
-7.2263462945254755
-7.238069514002904
-7.2497927334803265
-7.269480746292722
-7.294194560326211
-7.318908374359696
-7.34362218839318
-7.384605002752755
-7.4271357524848005
-7.466285662035811
-7.504386125337438
-7.5424865886390595
-7.5805872871969076
-7.618688168271352
-7.656789049345787
-7.694889930420225
-7.732990811494667
-7.771091692569109
-7.809192573643547
-7.847293454717986
-7.885394335792424
-7.923495216866862
-7.961596097941308
-7.999696979015753
-8.037797860090244
-8.07589874116469
-8.113999622239131
-8.152100503313573
-8.190201384388018
-8.22830226546246
-8.266403146536906
-8.304504027611348
-8.342604908685793
-8.380705789760235
-8.418806670834677
-8.456907551909122
-8.495008432983564
-8.53310931405801
-8.571210195132451
-8.609311076206897
-8.647411957281339
-8.68551283835578
-8.723613719430226
-8.761714600504668
-8.799815481579113
-8.837916362653555
-8.876017243728
-8.914118124802442
-8.952219005876888
-8.99031988695133
-9.028420768025772
-9.066521649100217
-9.104622530174659
-9.142723411249104