3.2613996586198484
3.2613996586198484
3.2613996586198484
3.2613996586198484
3.2613996586198484
3.2613996586198484
3.2613996586198484
3.2613996586198484
3.2613996586198484
3.2613996586198484
3.2613996586198484
3.2613996586198484
3.2613996586198484
3.2613996586198484
3.2613996586198484
3.2613996586198484
3.2613996586198484
3.2613996586198484
3.2613996586198484
3.2613996586198484
3.2613996586198484
3.2613996586198484
3.2613996586198484
3.2613996586198484
3.2613996586198484
3.2613996586198484
3.2613996586198484
3.2613996586198484
3.2613996586198484
3.2613996586198484
3.2613996586198484
3.2613996586198484
3.2613996586198484
3.2613996586198484
3.2613996586198484
3.2613996586198484
3.2613996586198484
3.2613996586198484
3.2613996586198484
3.2613996586198484
3.2613996586198484
3.2613996586198484
3.2613996586198484
3.2613996586198484
3.2613996586198484
3.2613996586198484
3.2543314210883176
3.234278545666344
3.21422567024437
3.1941727948223964
3.1741199194004226
3.154067043978449
3.134014168556475
3.1139612931345013
3.08538735171679
3.054010499585937
3.022633647455084
2.9912567953242313
2.9598799431933784
2.9285030910625256
2.8971262389316728
2.9179674751042466
2.9414139140591695
2.9712464809106542
3.0128106226943814
3.075376163668542
3.2546724615591307
3.4339687594497184
3.613265057340307
3.7723238234897867
3.9247256766967853
4.111531333863951
4.309653743033051
4.372184689534526
4.390114319323583
4.2208351340423675
4.0291176374021
3.837400140761832
3.645682644121565
3.4539651474812967
3.2622476508410294
3.0705301542007613
2.878812657560494
2.6870951609202267
2.248907278666116
2.067599915928319
1.9006807366813017
1.7433450185051105
1.558347474232965
1.3850998308161535
1.231315707939701
1.1240404413973684
1.0255382202935772
0.958688395892412
0.8874420931078902
0.6899781545197531
0.42016058473852913
0.248618049811924
0.6599961247586119
0.6629700638197048
0.31017046659036884
0.09838085900033894
0.2947651409169643
0.36690702616713705
0.396244818336991
0.396244818336991
0.3320848573343923
0.22085670160295426
0.0033650328534875484
-0.4538405267660124
-0.9110460863855123
-1.0687542337890623
-0.8504853668757933
-1.0855547819893772
-1.1091257872689693
-1.2175623064455694
-1.305074010163839
-1.4049377557750586
-1.4938036193203221
-1.5910593578153815
-1.694244762568458
-1.798093011355411
-1.9120342283488814
-2.024747069883008
-2.1334450093384327
-2.2355981050129756
-2.3294311966190513
-2.4196470660801928
-2.494662621726682
-2.5866306529817686
-2.7031897568966787
-2.865890259594837
-3.089509089387209
-3.355957151982132
-3.652737157447095
-3.9365460157753938
-4.201158522804674
-4.434530202967108
-4.604391707135535
-4.752220453046273
-4.88377251674524
-4.981753671495664
-5.055549003081777
-5.126134786574407
-5.193617522316093
-5.259873155923024
-5.325602620462064
-5.385297895640242
-5.437245204726182
-5.489121682127705
-5.540827321997408
-5.592429099052195
-5.64401215098811
-5.695576693805439
-5.745287614162951
-5.791219375995301
-5.837150275878114
-5.883081037853894
-5.929011721217812
-5.974942357062759
-6.0208729655914235
-6.06649412845686
-6.100677088251459
-6.1348600447499795
-6.169042999550534
-6.203225953876471
-6.237408908185325
-6.271591862494178
-6.305774816803032
-6.3399577711118855
-6.374140725420739
-6.408323679729593
-6.439418477550424
-6.464132625558882
-6.488846773567342
-6.513560921575801
-6.538275069584261
-6.562989217592719
-6.587703365601179
-6.612417513609637
-6.640323823459999
-6.676900268229559
-6.713676589201979
-6.751190891529733
-6.788705193857487
-6.8262194961852405
-6.860836519396845
-6.895342599368128
-6.9254068113480685
-6.9457270584422695
-6.966047305536469
-6.988780981371532
-7.016808908398016
-7.044836835424498
-7.0728647624509815
-7.100892689477465
-7.144626366077425
-7.188961450646589
-7.2263462945254755
-7.238069514002904
-7.2497927334803265
-7.269480746292722
-7.294194560326211
-7.318908374359696
-7.34362218839318
-7.384605002752755
-7.4271357524848005
-7.466285662035811
-7.504386125337438
-7.5424865886390595
-7.5805872871969076
-7.61868816827135
-7.6567890493457815
-7.694889930420216
-7.732990811494655
-7.771091692569093
-7.809192573643529
-7.847293454717963
-7.885394335792398
-7.9234952168668356
-7.961596097941281
-7.999696979015726
-8.037797860090244
-8.07589874116469
-8.113999622239131
-8.152100503313573
-8.190201384388018
-8.22830226546246
-8.266403146536906
-8.304504027611348
-8.342604908685793
-8.380705789760235
-8.418806670834677
-8.456907551909122
-8.495008432983564
-8.53310931405801
-8.571210195132451
-8.609311076206897
-8.647411957281339
-8.68551283835578
-8.723613719430226
-8.761714600504668
-8.799815481579113
-8.837916362653555
-8.876017243728
-8.914118124802442
-8.952219005876888
-8.99031988695133
-9.028420768025772
-9.066521649100217
-9.104622530174659
-9.142723411249104