3.2613996586198484
3.2613996586198484
3.2613996586198484
3.2613996586198484
3.2613996586198484
3.2613996586198484
3.2613996586198484
3.2613996586198484
3.2613996586198484
3.2613996586198484
3.2613996586198484
3.2613996586198484
3.2613996586198484
3.2613996586198484
3.2613996586198484
3.2613996586198484
3.2613996586198484
3.2613996586198484
3.2613996586198484
3.2613996586198484
3.2613996586198484
3.2613996586198484
3.2613996586198484
3.2613996586198484
3.2613996586198484
3.2613996586198484
3.2613996586198484
3.2613996586198484
3.2613996586198484
3.2613996586198484
3.2613996586198484
3.2613996586198484
3.2613996586198484
3.2613996586198484
3.2613996586198484
3.2613996586198484
3.2613996586198484
3.2613996586198484
3.2613996586198484
3.2613996586198484
3.2613996586198484
3.2613996586198484
3.2613996586198484
3.2613996586198484
3.2613996586198484
3.2613996586198484
3.2543314210883176
3.234278545666344
3.21422567024437
3.1941727948223964
3.1741199194004226
3.154067043978449
3.134014168556475
3.1139612931345013
3.08538735171679
3.054010499585937
3.022633647455084
2.9912567953242313
2.9598799431933784
2.9285030910625256
2.8971262389316728
2.9179674751042466
2.9414139140591695
2.9712464809106542
3.0128106226943814
3.075376163668542
3.2546724615591307
3.4339687594497184
3.613265057340307
3.7723238234897867
3.9247256766967853
4.111531333863951
4.309653743033051
4.372184689534526
4.390114319323583
4.2208351340423675
4.0291176374021
3.837400140761832
3.645682644121565
3.4539651474812967
3.2622476508410294
3.0705301542007613
2.878812657560494
2.6870951609202267
2.248907278666116
2.067599915928319
1.9006807366813017
1.7433450185051105
1.5583381230874958
1.3850515161643653
1.2311993057485064
1.123897900840196
1.025372614016387
0.9579467623559972
0.8860433830639509
0.6892278876412459
0.4206363666392489
0.24946502585126662
0.658207261004397
0.6591352722447157
0.3106639786258115
0.10221565057532886
0.296435780686738
0.36690702616713705
0.396244818336991
0.396244818336991
0.3320848573343923
0.22085670160295426
0.0033650328534875484
-0.4538405267660124
-0.9110460863855123
-1.1184561852956156
-0.8438098026739157
-1.097657711671717
-1.1183833925172177
-1.233209395983828
-1.3231520169825668
-1.4210570223880234
-1.5108870806459274
-1.6089111988233904
-1.7115081446675406
-1.814461400948206
-1.9276821864977105
-2.040013106614203
-2.1502930141993737
-2.256588851315022
-2.3557273340540963
-2.4506700287311394
-2.528521553608323
-2.617645177190749
-2.722091942832588
-2.864354429011798
-3.06348365065619
-3.308159121922453
-3.5922781918920537
-3.8751815081351704
-4.147467663439396
-4.391539497166417
-4.573056875248035
-4.731369936678813
-4.869617844381948
-4.971864679393564
-5.049269378080403
-5.122291702682602
-5.190936543672717
-5.257777768948678
-5.323827769849518
-5.383772810577853
-5.436071737302381
-5.488260727256335
-5.540131943605313
-5.591854046130726
-5.64355697041187
-5.695241129141348
-5.745099865033165
-5.791159495364778
-5.837142388746181
-5.883080005305605
-5.929011119629553
-5.974942012207778
-6.020872770811649
-6.0664940218941545
-6.1006770336102045
-6.134860019986171
-6.169042990846449
-6.203225951849223
-6.237408907768332
-6.2715918623777895
-6.305774816803032
-6.3399577711118855
-6.374140725420739
-6.408323679729593
-6.439418477550424
-6.464132625558882
-6.488846773567342
-6.513560921575801
-6.538275069584261
-6.562989217592719
-6.587703365601179
-6.612417513609637
-6.640323823459999
-6.676900268229559
-6.713676589201979
-6.751190891529733
-6.788705193857487
-6.8262194961852405
-6.860836519396845
-6.895342599368128
-6.9254068113480685
-6.9457270584422695
-6.966047305536469
-6.988780981371532
-7.016808908398016
-7.044836835424498
-7.0728647624509815
-7.100892689477465
-7.144626366077425
-7.188961450646589
-7.2263462945254755
-7.238069514002904
-7.2497927334803265
-7.269480746292722
-7.294194560326211
-7.318908374359696
-7.34362218839318
-7.384605002752755
-7.4271357524848005
-7.466285662035811
-7.504386125337438
-7.5424865886390595
-7.5805872871969076
-7.61868816827135
-7.6567890493457815
-7.694889930420216
-7.732990811494655
-7.771091692569093
-7.809192573643529
-7.847293454717963
-7.885394335792398
-7.923495216866835
-7.96159609794128
-7.9996969790157255
-8.037797860090244
-8.07589874116469
-8.113999622239131
-8.152100503313573
-8.190201384388018
-8.22830226546246
-8.266403146536906
-8.304504027611348
-8.342604908685793
-8.380705789760235
-8.418806670834677
-8.456907551909122
-8.495008432983564
-8.53310931405801
-8.571210195132451
-8.609311076206897
-8.647411957281339
-8.68551283835578
-8.723613719430226
-8.761714600504668
-8.799815481579113
-8.837916362653555
-8.876017243728
-8.914118124802442
-8.952219005876888
-8.99031988695133
-9.028420768025772
-9.066521649100217
-9.104622530174659
-9.142723411249104