3.2613996586198484
3.2613996586198484
3.2613996586198484
3.2613996586198484
3.2613996586198484
3.2613996586198484
3.2613996586198484
3.2613996586198484
3.2613996586198484
3.2613996586198484
3.2613996586198484
3.2613996586198484
3.2613996586198484
3.2613996586198484
3.2613996586198484
3.2613996586198484
3.2613996586198484
3.2613996586198484
3.2613996586198484
3.2613996586198484
3.2613996586198484
3.2613996586198484
3.2613996586198484
3.2613996586198484
3.2613996586198484
3.2613996586198484
3.2613996586198484
3.2613996586198484
3.2613996586198484
3.2613996586198484
3.2613996586198484
3.2613996586198484
3.2613996586198484
3.2613996586198484
3.2613996586198484
3.2613996586198484
3.2613996586198484
3.2613996586198484
3.2613996586198484
3.2613996586198484
3.2613996586198484
3.2613996586198484
3.2613996586198484
3.2613996586198484
3.2613996586198484
3.2613996586198484
3.2543314210883176
3.234278545666344
3.21422567024437
3.1941727948223964
3.1741199194004226
3.154067043978449
3.134014168556475
3.1139612931345013
3.08538735171679
3.054010499585937
3.022633647455084
2.9912567953242313
2.9598799431933784
2.9285030910625256
2.8971262389316728
2.9179674751042466
2.9414139140591695
2.9712464809106542
3.0128106226943814
3.075376163668542
3.2546724615591307
3.4339687594497184
3.613265057340307
3.7723238234897867
3.9247256766967853
4.111531333863951
4.309653743033051
4.372184689534526
4.390114319323583
4.2208351340423675
4.0291176374021
3.837400140761832
3.645682644121565
3.4539651474812967
3.2622476508410294
3.0705301542007613
2.878812657560494
2.6870951609202267
2.248907278666116
2.067599915928319
1.9006807366813017
1.7433422402223797
1.5583106108058022
1.3849692113801744
1.2310355571527494
1.1237046503948815
1.0251494825674003
0.9569395257851852
0.8841542711023826
0.6882334582913929
0.4212950549790378
0.25060695546114053
0.6558798967332644
0.6541394886045235
0.31132698770353284
0.1072140549830206
0.29860478873547247
0.36690702616713705
0.396244818336991
0.396244818336991
0.3320848573343923
0.22085670160295426
0.0033650328534875484
-0.4538405267660124
-0.9110460863855123
-1.2403823049723623
-0.8222253107193647
-1.1178142329401717
-1.136045780090939
-1.2623837171616568
-1.3561964278825185
-1.4510359238511585
-1.5442045620155327
-1.643412562857336
-1.744665865382332
-1.8461377688206015
-1.9575478101568504
-2.068001732505104
-2.1794210474674447
-2.2907910895472594
-2.397237247618337
-2.5001951485391745
-2.5855105790163266
-2.674996710714868
-2.7656496323843367
-2.878778902459758
-3.0367307172265634
-3.2381288880373886
-3.489932290661924
-3.7604687710713587
-4.038612123982131
-4.298672647119175
-4.502268392734295
-4.6825498028501125
-4.835864582299636
-4.948335152063092
-5.03425787852086
-5.113029029061154
-5.184615242031894
-5.253020340735764
-5.319864037771095
-5.3803304755249455
-5.433389427255258
-5.486300685950959
-5.538534100202616
-5.590406526119182
-5.642195116448712
-5.69396504734067
-5.744042664710073
-5.790506241680334
-5.836892399348857
-5.8830344683325295
-5.929008130060699
-5.974940219313832
-6.020871701394982
-6.066493391978722
-6.10067667331232
-6.134859828733586
-6.169042904310542
-6.20322591672079
-6.237408891314129
-6.2715918561508115
-6.30577481598636
-6.3399577711118855
-6.374140725420739
-6.408323679729593
-6.439418477550424
-6.464132625558882
-6.488846773567342
-6.513560921575801
-6.538275069584261
-6.562989217592719
-6.587703365601179
-6.612417513609637
-6.640323823459999
-6.676900268229559
-6.713676589201979
-6.751190891529733
-6.788705193857487
-6.8262194961852405
-6.860836519396845
-6.895342599368128
-6.9254068113480685
-6.9457270584422695
-6.966047305536469
-6.988780981371532
-7.016808908398016
-7.044836835424498
-7.0728647624509815
-7.100892689477465
-7.144626366077425
-7.188961450646589
-7.2263462945254755
-7.238069514002904
-7.2497927334803265
-7.269480746292722
-7.294194560326211
-7.318908374359696
-7.34362218839318
-7.384605002752755
-7.4271357524848005
-7.466285662035811
-7.504386125337438
-7.5424865886390595
-7.5805872871969076
-7.61868816827135
-7.6567890493457815
-7.694889930420216
-7.732990811494655
-7.771091692569093
-7.809192573643529
-7.847293454717963
-7.885394335792398
-7.923495216866835
-7.96159609794128
-7.9996969790157255
-8.037797860090244
-8.07589874116469
-8.113999622239131
-8.152100503313573
-8.190201384388018
-8.22830226546246
-8.266403146536906
-8.304504027611348
-8.342604908685793
-8.380705789760235
-8.418806670834677
-8.456907551909122
-8.495008432983564
-8.53310931405801
-8.571210195132451
-8.609311076206897
-8.647411957281339
-8.68551283835578
-8.723613719430226
-8.761714600504668
-8.799815481579113
-8.837916362653555
-8.876017243728
-8.914118124802442
-8.952219005876888
-8.99031988695133
-9.028420768025772
-9.066521649100217
-9.104622530174659
-9.142723411249104