3.2613996586198484
3.2613996586198484
3.2613996586198484
3.2613996586198484
3.2613996586198484
3.2613996586198484
3.2613996586198484
3.2613996586198484
3.2613996586198484
3.2613996586198484
3.2613996586198484
3.2613996586198484
3.2613996586198484
3.2613996586198484
3.2613996586198484
3.2613996586198484
3.2613996586198484
3.2613996586198484
3.2613996586198484
3.2613996586198484
3.2613996586198484
3.2613996586198484
3.2613996586198484
3.2613996586198484
3.2613996586198484
3.2613996586198484
3.2613996586198484
3.2613996586198484
3.2613996586198484
3.2613996586198484
3.2613996586198484
3.2613996586198484
3.2613996586198484
3.2613996586198484
3.2613996586198484
3.2613996586198484
3.2613996586198484
3.2613996586198484
3.2613996586198484
3.2613996586198484
3.2613996586198484
3.2613996586198484
3.2613996586198484
3.2613996586198484
3.2613996586198484
3.2613996586198484
3.2543314210883176
3.234278545666344
3.21422567024437
3.1941727948223964
3.1741199194004226
3.154067043978449
3.134014168556475
3.1139612931345013
3.08538735171679
3.054010499585937
3.022633647455084
2.9912567953242313
2.9598799431933784
2.9285030910625256
2.8971262389316728
2.9179674751042466
2.9414139140591695
2.9712464809106542
3.0128106226943814
3.075376163668542
3.2546724615591307
3.4339687594497184
3.613265057340307
3.7723238234897867
3.9247256766967853
4.111531333863951
4.309653743033051
4.372184689534526
4.390114319323583
4.2208351340423675
4.0291176374021
3.837400140761832
3.645682644121565
3.4539651474812967
3.2622476508410294
3.0705301542007613
2.878812657560494
2.6870951609202267
2.248907278666116
2.067599915928319
1.9006807366813017
1.7433422402223797
1.5583086221015312
1.3849355881707848
1.2309482990019383
1.1235813915308437
1.0249952028957567
0.9562930754650827
0.8829434348794452
0.6875622768293408
0.42168965840523837
0.2513412593333123
0.6542570611584344
0.6507025151075427
0.31178532968224276
0.11066128614313421
0.3001043621577405
0.36690702616713705
0.396244818336991
0.396244818336991
0.3320848573343923
0.22085670160295426
0.0033650328534875484
-0.4538405267660124
-0.9110460863855123
-1.3158742424380896
-0.8061063202530574
-1.1256261548719753
-1.1440570639903096
-1.2750095382102917
-1.370272594133695
-1.4640491098115442
-1.5594816589948193
-1.6589574023502838
-1.7593920430596879
-1.8601423581831724
-1.9703013602154615
-2.079223070055224
-2.190218572154496
-2.302525078850675
-2.4108632519980935
-2.516549994856198
-2.605168201716215
-2.6959269868604765
-2.7829280420892535
-2.8863132219674466
-3.0284536728228537
-3.211394954751146
-3.4478861214743866
-3.711009175082567
-3.990048766814404
-4.256465294421702
-4.469875601847954
-4.66019846641839
-4.820648011741446
-4.938141045294116
-5.028106812606161
-5.109447022423073
-5.182288397215591
-5.251395781377391
-5.3186499997087315
-5.379345608473475
-5.432630846410976
-5.485733725230602
-5.538058884449641
-5.589976887328275
-5.641827868227794
-5.693707876735593
-5.743916298590597
-5.790468637354483
-5.836886639264353
-5.883033719707598
-5.929007692383062
-5.974939967079739
-6.020871558169007
-6.06649331332831
-6.1006766333142615
-6.13485981129596
-6.169042898569591
-6.203225915422612
-6.2374088910117145
-6.271591856066406
-6.30577481598636
-6.3399577711118855
-6.374140725420739
-6.408323679729593
-6.439418477550424
-6.464132625558882
-6.488846773567342
-6.513560921575801
-6.538275069584261
-6.562989217592719
-6.587703365601179
-6.612417513609637
-6.640323823459999
-6.676900268229559
-6.713676589201979
-6.751190891529733
-6.788705193857487
-6.8262194961852405
-6.860836519396845
-6.895342599368128
-6.9254068113480685
-6.9457270584422695
-6.966047305536469
-6.988780981371532
-7.016808908398016
-7.044836835424498
-7.0728647624509815
-7.100892689477465
-7.144626366077425
-7.188961450646589
-7.2263462945254755
-7.238069514002904
-7.2497927334803265
-7.269480746292722
-7.294194560326211
-7.318908374359696
-7.34362218839318
-7.384605002752755
-7.4271357524848005
-7.466285662035811
-7.504386125337438
-7.5424865886390595
-7.5805872871969076
-7.61868816827135
-7.6567890493457815
-7.694889930420216
-7.732990811494655
-7.771091692569093
-7.809192573643529
-7.847293454717963
-7.885394335792398
-7.923495216866835
-7.96159609794128
-7.9996969790157255
-8.037797860090244
-8.07589874116469
-8.113999622239131
-8.152100503313573
-8.190201384388018
-8.22830226546246
-8.266403146536906
-8.304504027611348
-8.342604908685793
-8.380705789760235
-8.418806670834677
-8.456907551909122
-8.495008432983564
-8.53310931405801
-8.571210195132451
-8.609311076206897
-8.647411957281339
-8.68551283835578
-8.723613719430226
-8.761714600504668
-8.799815481579113
-8.837916362653555
-8.876017243728
-8.914118124802442
-8.952219005876888
-8.99031988695133
-9.028420768025772
-9.066521649100217
-9.104622530174659
-9.142723411249104