3.2613996586198484
3.2613996586198484
3.2613996586198484
3.2613996586198484
3.2613996586198484
3.2613996586198484
3.2613996586198484
3.2613996586198484
3.2613996586198484
3.2613996586198484
3.2613996586198484
3.2613996586198484
3.2613996586198484
3.2613996586198484
3.2613996586198484
3.2613996586198484
3.2613996586198484
3.2613996586198484
3.2613996586198484
3.2613996586198484
3.2613996586198484
3.2613996586198484
3.2613996586198484
3.2613996586198484
3.2613996586198484
3.2613996586198484
3.2613996586198484
3.2613996586198484
3.2613996586198484
3.2613996586198484
3.2613996586198484
3.2613996586198484
3.2613996586198484
3.2613996586198484
3.2613996586198484
3.2613996586198484
3.2613996586198484
3.2613996586198484
3.2613996586198484
3.2613996586198484
3.2613996586198484
3.2613996586198484
3.2613996586198484
3.2613996586198484
3.2613996586198484
3.2613996586198484
3.2543314210883176
3.234278545666344
3.21422567024437
3.1941727948223964
3.1741199194004226
3.154067043978449
3.134014168556475
3.1139612931345013
3.08538735171679
3.054010499585937
3.022633647455084
2.9912567953242313
2.9598799431933784
2.9285030910625256
2.8971262389316728
2.9179674751042466
2.9414139140591695
2.9712464809106542
3.0128106226943814
3.075376163668542
3.2546724615591307
3.4339687594497184
3.613265057340307
3.7723238234897867
3.9247256766967853
4.111531333863951
4.309653743033051
4.372184689534526
4.390114319323583
4.2208351340423675
4.0291176374021
3.837400140761832
3.645682644121565
3.4539651474812967
3.2622476508410294
3.0705301542007613
2.878812657560494
2.6870951609202267
2.248907278666116
2.067599915928319
1.9006807366813017
1.743159390808044
1.5567258249315246
1.382563978171829
1.2282536071281998
1.1209896217259645
1.0223065806928118
0.9520466873697858
0.8829688340720553
0.6938034141774162
0.4259348099719944
0.25220132089801
0.6539298131667672
0.6498938055918841
0.3119008938954987
0.11148237520460326
0.3004594909546078
0.36690702616713705
0.396244818336991
0.396244818336991
0.3320848573343923
0.22085670160295426
0.0033650328534875484
-0.4538405267660124
-0.9110460863855123
-1.3682516460050125
-0.8246113094266326
-1.1332512554391394
-1.15046929363848
-1.2849794072469216
-1.3824434918063322
-1.4759150384441742
-1.5739939207998002
-1.6736339781691767
-1.773465541168915
-1.8738145043107135
-1.9828270907735963
-2.0902148756600085
-2.2005780111375213
-2.3132801132738163
-2.4228453651088846
-2.530762089304087
-2.6225695156946163
-2.7152667883654864
-2.8003717964486032
-2.896467688352292
-3.024977759960009
-3.190357362685343
-3.410540867337902
-3.6637548907363056
-3.940994764982538
-4.212047058582935
-4.434787624327471
-4.635383514966516
-4.803447274853285
-4.926539178418843
-5.021029409978397
-5.1052608392298335
-5.179594627791944
-5.249540669871674
-5.317312819222306
-5.378388456692202
-5.432013362983473
-5.485351682183829
-5.537804567077878
-5.589803156412576
-5.641709325031275
-5.6936440267717146
-5.743899446344204
-5.790467621277963
-5.836886168975501
-5.883033461627398
-5.929007554363268
-5.974939894923344
-6.0208715212467725
-6.066493295631661
-6.100676626031148
-6.134859808656437
-6.169042897524488
-6.203225915124774
-6.237408891008597
-6.271591856066406
-6.30577481598636
-6.3399577711118855
-6.374140725420739
-6.408323679729593
-6.439418477550424
-6.464132625558882
-6.488846773567342
-6.513560921575801
-6.538275069584261
-6.562989217592719
-6.587703365601179
-6.612417513609637
-6.640323823459999
-6.676900268229559
-6.713676589201979
-6.751190891529733
-6.788705193857487
-6.8262194961852405
-6.860836519396845
-6.895342599368128
-6.9254068113480685
-6.9457270584422695
-6.966047305536469
-6.988780981371532
-7.016808908398016
-7.044836835424498
-7.0728647624509815
-7.100892689477465
-7.144626366077425
-7.188961450646589
-7.2263462945254755
-7.238069514002904
-7.2497927334803265
-7.269480746292722
-7.294194560326211
-7.318908374359696
-7.34362218839318
-7.384605002752755
-7.4271357524848005
-7.466285662035811
-7.504386125337438
-7.5424865886390595
-7.5805872871969076
-7.61868816827135
-7.6567890493457815
-7.694889930420216
-7.732990811494655
-7.771091692569093
-7.809192573643529
-7.847293454717961
-7.885394335792392
-7.923495216866827
-7.961596097941272
-7.9996969790157175
-8.037797860090244
-8.07589874116469
-8.113999622239131
-8.152100503313573
-8.190201384388018
-8.22830226546246
-8.266403146536906
-8.304504027611348
-8.342604908685793
-8.380705789760235
-8.418806670834677
-8.456907551909122
-8.495008432983564
-8.53310931405801
-8.571210195132451
-8.609311076206897
-8.647411957281339
-8.68551283835578
-8.723613719430226
-8.761714600504668
-8.799815481579113
-8.837916362653555
-8.876017243728
-8.914118124802442
-8.952219005876888
-8.99031988695133
-9.028420768025772
-9.066521649100217
-9.104622530174659
-9.142723411249104