3.2613996586198484
3.2613996586198484
3.2613996586198484
3.2613996586198484
3.2613996586198484
3.2613996586198484
3.2613996586198484
3.2613996586198484
3.2613996586198484
3.2613996586198484
3.2613996586198484
3.2613996586198484
3.2613996586198484
3.2613996586198484
3.2613996586198484
3.2613996586198484
3.2613996586198484
3.2613996586198484
3.2613996586198484
3.2613996586198484
3.2613996586198484
3.2613996586198484
3.2613996586198484
3.2613996586198484
3.2613996586198484
3.2613996586198484
3.2613996586198484
3.2613996586198484
3.2613996586198484
3.2613996586198484
3.2613996586198484
3.2613996586198484
3.2613996586198484
3.2613996586198484
3.2613996586198484
3.2613996586198484
3.2613996586198484
3.2613996586198484
3.2613996586198484
3.2613996586198484
3.2613996586198484
3.2613996586198484
3.2613996586198484
3.2613996586198484
3.2613996586198484
3.2613996586198484
3.2543314210883176
3.234278545666344
3.21422567024437
3.1941727948223964
3.1741199194004226
3.154067043978449
3.134014168556475
3.1139612931345013
3.08538735171679
3.054010499585937
3.022633647455084
2.9912567953242313
2.9598799431933784
2.9285030910625256
2.8971262389316728
2.9179674751042466
2.9414139140591695
2.9712464809106542
3.0128106226943814
3.075376163668542
3.2546724615591307
3.4339687594497184
3.613265057340307
3.7723238234897867
3.9247256766967853
4.111531333863951
4.309653743033051
4.372184689534526
4.390114319323583
4.2208351340423675
4.0291176374021
3.837400140761832
3.645682644121565
3.4539651474812967
3.2622476508410294
3.0705301542007613
2.878812657560494
2.6870951609202267
2.248907278666116
2.0675697158505493
1.8997916462843105
1.7382757387614247
1.5482094391444348
1.3733590847214134
1.220084689894525
1.1135692534231991
1.0163198694496922
0.9427162877494212
0.8853031983528272
0.7141471459414239
0.4395579747676321
0.25468144468717424
0.6542315616300736
0.6499485030842189
0.3119103892572424
0.11148348703600096
0.3004594909546078
0.36690702616713705
0.396244818336991
0.396244818336991
0.3320848573343923
0.22085670160295426
0.0033650328534875484
-0.4538405267660124
-0.9110460863855123
-1.3682516460050125
-0.9652578898360464
-1.1515578506390558
-1.180509576263446
-1.3125627932233668
-1.40593357910219
-1.4981630769145258
-1.6010583871186521
-1.7003375543450345
-1.799608458100146
-1.899950468947798
-2.0071024069547674
-2.1119531525007122
-2.2210475136132657
-2.333555188772474
-2.44411995431905
-2.555193633861936
-2.6526748033317666
-2.7501719217984983
-2.8354111229708847
-2.9238730475414347
-3.0330895616301468
-3.168966906675875
-3.356540032997271
-3.5834683951432122
-3.8467829472945794
-4.117559278157181
-4.35348567037701
-4.573163792087685
-4.757408304549048
-4.89392846777212
-5.000046525410885
-5.092132217714667
-5.1708442317029295
-5.2433845014052
-5.3126244701104435
-5.374621485703418
-5.429170426629892
-5.48323312931988
-5.5360445470083794
-5.588272022966341
-5.640409771627839
-5.6925787237690155
-5.743088348922241
-5.789933558274345
-5.836610852083204
-5.882932484553454
-5.928982529890537
-5.974935476170157
-6.020870442140933
-6.06649265736775
-6.100676240404084
-6.134859576705109
-6.16904276682037
-6.203225848354165
-6.237408860741402
-6.271591844724677
-6.305774812770832
-6.339957770496472
-6.374140725360586
-6.408323679729593
-6.439418477550424
-6.464132625558882
-6.488846773567342
-6.513560921575801
-6.538275069584261
-6.562989217592719
-6.587703365601179
-6.612417513609637
-6.640323823459999
-6.676900268229559
-6.713676589201979
-6.751190891529733
-6.788705193857487
-6.8262194961852405
-6.860836519396845
-6.895342599368128
-6.9254068113480685
-6.9457270584422695
-6.966047305536469
-6.988780981371532
-7.016808908398016
-7.044836835424498
-7.0728647624509815
-7.100892689477465
-7.144626366077425
-7.188961450646589
-7.2263462945254755
-7.238069514002904
-7.2497927334803265
-7.269480746292722
-7.294194560326211
-7.318908374359696
-7.34362218839318
-7.384605002752755
-7.4271357524848005
-7.466285662035811
-7.504386125337438
-7.5424865886390595
-7.580587287196908
-7.618688168271352
-7.656789049345785
-7.69488993042022
-7.732990811494656
-7.771091692569091
-7.809192573643524
-7.847293454717955
-7.885394335792387
-7.923495216866821
-7.961596097941267
-7.999696979015712
-8.037797860090244
-8.07589874116469
-8.113999622239131
-8.152100503313573
-8.190201384388018
-8.22830226546246
-8.266403146536906
-8.304504027611348
-8.342604908685793
-8.380705789760235
-8.418806670834677
-8.456907551909122
-8.495008432983564
-8.53310931405801
-8.571210195132451
-8.609311076206897
-8.647411957281339
-8.68551283835578
-8.723613719430226
-8.761714600504668
-8.799815481579113
-8.837916362653555
-8.876017243728
-8.914118124802442
-8.952219005876888
-8.99031988695133
-9.028420768025772
-9.066521649100217
-9.104622530174659
-9.142723411249104