3.2613996586198484
3.2613996586198484
3.2613996586198484
3.2613996586198484
3.2613996586198484
3.2613996586198484
3.2613996586198484
3.2613996586198484
3.2613996586198484
3.2613996586198484
3.2613996586198484
3.2613996586198484
3.2613996586198484
3.2613996586198484
3.2613996586198484
3.2613996586198484
3.2613996586198484
3.2613996586198484
3.2613996586198484
3.2613996586198484
3.2613996586198484
3.2613996586198484
3.2613996586198484
3.2613996586198484
3.2613996586198484
3.2613996586198484
3.2613996586198484
3.2613996586198484
3.2613996586198484
3.2613996586198484
3.2613996586198484
3.2613996586198484
3.2613996586198484
3.2613996586198484
3.2613996586198484
3.2613996586198484
3.2613996586198484
3.2613996586198484
3.2613996586198484
3.2613996586198484
3.2613996586198484
3.2613996586198484
3.2613996586198484
3.2613996586198484
3.2613996586198484
3.2613996586198484
3.2543314210883176
3.234278545666344
3.21422567024437
3.1941727948223964
3.1741199194004226
3.154067043978449
3.134014168556475
3.1139612931345013
3.08538735171679
3.054010499585937
3.022633647455084
2.9912567953242313
2.9598799431933784
2.9285030910625256
2.8971262389316728
2.9179674751042466
2.9414139140591695
2.9712464809106542
3.0128106226943814
3.075376163668542
3.2546724615591307
3.4339687594497184
3.613265057340307
3.7723238234897867
3.9247256766967853
4.111531333863951
4.309653743033051
4.372184689534526
4.390114319323583
4.2208351340423675
4.0291176374021
3.837400140761832
3.645682644121565
3.4539651474812967
3.2622476508410294
3.0705301542007613
2.878812657560494
2.6870951609202267
2.248266394390935
2.0657105816766057
1.8951946555056538
1.7313227275925465
1.5408734410903933
1.3686254172564196
1.2200492635189024
1.1190087310036283
1.0238108562318953
0.9445365925667099
0.8841938738100337
0.7171904007218993
0.4433323473642739
0.2558951955404817
0.6543598261048864
0.6498664849532418
0.31168703387494084
0.11147829357580348
0.3006857434138581
0.36690702616713705
0.396244818336991
0.396244818336991
0.3320848573343923
0.22085670160295426
0.0033650328534875484
-0.4538405267660124
-0.9110460863855123
-1.3682516460050125
-1.0334122433075992
-1.1631510424353935
-1.2048137263642107
-1.3298398426431455
-1.4177620344897763
-1.5095751300264855
-1.6138415302313185
-1.7121301148811308
-1.811201550585467
-1.9116087858217192
-2.017798464344282
-2.121498817012181
-2.2298671983804117
-2.3417929651728153
-2.4522132667798715
-2.56415432650878
-2.6637159183825534
-2.763328333408522
-2.8494784213943913
-2.936257266071677
-3.039007925214053
-3.1635478894159474
-3.3369944413878887
-3.5506430881363262
-3.804828113333084
-4.072559223725717
-4.312560587847795
-4.540175973003507
-4.73200544507553
-4.875513042947322
-4.987856673194853
-5.084225674242281
-5.165558239529735
-5.239797674991941
-5.309990714039093
-5.3725537567300785
-5.427647327911903
-5.482107396914656
-5.53509270950812
-5.587457232842639
-5.639739419169367
-5.691989050197061
-5.742545660683469
-5.789463755765314
-5.83625771809635
-5.882740010525017
-5.928927808826033
-5.974931172140001
-6.020869361403027
-6.0664919917653
-6.100675833791256
-6.134859332010267
-6.169042622814546
-6.2032257670344855
-6.237408818271905
-6.271591825445155
-6.305774806075173
-6.3399577691565785
-6.374140725299805
-6.408323679729593
-6.439418477550424
-6.464132625558882
-6.488846773567342
-6.513560921575801
-6.538275069584261
-6.562989217592719
-6.587703365601179
-6.612417513609637
-6.640323823459999
-6.676900268229559
-6.713676589201979
-6.751190891529733
-6.788705193857487
-6.8262194961852405
-6.860836519396845
-6.895342599368128
-6.9254068113480685
-6.9457270584422695
-6.966047305536469
-6.988780981371532
-7.016808908398016
-7.044836835424498
-7.0728647624509815
-7.100892689477465
-7.144626366077425
-7.188961450646589
-7.2263462945254755
-7.238069514002904
-7.2497927334803265
-7.269480746292722
-7.294194560326211
-7.318908374359696
-7.34362218839318
-7.384605002752755
-7.427135752484801
-7.466285662035812
-7.50438612533744
-7.542486588639063
-7.580587287196913
-7.6186881682713565
-7.6567890493457895
-7.694889930420224
-7.732990811494661
-7.771091692569096
-7.809192573643529
-7.84729345471796
-7.885394335792391
-7.923495216866826
-7.961596097941271
-7.999696979015717
-8.037797860090244
-8.07589874116469
-8.113999622239131
-8.152100503313573
-8.190201384388018
-8.22830226546246
-8.266403146536906
-8.304504027611348
-8.342604908685793
-8.380705789760235
-8.418806670834677
-8.456907551909122
-8.495008432983564
-8.53310931405801
-8.571210195132451
-8.609311076206897
-8.647411957281339
-8.68551283835578
-8.723613719430226
-8.761714600504668
-8.799815481579113
-8.837916362653555
-8.876017243728
-8.914118124802442
-8.952219005876888
-8.99031988695133
-9.028420768025772
-9.066521649100217
-9.104622530174659
-9.142723411249104