3.2613996586198484
3.2613996586198484
3.2613996586198484
3.2613996586198484
3.2613996586198484
3.2613996586198484
3.2613996586198484
3.2613996586198484
3.2613996586198484
3.2613996586198484
3.2613996586198484
3.2613996586198484
3.2613996586198484
3.2613996586198484
3.2613996586198484
3.2613996586198484
3.2613996586198484
3.2613996586198484
3.2613996586198484
3.2613996586198484
3.2613996586198484
3.2613996586198484
3.2613996586198484
3.2613996586198484
3.2613996586198484
3.2613996586198484
3.2613996586198484
3.2613996586198484
3.2613996586198484
3.2613996586198484
3.2613996586198484
3.2613996586198484
3.2613996586198484
3.2613996586198484
3.2613996586198484
3.2613996586198484
3.2613996586198484
3.2613996586198484
3.2613996586198484
3.2613996586198484
3.2613996586198484
3.2613996586198484
3.2613996586198484
3.2613996586198484
3.2613996586198484
3.2613996586198484
3.2543314210883176
3.234278545666344
3.21422567024437
3.1941727948223964
3.1741199194004226
3.154067043978449
3.134014168556475
3.1139612931345013
3.08538735171679
3.054010499585937
3.022633647455084
2.9912567953242313
2.9598799431933784
2.9285030910625256
2.8971262389316728
2.9179674751042466
2.9414139140591695
2.9712464809106542
3.0128106226943814
3.075376163668542
3.2546724615591307
3.4339687594497184
3.613265057340307
3.7723238234897867
3.9247256766967853
4.111531333863951
4.309653743033051
4.372184689534526
4.390114319323583
4.2208351340423675
4.0291176374021
3.837400140761832
3.645682644121565
3.4539651474812967
3.2622476508410294
3.0705301542007613
2.878812657560494
2.6806707286186167
2.237553540341111
2.0474324007918554
1.8652201901838787
1.694316175797333
1.518885903437876
1.380160418088981
1.2539545036984554
1.1501476283491223
1.0433120096484698
0.9537555354773889
0.8852823288864303
0.7188208724681344
0.4482201416227327
0.25929946854811986
0.654976900879337
0.6482954174331303
0.3099542328166616
0.11228427203012153
0.30256817333967534
0.36690702616713705
0.396244818336991
0.396244818336991
0.3320848573343923
0.22085670160295426
0.0033650328534875484
-0.4538405267660124
-0.9110460863855123
-1.3682516460050125
-1.1009379565985684
-1.1764321276558267
-1.2340840958696169
-1.3482724955633045
-1.429736861556713
-1.5214046779147163
-1.6258903128340823
-1.722542220381974
-1.8212982990143531
-1.9215385486380943
-2.026560749806531
-2.129038558232753
-2.2365137060083273
-2.3475437050102586
-2.4574195157279703
-2.5697195324482194
-2.6707695892769796
-2.7720803526202795
-2.8591530889188195
-2.944858519862759
-3.0425322977171367
-3.1577850567912233
-3.3192683257560525
-3.5212338474435367
-3.7670622430955047
-4.0317828388509565
-4.275219644324162
-4.5099116441456255
-4.7087268351173925
-4.858741321435637
-4.976843755458391
-5.077205307242327
-5.160955785802863
-5.236691331719793
-5.307733720663835
-5.37083831416991
-5.4264777760670615
-5.481382817641638
-5.534590105454212
-5.587065879112622
-5.639409555791327
-5.691678794480257
-5.742269780030553
-5.789257463495281
-5.836113033471932
-5.882634239870668
-5.9288695713403285
-5.974916469707494
-6.020868771308208
-6.066491626994221
-6.100675609041025
-6.134859194952858
-6.169042540884462
-6.203225719976739
-6.237408792855305
-6.271591812680253
-6.305774800329663
-6.339957767192406
-6.374140724957634
-6.408323679729593
-6.439418477550424
-6.464132625558882
-6.488846773567342
-6.513560921575801
-6.538275069584261
-6.562989217592719
-6.587703365601179
-6.612417513609637
-6.640323823459999
-6.676900268229559
-6.713676589201979
-6.751190891529733
-6.788705193857487
-6.8262194961852405
-6.860836519396845
-6.895342599368128
-6.9254068113480685
-6.9457270584422695
-6.966047305536469
-6.988780981371532
-7.016808908398016
-7.044836835424498
-7.0728647624509815
-7.100892689477465
-7.144626366077425
-7.188961450646589
-7.2263462945254755
-7.238069514002904
-7.2497927334803265
-7.269480746292722
-7.294194560326211
-7.318908374359696
-7.343622188393178
-7.384605002752753
-7.4271357524848
-7.46628566203581
-7.504386125337438
-7.542486588639061
-7.580587287196911
-7.618688168271355
-7.656789049345788
-7.6948899304202225
-7.732990811494659
-7.771091692569094
-7.809192573643527
-7.847293454717958
-7.885394335792389
-7.923495216866824
-7.961596097941269
-7.999696979015715
-8.037797860090244
-8.07589874116469
-8.113999622239131
-8.152100503313573
-8.190201384388018
-8.22830226546246
-8.266403146536906
-8.304504027611348
-8.342604908685793
-8.380705789760235
-8.418806670834677
-8.456907551909122
-8.495008432983564
-8.53310931405801
-8.571210195132451
-8.609311076206897
-8.647411957281339
-8.68551283835578
-8.723613719430226
-8.761714600504668
-8.799815481579113
-8.837916362653555
-8.876017243728
-8.914118124802442
-8.952219005876888
-8.99031988695133
-9.028420768025772
-9.066521649100217
-9.104622530174659
-9.142723411249104