3.2613996586198484
3.2613996586198484
3.2613996586198484
3.2613996586198484
3.2613996586198484
3.2613996586198484
3.2613996586198484
3.2613996586198484
3.2613996586198484
3.2613996586198484
3.2613996586198484
3.2613996586198484
3.2613996586198484
3.2613996586198484
3.2613996586198484
3.2613996586198484
3.2613996586198484
3.2613996586198484
3.2613996586198484
3.2613996586198484
3.2613996586198484
3.2613996586198484
3.2613996586198484
3.2613996586198484
3.2613996586198484
3.2613996586198484
3.2613996586198484
3.2613996586198484
3.2613996586198484
3.2613996586198484
3.2613996586198484
3.2613996586198484
3.2613996586198484
3.2613996586198484
3.2613996586198484
3.2613996586198484
3.2613996586198484
3.2613996586198484
3.2613996586198484
3.2613996586198484
3.2613996586198484
3.2613996586198484
3.2613996586198484
3.2613996586198484
3.2613996586198484
3.2613996586198484
3.2543314210883176
3.234278545666344
3.21422567024437
3.1941727948223964
3.1741199194004226
3.154067043978449
3.134014168556475
3.1139612931345013
3.08538735171679
3.054010499585937
3.022633647455084
2.9912567953242313
2.9598799431933784
2.9285030910625256
2.8971262389316728
2.9179674751042466
2.9414139140591695
2.9712464809106542
3.0128106226943814
3.075376163668542
3.2546724615591307
3.4339687594497184
3.613265057340307
3.7723238234897867
3.9247256766967853
4.111531333863951
4.309653743033051
4.372184689534526
4.390114319323583
4.2208351340423675
4.0291176374021
3.837400140761832
3.645682644121565
3.4539651474812967
3.2622476508410294
3.0692313268400224
2.8642084255693927
2.65510019737687
2.216694535913548
2.018581778219593
1.822887482328459
1.6672638184628936
1.5306011552911498
1.4119724831509999
1.2860547373372995
1.1809506022977887
1.0702537483114574
0.9678114056936366
0.8712635627626635
0.6985322958138653
0.4523700334736445
0.27430763136080405
0.6598982005124715
0.6456258815696645
0.30996926292508264
0.11500708042343108
0.3013882242714674
0.36690702616713705
0.396244818336991
0.396244818336991
0.3320848573343923
0.22085670160295426
0.0033650328534875484
-0.4538405267660124
-0.9110460863855123
-1.3682516460050125
-1.1668531828841668
-1.191146426587269
-1.2675183340779188
-1.3676798685075329
-1.4425427947327516
-1.534508107851986
-1.6380844396370395
-1.732730306308737
-1.8313015112650124
-1.9313088141237924
-2.0351626187557263
-2.1365884776176722
-2.2432379050986864
-2.353297867579242
-2.4625050933929047
-2.5749773144447548
-2.677289664836715
-2.780210334504242
-2.8684867526600986
-2.9538965276966396
-3.047713123649872
-3.1549752879669826
-3.30525205829685
-3.495254160577504
-3.731335619441665
-3.991095979019879
-4.2362460811689875
-4.476907176348805
-4.682354407180123
-4.839229747321155
-4.963696079184607
-5.068540266896616
-5.155137594152364
-5.232748127828746
-5.304879755581222
-5.3686570218292164
-5.424898889219997
-5.48027855657545
-5.533743082906753
-5.586339753197157
-5.638747523412343
-5.691052586250069
-5.741695511726975
-5.788786836465957
-5.835752900974066
-5.88234721566201
-5.928666099846977
-5.974821386014342
-6.020846025753686
-6.066489386445011
-6.1006749670960625
-6.134858794692961
-6.16904229515849
-6.2032255730045245
-6.237408708359321
-6.271591766439689
-6.305774776676239
-6.339957756749499
-6.37414072159855
-6.4083236791271645
-6.439418477519531
-6.464132625558882
-6.488846773567342
-6.513560921575801
-6.538275069584261
-6.562989217592719
-6.587703365601179
-6.612417513609637
-6.640323823459999
-6.676900268229559
-6.713676589201979
-6.751190891529733
-6.788705193857487
-6.8262194961852405
-6.860836519396845
-6.895342599368128
-6.9254068113480685
-6.9457270584422695
-6.966047305536469
-6.988780981371532
-7.016808908398016
-7.044836835424498
-7.0728647624509815
-7.100892689477465
-7.144626366077424
-7.188961450646588
-7.226346294525473
-7.238069514002901
-7.249792733480324
-7.269480746292719
-7.294194560326209
-7.318908374359693
-7.343622188393176
-7.384605002752751
-7.427135752484797
-7.466285662035808
-7.504386125337436
-7.542486588639059
-7.580587287196908
-7.618688168271352
-7.656789049345785
-7.69488993042022
-7.732990811494656
-7.771091692569091
-7.809192573643524
-7.847293454717955
-7.885394335792387
-7.923495216866821
-7.961596097941267
-7.999696979015712
-8.037797860090244
-8.07589874116469
-8.113999622239131
-8.152100503313573
-8.190201384388018
-8.22830226546246
-8.266403146536906
-8.304504027611348
-8.342604908685793
-8.380705789760235
-8.418806670834677
-8.456907551909122
-8.495008432983564
-8.53310931405801
-8.571210195132451
-8.609311076206897
-8.647411957281339
-8.68551283835578
-8.723613719430226
-8.761714600504668
-8.799815481579113
-8.837916362653555
-8.876017243728
-8.914118124802442
-8.952219005876888
-8.99031988695133
-9.028420768025772
-9.066521649100217
-9.104622530174659
-9.142723411249104