3.2613996586198484
3.2613996586198484
3.2613996586198484
3.2613996586198484
3.2613996586198484
3.2613996586198484
3.2613996586198484
3.2613996586198484
3.2613996586198484
3.2613996586198484
3.2613996586198484
3.2613996586198484
3.2613996586198484
3.2613996586198484
3.2613996586198484
3.2613996586198484
3.2613996586198484
3.2613996586198484
3.2613996586198484
3.2613996586198484
3.2613996586198484
3.2613996586198484
3.2613996586198484
3.2613996586198484
3.2613996586198484
3.2613996586198484
3.2613996586198484
3.2613996586198484
3.2613996586198484
3.2613996586198484
3.2613996586198484
3.2613996586198484
3.2613996586198484
3.2613996586198484
3.2613996586198484
3.2613996586198484
3.2613996586198484
3.2613996586198484
3.2613996586198484
3.2613996586198484
3.2613996586198484
3.2613996586198484
3.2613996586198484
3.2613996586198484
3.2613996586198484
3.2613996586198484
3.2543314210883176
3.234278545666344
3.21422567024437
3.1941727948223964
3.1741199194004226
3.154067043978449
3.134014168556475
3.1139612931345013
3.08538735171679
3.054010499585937
3.022633647455084
2.9912567953242313
2.9598799431933784
2.9285030910625256
2.8971262389316728
2.9179674751042466
2.9414139140591695
2.9712464809106542
3.0128106226943814
3.075376163668542
3.2546724615591307
3.4339687594497184
3.613265057340307
3.7723238234897867
3.9247256766967853
4.111531333863951
4.309653743033051
4.372184689534526
4.390114319323583
4.2208351340423675
4.0291176374021
3.837400140761832
3.645682644121565
3.4473000507586726
3.2398570874366888
3.020745309153669
2.735398014721083
2.5094608640552
2.185438653079752
2.0384955809998515
1.8581872983571612
1.7250474439877383
1.5796175167247515
1.4556038918741458
1.3265847401141262
1.217785521590283
1.1007913024816616
0.9652137695951706
0.8351843093432769
0.7015223568260319
0.4908468926595365
0.29067405836061444
0.6571214570792745
0.6389323193192
0.30998782448698414
0.12167309025869032
0.29784141006554704
0.36690702616713705
0.396244818336991
0.396244818336991
0.3320848573343923
0.22085670160295426
0.0033650328534875484
-0.4538405267660124
-0.9110460863855123
-1.3682516460050125
-1.2271849743143288
-1.2072779375753206
-1.3041208620062004
-1.3876048464031983
-1.4566229858906885
-1.5494872832843123
-1.6511360245251647
-1.7437465196637876
-1.842401862358924
-1.9421782455910317
-2.045064561678264
-2.145832882788568
-2.251894068291025
-2.3610977435997977
-2.469746487154789
-2.5823869694743027
-2.6858416857539287
-2.7903783108108127
-2.880269367057132
-2.9663059002611956
-3.057653101188045
-3.158441014877988
-3.2982317992583736
-3.47531058877573
-3.6988181914913945
-3.94968074996864
-4.192887291656498
-4.437011928312834
-4.648096118364166
-4.812399656435282
-4.944625832589698
-5.055311395921495
-5.145827113214533
-5.226138131193434
-5.2998852802185805
-5.3646794156572435
-5.4218892880640075
-5.478022783906409
-5.531880303502673
-5.584710700819449
-5.6372796022108185
-5.689656459681413
-5.74034598981813
-5.787531113106276
-5.8345873656970975
-5.881254611589764
-5.927695558773335
-5.974029034479431
-6.020284224695155
-6.066183389093584
-6.1005661783007525
-6.134839072715622
-6.169040257672286
-6.203224278583065
-6.237407896875419
-6.27159126663467
-6.305774476699487
-6.339957584514213
-6.374140631202926
-6.408323639226615
-6.439418462220994
-6.464132618896107
-6.488846771086699
-6.513560921236476
-6.538275069584261
-6.562989217592719
-6.587703365601179
-6.612417513609637
-6.640323823459999
-6.676900268229559
-6.713676589201979
-6.751190891529733
-6.788705193857487
-6.8262194961852405
-6.860836519396845
-6.895342599368128
-6.925406811348069
-6.945727058442269
-6.966047305536468
-6.988780981371533
-7.0168089083980165
-7.044836835424499
-7.072864762450982
-7.100892689477466
-7.144626366077424
-7.188961450646588
-7.226346294525473
-7.238069514002901
-7.249792733480324
-7.269480746292719
-7.294194560326209
-7.318908374359693
-7.343622188393176
-7.384605002752751
-7.427135752484797
-7.466285662035808
-7.504386125337436
-7.542486588639059
-7.580587287196908
-7.618688168271352
-7.656789049345785
-7.69488993042022
-7.732990811494656
-7.771091692569091
-7.809192573643524
-7.847293454717955
-7.885394335792387
-7.923495216866821
-7.961596097941267
-7.999696979015712
-8.037797860090244
-8.07589874116469
-8.113999622239131
-8.152100503313573
-8.190201384388018
-8.22830226546246
-8.266403146536906
-8.304504027611348
-8.342604908685793
-8.380705789760235
-8.418806670834677
-8.456907551909122
-8.495008432983564
-8.53310931405801
-8.571210195132451
-8.609311076206897
-8.647411957281339
-8.68551283835578
-8.723613719430226
-8.761714600504668
-8.799815481579113
-8.837916362653555
-8.876017243728
-8.914118124802442
-8.952219005876888
-8.99031988695133
-9.028420768025772
-9.066521649100217
-9.104622530174659
-9.142723411249104