3.2613996586198484
3.2613996586198484
3.2613996586198484
3.2613996586198484
3.2613996586198484
3.2613996586198484
3.2613996586198484
3.2613996586198484
3.2613996586198484
3.2613996586198484
3.2613996586198484
3.2613996586198484
3.2613996586198484
3.2613996586198484
3.2613996586198484
3.2613996586198484
3.2613996586198484
3.2613996586198484
3.2613996586198484
3.2613996586198484
3.2613996586198484
3.2613996586198484
3.2613996586198484
3.2613996586198484
3.2613996586198484
3.2613996586198484
3.2613996586198484
3.2613996586198484
3.2613996586198484
3.2613996586198484
3.2613996586198484
3.2613996586198484
3.2613996586198484
3.2613996586198484
3.2613996586198484
3.2613996586198484
3.2613996586198484
3.2613996586198484
3.2613996586198484
3.2613996586198484
3.2613996586198484
3.2613996586198484
3.2613996586198484
3.2613996586198484
3.2613996586198484
3.2613996586198484
3.2543314210883176
3.234278545666344
3.21422567024437
3.1941727948223964
3.1741199194004226
3.154067043978449
3.134014168556475
3.1139612931345013
3.08538735171679
3.054010499585937
3.022633647455084
2.9912567953242313
2.9598799431933784
2.9285030910625256
2.8971262389316728
2.9179674751042466
2.9414139140591695
2.9712464809106542
3.0128106226943814
3.075376163668542
3.2546724615591307
3.4339687594497184
3.613265057340307
3.7723238234897867
3.9247256766967853
4.111531333863951
4.309653743033051
4.372184689534526
4.390114319323583
4.2208351340423675
4.0291176374021
3.837400140761832
3.642104050306049
3.4285474531242013
3.177082109611859
2.927095193250385
2.6046248394346505
2.3973798241398585
2.1790946530795208
2.0643777459823607
1.8918970074486379
1.7800873803181134
1.6310355751195373
1.5065972350956192
1.372251143030775
1.2559826659626923
1.1212774273179031
0.9377694832528699
0.7904799254870616
0.726583682286936
0.5501437426376343
0.311685188472713
0.6524633440485572
0.6289394523146654
0.3091383097021671
0.12992903333694963
0.29040863632876973
0.36690702616713705
0.396244818336991
0.396244818336991
0.3320848573343923
0.22085670160295426
0.0033650328534875484
-0.4538405267660124
-0.9110460863855123
-1.3682516460050125
-1.2902638363297425
-1.2192255370729816
-1.340039993281278
-1.4068961430262594
-1.4709544610634762
-1.5648703484403677
-1.6633921602990054
-1.753790464101424
-1.8523583447607193
-1.951512916871359
-2.053288200238858
-2.153341181564626
-2.2586658099129457
-2.366861555211791
-2.474765724552593
-2.587260901929147
-2.6914184094969977
-2.7971372366852094
-2.8883988549622215
-2.975192081013917
-3.064792068316034
-3.1605134120056357
-3.291741670162246
-3.457828572846595
-3.670159026402056
-3.9127045822259423
-4.153614682847402
-4.400261932843054
-4.616051230115058
-4.787027289439622
-4.9264040044797355
-5.042575167643171
-5.1368789588602395
-5.219814762158086
-5.2951543660774405
-5.360982878945516
-5.419118434142609
-5.475950438482919
-5.530191110958364
-5.583273831347802
-5.636037854173251
-5.6885249066865455
-5.7393105851271065
-5.7866598378530325
-5.8338655308846885
-5.880586355701617
-5.92705602810149
-5.973473989643531
-6.01989967485678
-6.0660069853713345
-6.100525304810639
-6.134836015450065
-6.169038976776099
-6.203223466600502
-6.237407394392086
-6.271590968259592
-6.305774299100266
-6.339957474220108
-6.374140567915038
-6.408323608175429
-6.4394184485300645
-6.464132614237426
-6.488846770263891
-6.513560921214678
-6.538275069584261
-6.562989217592719
-6.587703365601179
-6.612417513609637
-6.640323823459999
-6.676900268229559
-6.713676589201979
-6.751190891529732
-6.788705193857488
-6.82621949618524
-6.860836519396844
-6.895342599368129
-6.925406811348069
-6.945727058442269
-6.966047305536468
-6.988780981371533
-7.0168089083980165
-7.044836835424499
-7.072864762450982
-7.100892689477466
-7.144626366077424
-7.188961450646588
-7.226346294525473
-7.238069514002901
-7.249792733480324
-7.269480746292719
-7.294194560326209
-7.318908374359693
-7.343622188393176
-7.384605002752751
-7.427135752484797
-7.466285662035808
-7.504386125337436
-7.542486588639059
-7.580587287196908
-7.618688168271352
-7.656789049345785
-7.69488993042022
-7.732990811494656
-7.771091692569091
-7.809192573643524
-7.847293454717955
-7.885394335792387
-7.923495216866821
-7.961596097941267
-7.999696979015712
-8.037797860090244
-8.07589874116469
-8.113999622239131
-8.152100503313573
-8.190201384388018
-8.22830226546246
-8.266403146536906
-8.304504027611348
-8.342604908685793
-8.380705789760235
-8.418806670834677
-8.456907551909122
-8.495008432983564
-8.53310931405801
-8.571210195132451
-8.609311076206897
-8.647411957281339
-8.68551283835578
-8.723613719430226
-8.761714600504668
-8.799815481579113
-8.837916362653555
-8.876017243728
-8.914118124802442
-8.952219005876888
-8.99031988695133
-9.028420768025772
-9.066521649100217
-9.104622530174659
-9.142723411249104