3.2613996586198484
3.2613996586198484
3.2613996586198484
3.2613996586198484
3.2613996586198484
3.2613996586198484
3.2613996586198484
3.2613996586198484
3.2613996586198484
3.2613996586198484
3.2613996586198484
3.2613996586198484
3.2613996586198484
3.2613996586198484
3.2613996586198484
3.2613996586198484
3.2613996586198484
3.2613996586198484
3.2613996586198484
3.2613996586198484
3.2613996586198484
3.2613996586198484
3.2613996586198484
3.2613996586198484
3.2613996586198484
3.2613996586198484
3.2613996586198484
3.2613996586198484
3.2613996586198484
3.2613996586198484
3.2613996586198484
3.2613996586198484
3.2613996586198484
3.2613996586198484
3.2613996586198484
3.2613996586198484
3.2613996586198484
3.2613996586198484
3.2613996586198484
3.2613996586198484
3.2613996586198484
3.2613996586198484
3.2613996586198484
3.2613996586198484
3.2613996586198484
3.2613996586198484
3.2543314210883176
3.234278545666344
3.21422567024437
3.1941727948223964
3.1741199194004226
3.154067043978449
3.134014168556475
3.1139612931345013
3.08538735171679
3.054010499585937
3.022633647455084
2.9912567953242313
2.9598799431933784
2.9285030910625256
2.8971262389316728
2.9179674751042466
2.9414139140591695
2.9712464809106542
3.0128106226943814
3.075376163668542
3.2546724615591307
3.4339687594497184
3.613265057340307
3.7723238234897867
3.9247256766967853
4.111531333863951
4.309653743033051
4.372184689534526
4.390114319323583
4.2208351340423675
4.02297326209693
3.8150947019073254
3.5717183930176843
3.311373335120018
3.0036320316276877
2.766502861148236
2.5380388920331503
2.397334665667565
2.236447043946851
2.1356340394734192
1.9561199995482634
1.8441913477934657
1.682225150533307
1.5557460661343285
1.4174547039737984
1.26940724123941
1.0724807637837983
0.9067946124539531
0.861482976252023
0.8308918964717097
0.5904783562855752
0.32073712858130354
0.6500578770606272
0.6128211750184158
0.3025602928133065
0.14074404984404204
0.2822329351824601
0.36690702616713705
0.396244818336991
0.396244818336991
0.3320848573343923
0.22085670160295426
0.0033650328534875484
-0.4538405267660124
-0.9110460863855123
-1.3682516460050125
-1.352584710506612
-1.2237493613428485
-1.3739783736838782
-1.4257540422556358
-1.4857770427393595
-1.5810479584848347
-1.675658783801465
-1.7640587371559866
-1.8625035773725183
-1.960762239209186
-2.061446485522796
-2.1609104728715463
-2.265560162491446
-2.372816087298278
-2.4800336416521915
-2.5923167826438513
-2.6969371105435958
-2.80351776318359
-2.8959312480276456
-2.9835566774252733
-3.0720061906511718
-3.1638978337414696
-3.288102680562801
-3.4443772621029476
-3.645819725627303
-3.8792497892761215
-4.116113596486746
-4.363136295050606
-4.581995531254658
-4.758946335786255
-4.905386312202397
-5.0272929348667805
-5.125879519335475
-5.21195656087747
-5.289278499320158
-5.356441053102351
-5.415718530450628
-5.47337724125362
-5.528084112627586
-5.58145182848239
-5.634365165039871
-5.686871394744012
-5.737679028772609
-5.785177251295475
-5.832592016978623
-5.87944740939311
-5.926009003752457
-5.972587065447734
-6.0192386148080885
-6.065584423321017
-6.100330176578969
-6.134790762925409
-6.169036358542332
-6.203221793789037
-6.237406325379397
-6.271590276369408
-6.305773856655016
-6.339957200602168
-6.374140405707993
-6.40832351804589
-6.439418403432274
-6.464132595134708
-6.488846764306095
-6.513560920248682
-6.53827506958426
-6.562989217592718
-6.587703365601178
-6.612417513609636
-6.640323823459998
-6.676900268229558
-6.713676589201978
-6.751190891529732
-6.788705193857488
-6.82621949618524
-6.860836519396844
-6.895342599368129
-6.925406811348069
-6.945727058442269
-6.966047305536468
-6.988780981371533
-7.0168089083980165
-7.044836835424499
-7.072864762450982
-7.100892689477466
-7.144626366077424
-7.188961450646588
-7.226346294525473
-7.238069514002901
-7.249792733480324
-7.269480746292719
-7.294194560326209
-7.318908374359693
-7.343622188393176
-7.384605002752751
-7.427135752484797
-7.466285662035808
-7.504386125337436
-7.542486588639059
-7.580587287196908
-7.618688168271352
-7.656789049345785
-7.69488993042022
-7.732990811494656
-7.771091692569091
-7.809192573643524
-7.847293454717955
-7.885394335792387
-7.923495216866821
-7.961596097941267
-7.999696979015712
-8.037797860090244
-8.07589874116469
-8.113999622239131
-8.152100503313573
-8.190201384388018
-8.22830226546246
-8.266403146536906
-8.304504027611348
-8.342604908685793
-8.380705789760235
-8.418806670834677
-8.456907551909122
-8.495008432983564
-8.53310931405801
-8.571210195132451
-8.609311076206897
-8.647411957281339
-8.68551283835578
-8.723613719430226
-8.761714600504668
-8.799815481579113
-8.837916362653555
-8.876017243728
-8.914123387985356
-8.952240940937159
-8.990360707063846
-9.028471159560073
-9.066543401605347
-9.104600044828224
-9.142705416696678