3.2613996586198484
3.2613996586198484
3.2613996586198484
3.2613996586198484
3.2613996586198484
3.2613996586198484
3.2613996586198484
3.2613996586198484
3.2613996586198484
3.2613996586198484
3.2613996586198484
3.2613996586198484
3.2613996586198484
3.2613996586198484
3.2613996586198484
3.2613996586198484
3.2613996586198484
3.2613996586198484
3.2613996586198484
3.2613996586198484
3.2613996586198484
3.2613996586198484
3.2613996586198484
3.2613996586198484
3.2613996586198484
3.2613996586198484
3.2613996586198484
3.2613996586198484
3.2613996586198484
3.2613996586198484
3.2613996586198484
3.2613996586198484
3.2613996586198484
3.2613996586198484
3.2613996586198484
3.2613996586198484
3.2613996586198484
3.2613996586198484
3.2613996586198484
3.2613996586198484
3.2613996586198484
3.2613996586198484
3.2613996586198484
3.2613996586198484
3.2613996586198484
3.2613996586198484
3.2543314210883176
3.234278545666344
3.21422567024437
3.1941727948223964
3.1741199194004226
3.154067043978449
3.134014168556475
3.1139612931345013
3.08538735171679
3.054010499585937
3.022633647455084
2.9912567953242313
2.9598799431933784
2.9285030910625256
2.8971262389316728
2.9179674751042466
2.9414139140591695
2.9712464809106542
3.0128106226943814
3.075376163668542
3.2546724615591307
3.4339687594497184
3.613265057340307
3.7723238234897867
3.9247256766967853
4.111531333863951
4.309653743033051
4.372184689534526
4.38908345862835
4.215202819137711
3.99093630500889
3.736894185941008
3.437944946754116
3.163880694204561
2.891830599357279
2.707378987875143
2.5485548219655105
2.4337541821611204
2.2647598472974773
2.164199132846668
1.9941168944813403
1.8876992324095099
1.7266574022826477
1.604330825139928
1.4179457160665205
1.1864635653097932
1.0398359532951797
1.0524364485870803
1.0122218978971667
0.8797595861836041
0.5894701432700908
0.3364041920460361
0.6569444496803041
0.5939614302086512
0.2925489288050692
0.15225148679599526
0.2702880492026515
0.36690702616713705
0.396244818336991
0.396244818336991
0.3320848573343923
0.22085670160295426
0.0033650328534875484
-0.4538405267660124
-0.9110460863855123
-1.3682516460050125
-1.4181307145109112
-1.220884060502503
-1.4061792459137377
-1.4436704117125687
-1.499932780389169
-1.5968920425126347
-1.6869982345000876
-1.7735318266495774
-1.871613864703679
-1.968620505747319
-2.068111911021326
-2.16687538030092
-2.270668509986413
-2.376880025637294
-2.4833572052760085
-2.595269342428841
-2.700063889508624
-2.807213674578757
-2.9004997930163228
-2.9887459084612815
-3.0761913724558507
-3.1649747694666748
-3.2834568712939682
-3.4315638099495493
-3.6237491394900676
-3.849267301722298
-4.0824698956917
-4.3295863828912715
-4.550936287319041
-4.733051691858303
-4.885744152205505
-5.012864318670308
-5.115447069430337
-5.204524173815128
-5.283784671106751
-5.352233771134319
-5.412600159328675
-5.471076333797992
-5.526263951232736
-5.579915922956842
-5.632987057058148
-5.685556738385473
-5.736398271784309
-5.784014486974084
-5.831641405704131
-5.878674993293595
-5.9253601053569085
-5.972043255446441
-6.018760362580689
-6.065184469386034
-6.10010128083665
-6.134730957566219
-6.169034215168793
-6.20322039205872
-6.237405419215942
-6.271589697071572
-6.305773491623851
-6.33995697431004
-6.3741402688427415
-6.40832343866777
-6.439418360357743
-6.464132574631361
-6.488846757072522
-6.513560918944632
-6.538275069584261
-6.562989217592719
-6.587703365601179
-6.612417513609637
-6.640323823459999
-6.676900268229559
-6.713676589201979
-6.751190891529733
-6.7887051938574885
-6.8262194961852405
-6.860836519396845
-6.89534259936813
-6.92540681134807
-6.9457270584422695
-6.966047305536469
-6.988780981371534
-7.016808908398017
-7.0448368354244995
-7.072864762450983
-7.100892689477467
-7.144626366077425
-7.188961450646589
-7.226346294525474
-7.238069514002902
-7.249792733480325
-7.26948074629272
-7.2941945603262095
-7.318908374359694
-7.3436221883931765
-7.3846050027527514
-7.427135752484798
-7.4662856620358085
-7.504386125337437
-7.5424865886390595
-7.580587287196909
-7.618688168271353
-7.656789049345786
-7.694889930420221
-7.732990811494657
-7.771091692569092
-7.809192573643525
-7.847293454717956
-7.8853943357923875
-7.923495216866822
-7.961596097941268
-7.999696979015713
-8.037797860090244
-8.07589874116469
-8.113999622239131
-8.152100503313573
-8.190201384388018
-8.22830226546246
-8.266403146536906
-8.304504027611348
-8.342604908685793
-8.380705789760235
-8.418806670834677
-8.456907551909122
-8.495008432983564
-8.53310931405801
-8.571210195132451
-8.609311076206897
-8.647411957281339
-8.68551283835578
-8.723613719430226
-8.761714600504668
-8.799815481579113
-8.837916362653555
-8.876017243728
-8.914123387985356
-8.952240940937159
-8.990360707063846
-9.028471159560073
-9.066543401605347
-9.104600044828224
-9.142705416696678