3.2613996586198484
3.2613996586198484
3.2613996586198484
3.2613996586198484
3.2613996586198484
3.2613996586198484
3.2613996586198484
3.2613996586198484
3.2613996586198484
3.2613996586198484
3.2613996586198484
3.2613996586198484
3.2613996586198484
3.2613996586198484
3.2613996586198484
3.2613996586198484
3.2613996586198484
3.2613996586198484
3.2613996586198484
3.2613996586198484
3.2613996586198484
3.2613996586198484
3.2613996586198484
3.2613996586198484
3.2613996586198484
3.2613996586198484
3.2613996586198484
3.2613996586198484
3.2613996586198484
3.2613996586198484
3.2613996586198484
3.2613996586198484
3.2613996586198484
3.2613996586198484
3.2613996586198484
3.2613996586198484
3.2613996586198484
3.2613996586198484
3.2613996586198484
3.2613996586198484
3.2613996586198484
3.2613996586198484
3.2613996586198484
3.2613996586198484
3.2613996586198484
3.2613996586198484
3.2543314210883176
3.234278545666344
3.21422567024437
3.1941727948223964
3.1741199194004226
3.154067043978449
3.134014168556475
3.1139612931345013
3.0846964479997863
3.0545487254292385
3.021734298324056
2.990856814355711
2.958898504346227
2.9309052714190047
2.9032828940695254
2.921207212611027
2.9414139140591695
2.9712464809106542
3.0128106226943814
3.075376163668542
3.2546724615591307
3.5395791650229285
3.752544181305701
3.7204087490586915
3.8197250919439836
4.083150078101756
4.295476431305664
4.357860618730166
4.36849245731081
4.174795884450111
3.8908905277461723
3.580096452413163
3.2484982635169404
3.007302373822048
2.833685318253393
2.7300979157365126
2.6065201653177503
2.4881538733302673
2.309089571252353
2.2036504437421556
2.026640209481961
1.9180914951461072
1.762538100931538
1.654937902628851
1.3923182466317012
1.0575540078749486
1.0667130430734253
1.271005454380806
1.1249465159505627
0.8696153473501642
0.5994395436044936
0.36787167538349635
0.66704414168599
0.570617890552573
0.278955540799134
0.16314765427191763
0.2697216707072001
0.36690702616713705
0.396244818336991
0.396244818336991
0.3320848573343923
0.22085670160295426
0.0033650328534875484
-0.4538405267660124
-0.9110460863855123
-1.3682516460050125
-1.4919731903832445
-1.2153942105269562
-1.44084480091561
-1.4618512543651108
-1.5143188745109364
-1.614008540953351
-1.6989635036978519
-1.784013048776983
-1.8818367307175676
-1.9774203740017902
-2.0757992371834413
-2.1739555145563747
-2.2769309956228247
-2.3821396490872337
-2.4878599810788518
-2.599338027907033
-2.7042543400306167
-2.8119698557862645
-2.9062705339674717
-2.995505549629257
-3.082516651368767
-3.168765197267364
-3.2817740886901174
-3.4214095811046716
-3.603387472808546
-3.8194522821679513
-4.047145353402564
-4.292669262858903
-4.515546930577354
-4.702774139865252
-4.86215017712029
-4.995058060831444
-5.10231283852342
-5.195009247496999
-5.27667031041134
-5.346789412128334
-5.408508889476694
-5.467895452596901
-5.523608040632564
-5.577612886465667
-5.630908274885446
-5.683573538088673
-5.7344617217364195
-5.782213552485069
-5.8300009332866685
-5.877144088526196
-5.924031475976655
-5.970999729648321
-6.017955337310588
-6.064607137373935
-6.099789933562029
-6.134632172171552
-6.169020059003324
-6.203218091014727
-6.237404053037231
-6.271588820674793
-6.305772937670721
-6.339956631118355
-6.374140063415372
-6.408323321972898
-6.439418298680042
-6.464132545777335
-6.488846746432072
-6.513560916444183
-6.5382750693368665
-6.562989217588648
-6.587703365601176
-6.612417513609636
-6.640323823459998
-6.676900268229557
-6.713676589201978
-6.751190891529732
-6.788705193857486
-6.82621949618524
-6.860836519396842
-6.895342599368129
-6.925406811348069
-6.945727058442267
-6.966047305536468
-6.988780981371531
-7.0168089083980165
-7.044836835424499
-7.072864762450981
-7.100892689477466
-7.144626366077422
-7.188961450646588
-7.226346294525471
-7.238069514002899
-7.249792733480324
-7.269480746292719
-7.294194560326209
-7.318908374359691
-7.343622188393174
-7.384605002752751
-7.427135752484795
-7.466285662035806
-7.504386125337434
-7.542486588639059
-7.580587287196907
-7.618688168271352
-7.656789049345783
-7.694889930420218
-7.732990811494656
-7.771091692569091
-7.809192573643522
-7.847293454717954
-7.885394335792385
-7.92349521686682
-7.961596097941265
-7.99969697901571
-8.037797860090244
-8.07589874116469
-8.113999622239131
-8.152100503313573
-8.190201384388018
-8.22830226546246
-8.266403146536906
-8.304504027611348
-8.342604908685793
-8.380705789760235
-8.418806670834677
-8.456907551909122
-8.495008432983564
-8.53310931405801
-8.571210195132451
-8.609311076206897
-8.647411957281339
-8.68551283835578
-8.723613719430226
-8.761714600504668
-8.799815481579113
-8.837916362653555
-8.876017243728
-8.914123387985356
-8.952240940937159
-8.990360707063846
-9.028471159560073
-9.066543401605347
-9.104600044828224
-9.142705416696678