3.2613996586198484
3.2613996586198484
3.2613996586198484
3.2613996586198484
3.2613996586198484
3.2613996586198484
3.2613996586198484
3.2613996586198484
3.2613996586198484
3.2613996586198484
3.2613996586198484
3.2613996586198484
3.2613996586198484
3.2613996586198484
3.2613996586198484
3.2613996586198484
3.2613996586198484
3.2613996586198484
3.2613996586198484
3.2613996586198484
3.2613996586198484
3.2613996586198484
3.2613996586198484
3.2613996586198484
3.2613996586198484
3.2613996586198484
3.2613996586198484
3.2613996586198484
3.2613996586198484
3.2613996586198484
3.2613996586198484
3.2613996586198484
3.2613996586198484
3.2613996586198484
3.2613996586198484
3.277651831119712
3.277651831119712
3.258515142706071
3.3124926024370263
3.159091413551619
3.2747109496136364
3.2217478753885898
3.2155912992123517
3.2900412896955187
3.1830321964464643
3.190223817562624
3.211106048714725
3.0815210389497167
3.0694635828167387
3.2015558474475485
2.9917331593182293
2.7299010829838077
2.9885355343752993
2.856882850302661
2.6651653536623936
2.473447857022126
2.460917981240957
2.652635477881225
2.844352974521492
3.033965856924535
3.225683353564803
3.41740085020507
3.609118346845338
3.550907455573296
3.3591899589330283
3.613863544454213
3.934211035539639
3.9522178189127812
3.7506130973191847
3.640542167187141
3.5092631855282033
3.351814553016718
3.1805248494967175
3.0862719952296533
3.2114737854844693
3.10957936439445
2.9782240064523546
2.7040853835162597
2.8189693081440086
2.758390671129334
2.6967469813162133
2.6673254340021835
2.544869830105906
2.4653548087718606
2.319837684334071
2.229765771092687
2.0612121413574824
1.952830254425226
1.798596638277653
1.6729136736262957
1.3480975478266697
1.012944645311096
1.1293352098380838
1.3875142741330597
1.1825171393040763
0.8829367533365058
0.6254113125210377
0.40369715584936705
0.6749500631505263
0.5424217141122709
0.2617694685926094
0.17215387177078587
0.2697216707072001
0.36690702616713705
0.396244818336991
0.396244818336991
0.3320848573343923
0.22085670160295426
0.0033650328534875484
-0.4538405267660124
-0.9110460863855123
-1.3682516460050125
-1.5658123190144495
-1.1980502903046772
-1.47112247162062
-1.4792267099851288
-1.5297100321390187
-1.6317543461393458
-1.711211956158614
-1.7955479336814155
-1.8927719586819265
-1.9867611220777128
-2.0841301262517917
-2.1816911822851464
-2.2839379223517735
-2.3883489331811965
-2.4935078098945356
-2.604653389089067
-2.709597196099287
-2.8175185398127223
-2.912212236207608
-3.0017383837475995
-3.088025629763657
-3.1722806645082686
-3.2811394817433306
-3.413971602198738
-3.587158203774615
-3.7943214261071683
-4.015683181241163
-4.2575296400690865
-4.479554055009666
-4.670055214415694
-4.835078100978522
-4.973620989723606
-5.08601796729862
-5.1829433500271715
-5.267548288952358
-5.339795244977861
-5.403245139616787
-5.463819255886795
-5.5202119097938995
-5.574695603658424
-5.62832181161218
-5.681115090416109
-5.732065262633691
-5.77995426853328
-5.827886582571108
-5.875146385486581
-5.922215941811789
-5.969400241852713
-6.016402210325403
-6.062977426494309
-6.098368626587247
-6.133668502653201
-6.168422404842288
-6.202901607707366
-6.237297391746088
-6.271568858695503
-6.305770207817982
-6.339954841717145
-6.374138903291867
-6.4083225818164475
-6.439417836638063
-6.464132268383063
-6.488846592455991
-6.51356083985025
-6.5382750353448955
-6.562989205097918
-6.587703362479877
-6.612417513209679
-6.640323823459996
-6.676900268229554
-6.713676589201976
-6.751190891529729
-6.788705193857483
-6.826219496185237
-6.860836519396839
-6.895342599368126
-6.925406811348067
-6.945727058442264
-6.966047305536465
-6.988780981371528
-7.016808908398014
-7.044836835424496
-7.072864762450978
-7.1008926894774635
-7.14462636607742
-7.188961450646586
-7.226346294525468
-7.2380695140028966
-7.249792733480321
-7.269480746292716
-7.294194560326206
-7.3189083743596886
-7.343622188393171
-7.384605002752748
-7.4271357524847925
-7.466285662035803
-7.504386125337431
-7.542486588639056
-7.580587287196904
-7.618688168271349
-7.656789049345781
-7.694889930420215
-7.732990811494654
-7.7710916925690885
-7.80919257364352
-7.847293454717951
-7.885394335792382
-7.923495216866817
-7.961596097941262
-7.999696979015708
-8.037797860090244
-8.07589874116469
-8.113999622239131
-8.152100503313573
-8.190201384388018
-8.22830226546246
-8.266403146536906
-8.304504027611348
-8.342606122582229
-8.380716305511683
-8.418836161178536
-8.456950703676224
-8.495053977709368
-8.533158457286145
-8.571267646777692
-8.609373164322186
-8.647476410866275
-8.685595978227388
-8.723737437847483
-8.761873911011772
-8.799995847353644
-8.838125357292537
-8.87626346910616
-8.914399239027906
-8.952540946747671
-8.990686547120854
-9.028819822235793
-9.066465708501434
-9.103994908579525
-9.14235707082512