3.2613996586198484
3.2613996586198484
3.2613996586198484
3.2613996586198484
3.2613996586198484
3.2613996586198484
3.2613996586198484
3.2613996586198484
3.2613996586198484
3.2613996586198484
3.2613996586198484
3.2613996586198484
3.2613996586198484
3.2613996586198484
3.2613996586198484
3.2613996586198484
3.2613996586198484
3.2613996586198484
3.2613996586198484
3.2613996586198484
3.2613996586198484
3.2613996586198484
3.2613996586198484
3.2613996586198484
3.2613996586198484
3.2613996586198484
3.2613996586198484
3.325092907329465
3.325092907329465
3.2613996586198484
3.2613996586198484
3.2613996586198484
3.2613996586198484
3.2613996586198484
3.2613996586198484
3.239438725246968
3.239438725246968
2.9632193001590306
3.017196759889986
3.3050643601897427
3.204815537397434
3.2232531808207296
3.3498357027352355
2.940933925636497
2.6004694980862975
2.6431832626179648
2.669558759624009
2.8612762562642766
3.052993752904544
3.2447112495448116
3.174122404603573
2.9824049079633053
3.0494986801812045
3.041909729492219
3.476340463278161
3.6067151778413824
3.6911643830569494
3.6638680014996305
3.5365718853891344
3.4826014865231087
3.681640871885114
3.7268965849982165
3.6020165909702446
3.55941527917179
3.555166773973976
3.4667246804605725
3.3685071324272498
3.289176557007293
3.2227537693674435
3.1522611497685338
3.1110606597556987
3.0609503918685856
3.005374895120948
2.9302610290088404
2.808689270222451
2.69997433655579
2.798330226174648
2.650398314197522
2.776353212509175
2.6942076350382864
2.6229025946334983
2.5799432657891503
2.4682873495241946
2.410521422232498
2.2842370294951557
2.2148592444594155
2.0675433258923674
1.9714159148164212
1.8360456778006582
1.7261019246183016
1.3160765512611505
1.0
1.112089570715116
1.5283042128058435
1.2239859604050847
0.8880477695890612
0.6562647001834955
0.43435914402672343
0.6785712311729152
0.516981052042714
0.24906766302394956
0.17935543443633012
0.2697216707072001
0.36690702616713705
0.396244818336991
0.396244818336991
0.3320848573343923
0.22085670160295426
0.0033650328534875484
-0.4538405267660124
-0.9110460863855123
-1.3682516460050125
-1.650927514910107
-1.1773475203047814
-1.4986466737444892
-1.4934714475506237
-1.5436936104667436
-1.6491657677961227
-1.722911198724857
-1.8069079176945397
-1.9033706073671288
-1.995584862395148
-2.091957048029897
-2.1887873317469713
-2.290107111577314
-2.3935867893000866
-2.498072384476626
-2.6087668672360915
-2.7136459258711456
-2.8217589662649343
-2.916940004567525
-3.006958612246989
-3.0927935840581613
-3.175315813856905
-3.280279298222617
-3.4066556604359333
-3.57156697736742
-3.7703294785655133
-3.985571619242205
-4.223848609076909
-4.445174810002472
-4.6388670352456725
-4.809165741633219
-4.952928015598353
-5.070153386915044
-5.171133509589741
-5.258650350326448
-5.333050715526984
-5.398171839893497
-5.459860157019773
-5.5169779936730405
-5.572003588636885
-5.625963126645237
-5.678892598024278
-5.729928172386946
-5.777979169253057
-5.8260979821045185
-5.873497406311303
-5.920719729079501
-5.968059764602869
-6.015102763554113
-6.061657768541262
-6.097250099290731
-6.132940415962395
-6.167997692977359
-6.202688775354355
-6.237234696691137
-6.271560357637164
-6.305768323288098
-6.339953612076424
-6.374138110320314
-6.408322079386811
-6.439417525994685
-6.464132084428787
-6.488846492344944
-6.513560791539425
-6.538275014790289
-6.562989197993429
-6.5877033609503055
-6.612417513080967
-6.6403238234599975
-6.676900268229556
-6.713676589201977
-6.751190891529731
-6.788705193857485
-6.826219496185239
-6.860836519396841
-6.895342599368128
-6.9254068113480685
-6.945727058442266
-6.966047305536467
-6.98878098137153
-7.016808908398016
-7.044836835424498
-7.07286476245098
-7.100892689477465
-7.144626366077421
-7.1889614506465875
-7.22634629452547
-7.238069514002898
-7.249792733480323
-7.269480746292718
-7.294194560326208
-7.31890837435969
-7.343622188393173
-7.38460500275275
-7.427135752484794
-7.466285662035805
-7.504386125337433
-7.542486588639058
-7.580587287196906
-7.618688168271351
-7.656789049345782
-7.694889930420217
-7.7329908114946555
-7.77109169256909
-7.8091925736435215
-7.847293454717953
-7.885394335792384
-7.923495216866819
-7.961596097941264
-7.9996969790157095
-8.037797860090244
-8.07589874116469
-8.113999622239131
-8.152100503313573
-8.190201384388018
-8.22830226546246
-8.266403146536906
-8.304504027611348
-8.342606122582229
-8.380716305511683
-8.418836161178536
-8.456950703676224
-8.495053977709368
-8.533158457286145
-8.571267646777692
-8.609373164322186
-8.647476410866275
-8.68559597822739
-8.723737437847483
-8.761878118713557
-8.800013640386759
-8.838162070937095
-8.87631971969828
-8.914474118928407
-8.952629132202077
-8.99075886018866
-9.028844626589791
-9.066419536764645
-9.103907651177607
-9.14231490427898