3.2613996586198484
3.2613996586198484
3.2613996586198484
3.2613996586198484
3.2613996586198484
3.2613996586198484
3.2613996586198484
3.2613996586198484
3.2613996586198484
3.2613996586198484
3.2613996586198484
3.2613996586198484
3.2613996586198484
3.2613996586198484
3.2613996586198484
3.2613996586198484
3.2613996586198484
3.2613996586198484
3.2613996586198484
3.2613996586198484
3.2613996586198484
3.2613996586198484
3.2613996586198484
3.2613996586198484
3.2613996586198484
3.2613996586198484
3.2613996586198484
3.325092907329465
3.325092907329465
3.2613996586198484
3.2613996586198484
3.2613996586198484
3.2613996586198484
3.2613996586198484
3.2613996586198484
3.239438725246968
3.239438725246968
2.9632193001590306
3.017196759889986
3.3050643601897427
3.204815537397434
3.2232531808207296
3.3498357027352355
2.940933925636497
2.6004694980862975
2.6431832626179648
2.669558759624009
2.8612762562642766
3.052993752904544
2.741702518007767
3.179646857504997
3.375772019355262
3.357947704077527
3.595245884674121
3.792245597710094
3.80360391282749
3.6636431972032324
3.5574578793926555
3.402966722594044
3.336412930063189
3.3388337142074116
3.5109707065579645
3.5658205149052793
3.5237695389544177
3.462172973657212
3.39502673439718
3.335451899145345
3.273300517151465
3.19356863426795
3.111059494320414
3.0397030368632514
2.9631518625776287
2.8908068274003162
2.8031401323865106
2.7335627774965277
2.637050862039541
2.680416510896319
2.5669248378918073
2.7038143009453925
2.6162858170649743
2.5593408667592326
2.502806229202247
2.4001858773924156
2.3537910930186903
2.233160694037648
2.1745569693297053
2.042336765861393
1.9528972654534091
1.8433250181749532
1.8004905556197497
1.4225088883518773
1.053479981585195
1.0262011802898685
1.4442075750525667
1.2514689746700614
0.9694137213274404
0.7043468252188232
0.46267378416826477
0.6829251015033388
0.4985671751977836
0.2429131632969333
0.186389493794231
0.2697216707072001
0.36690702616713705
0.396244818336991
0.396244818336991
0.3320848573343923
0.22085670160295426
0.0033650328534875484
-0.4538405267660124
-0.9110460863855123
-1.3682516460050125
-1.7587040111008014
-1.1527336069212384
-1.5194168608997056
-1.5029237473611734
-1.556070892723373
-1.665889597708138
-1.7338409986512182
-1.8180201781929832
-1.9136754107759557
-2.0039931053203186
-2.0994150963254086
-2.195414175181972
-2.2956737771731484
-2.3981421334177684
-2.501843712594725
-2.6119029301938346
-2.7165579760299656
-2.8248469255564954
-2.920623608930322
-3.011318227670074
-3.0969882208036585
-3.1781252343899133
-3.2795857961641084
-3.39996428783595
-3.557098723514364
-3.747991019953837
-3.9575059173332456
-4.1923440628320385
-4.412923435663788
-4.609571969640312
-4.784771411188673
-4.933414473715379
-5.055186539090543
-5.159979108260575
-5.25024615980663
-5.326680971803477
-5.393415961396811
-5.456243087954091
-5.514090687426412
-5.569610739207862
-5.623895846872038
-5.677038632181072
-5.728266599277748
-5.7765449296085665
-5.824854012099768
-5.87234709267301
-5.919634690461596
-5.967044093723668
-6.014068160103951
-6.0605462401523145
-6.096296343256819
-6.132376660359705
-6.167739526249715
-6.202587695272462
-6.237210457784502
-6.271557078199646
-6.30576696300779
-6.339952727998916
-6.374137542695386
-6.408321722017223
-6.43941730733476
-6.464131957474012
-6.488846426453036
-6.5135607628970424
-6.538275004415207
-6.562989194953015
-6.587703360412557
-6.612417513053525
-6.64032382346
-6.676900268229558
-6.71367658920198
-6.751190891529734
-6.788705193857488
-6.826219496185241
-6.860836519396844
-6.8953425993681305
-6.925406811348071
-6.945727058442269
-6.96604730553647
-6.988780981371533
-7.016808908398018
-7.0448368354245
-7.072864762450982
-7.100892689477468
-7.144626366077424
-7.18896145064659
-7.226346294525473
-7.238069514002901
-7.249792733480326
-7.269480746292721
-7.29419456032621
-7.318908374359693
-7.343622188393176
-7.384605002752752
-7.427135752484797
-7.466285662035808
-7.504386125337436
-7.54248658863906
-7.580587287196908
-7.618688168271354
-7.656789049345785
-7.69488993042022
-7.732990811494658
-7.771091692569093
-7.809192573643524
-7.847293454717955
-7.885394335792387
-7.923495216866821
-7.961596097941267
-7.999696979015712
-8.037797860090244
-8.07589874116469
-8.113999622239131
-8.152100503313573
-8.190201384388018
-8.22830226546246
-8.266403146536906
-8.304504027611348
-8.342606122582229
-8.380716305511683
-8.418836161178536
-8.456950703676224
-8.495053977709368
-8.533158457286145
-8.571267646777692
-8.609373164322186
-8.647476410866275
-8.68559597822739
-8.723737437847483
-8.76188237923743
-8.800031886817024
-8.838197117779345
-8.876365002287404
-8.914525099249133
-8.952683998788793
-8.990816443236053
-9.02890544420518
-9.066422295572949
-9.103834381108868
-9.142270217889187