3.2613996586198484
3.2613996586198484
3.2613996586198484
3.2613996586198484
3.2613996586198484
3.2613996586198484
3.2613996586198484
3.2613996586198484
3.2613996586198484
3.2613996586198484
3.2613996586198484
3.2613996586198484
3.2613996586198484
3.2613996586198484
3.2613996586198484
3.2613996586198484
3.2613996586198484
3.2613996586198484
3.2613996586198484
3.2613996586198484
3.2613996586198484
3.2613996586198484
3.2613996586198484
3.2613996586198484
3.2613996586198484
3.2613996586198484
3.2613996586198484
3.325092907329465
3.325092907329465
3.2613996586198484
3.2613996586198484
3.2613996586198484
3.2613996586198484
3.2613996586198484
3.2613996586198484
3.239438725246968
3.239438725246968
2.9632193001590306
3.017196759889986
3.3050643601897427
3.204815537397434
3.2232531808207296
3.3498357027352355
2.940933925636497
2.6004694980862975
2.6431832626179648
2.669558759624009
2.8612762562642766
3.052993752904544
2.741702518007767
3.179646857504997
3.2248086810625334
3.0330911844222657
3.0375454184633717
3.2292629151036394
3.426801491215346
3.569567114172373
3.7216409216685857
3.624115297580283
3.4648592399059788
3.405812702780174
3.454748179729586
3.4949377746890393
3.4344818908189323
3.4100969619030326
3.3809015081681433
3.2832955486435207
3.181462637710431
3.132009247752813
3.074125364874259
2.9979921674404517
2.9110577392059573
2.8383375823675596
2.7516399326382457
2.6902237475016855
2.5953970520561387
2.610688516660949
2.5090376160193504
2.6364202516607387
2.5418458910920316
2.4932857521310634
2.438919499156215
2.354825946789573
2.3026492956764293
2.178656796921958
2.130503216198668
2.0120360624094564
1.9138536227751588
1.795931599535763
1.8215996112819262
1.5389997503013144
1.1765988031341599
1.0155176963076202
1.2827018835005999
1.1670803377117294
1.0421648271309285
0.7842706103986615
0.5026900578037575
0.6925897164017466
0.4873145538614877
0.24263482870526495
0.1950060749931515
0.2697216707072001
0.36690702616713705
0.396244818336991
0.396244818336991
0.3320848573343923
0.22085670160295426
0.0033650328534875484
-0.4538405267660124
-0.9110460863855123
-1.3682516460050125
-1.8254572056245122
-1.185410669328656
-1.5327339259145951
-1.509209544625567
-1.5691177006422719
-1.6827706003735887
-1.7447888420294988
-1.8301879383450685
-1.9250978238883327
-2.0136059712690946
-2.108301386016437
-2.203513825337313
-2.3027617753291145
-2.404298728033297
-2.5072989736519617
-2.6167853951738964
-2.721244191733976
-2.82972641094575
-2.9261119615818085
-3.01752056583197
-3.1032170399682495
-3.183357371105986
-3.2816975407148945
-3.396308057448349
-3.54559081929537
-3.7279619776195654
-3.9305543349625145
-4.1605580550034675
-4.379151662616754
-4.57781817938693
-4.757360412359533
-4.910868712950282
-5.037579489670948
-5.146660980384927
-5.240127421418264
-5.31902573056697
-5.387731961926849
-5.451916257537229
-5.510628430596463
-5.566793379324284
-5.621493866865569
-5.674790672997903
-5.726121265130487
-5.774600479644276
-5.823086784257017
-5.870679205614112
-5.918094435221553
-5.965643694827455
-6.0126917748458455
-6.059149889456353
-6.0951797780818495
-6.131808100666726
-6.167566616725228
-6.202555826831171
-6.23720707801695
-6.2715548748537975
-6.305765537707059
-6.339951814569612
-6.374136966716917
-6.4083213677987345
-6.4394170974399305
-6.464131841616607
-6.488846371785195
-6.513560743551646
-6.5382749998890874
-6.562989194364288
-6.587703360412561
-6.612417513053529
-6.640323823460005
-6.676900268229563
-6.7136765892019845
-6.751190891529738
-6.788705193857492
-6.826219496185246
-6.860836519396848
-6.895342599368135
-6.925406811348076
-6.945727058442273
-6.966047305536474
-6.988780981371537
-7.016808908398023
-7.044836835424505
-7.072864762450987
-7.100892689477472
-7.1446263660774285
-7.188961450646595
-7.226346294525477
-7.238069514002905
-7.24979273348033
-7.269480746292725
-7.294194560326215
-7.318908374359697
-7.34362218839318
-7.384605002752757
-7.427135752484801
-7.466285662035812
-7.50438612533744
-7.542486588639065
-7.580587287196913
-7.618688168271358
-7.6567890493457895
-7.694889930420224
-7.732990811494663
-7.771091692569097
-7.809192573643529
-7.84729345471796
-7.885394335792391
-7.923495216866826
-7.961596097941271
-7.999696979015717
-8.037797860090244
-8.07589874116469
-8.113999622239131
-8.152100503313573
-8.190201384388018
-8.22830226546246
-8.266403146536906
-8.304504027611348
-8.342606122582229
-8.380716305511683
-8.418836161178536
-8.456950703676224
-8.495053977709368
-8.533158457286145
-8.571267646777692
-8.609373164322186
-8.647476410866275
-8.68559597822739
-8.723737437847483
-8.76188237923743
-8.800031886817024
-8.838197117779345
-8.876365002287404
-8.914525099249133
-8.952683998788793
-8.990816443236053
-9.02890544420518
-9.066422295572949
-9.103834381108868
-9.142270217889187