3.2613996586198484
3.2613996586198484
3.2613996586198484
3.2613996586198484
3.2613996586198484
3.2613996586198484
3.2613996586198484
3.2613996586198484
3.2613996586198484
3.2613996586198484
3.2613996586198484
3.2613996586198484
3.2613996586198484
3.2613996586198484
3.2613996586198484
3.2613996586198484
3.2613996586198484
3.2613996586198484
3.2613996586198484
3.2613996586198484
3.2613996586198484
3.2613996586198484
3.2613996586198484
3.2613996586198484
3.2613996586198484
3.2613996586198484
3.2613996586198484
3.325092907329465
3.325092907329465
3.2613996586198484
3.2613996586198484
3.2613996586198484
3.2613996586198484
3.2613996586198484
3.2613996586198484
3.239438725246968
3.239438725246968
2.9632193001590306
3.017196759889986
3.3050643601897427
3.204815537397434
3.2232531808207296
3.3498357027352355
2.940933925636497
2.6004694980862975
2.6431832626179648
2.669558759624009
2.8612762562642766
3.052993752904544
2.741702518007767
3.179646857504997
3.2248086810625334
3.0330911844222657
3.0375454184633717
3.2292629151036394
3.426801491215346
3.569567114172373
3.7216409216685857
3.624115297580283
3.489315854409749
3.403494808350209
3.4359204403992827
3.486888990117726
3.4340233218252023
3.398632191743133
3.355140551347233
3.27804473070888
3.1982494118788773
3.129525669455375
3.053412996015449
2.9828018227499267
2.9008362929821523
2.830147459922149
2.7410852264471584
2.6811667453407155
2.5855484232372676
2.5950562563636366
2.4955036380952897
2.611439967564194
2.5224331860905984
2.470120365534974
2.4074614764215703
2.3195165133984075
2.2646859856655412
2.1586475529391427
2.1021028738804777
1.997403926110757
1.8958029566597532
1.7131229363352973
1.7624549599063144
1.6110981071439323
1.3140858420582888
1.0864685022610037
1.23509435517623
1.091376638735072
1.0495336383621647
0.8346709937878908
0.5353569362874845
0.7047181519815203
0.48536186521269675
0.24456659361344502
0.19952304168370455
0.2697216707072001
0.36690702616713705
0.396244818336991
0.396244818336991
0.3320848573343923
0.22085670160295426
0.0033650328534875484
-0.4538405267660124
-0.9110460863855123
-1.3682516460050125
-1.8254572056245122
-1.282459501644206
-1.5445939920665408
-1.5188182095326426
-1.5848088211822
-1.699708448504427
-1.75562546542092
-1.8428010201228724
-1.937042324025275
-2.023580554906872
-2.1177638120751143
-2.212230420809701
-2.3103791587292393
-2.4108879957401035
-2.5130009926763006
-2.6217031146600394
-2.7258599171416162
-2.8345631961131788
-2.9318165392839823
-3.0245158747000787
-3.1110100660507167
-3.19083078975564
-3.286371220263837
-3.395105678212385
-3.536031945917278
-3.7090892820994723
-3.903892632935371
-4.128342335437547
-4.344587368544825
-4.545310619368616
-4.729350988591522
-4.887782273272598
-5.019516397175535
-5.133053347928035
-5.229844663291702
-5.3112606793323565
-5.3819615075200735
-5.447541813643155
-5.507170131676026
-5.563978351371513
-5.6191052088476825
-5.672634368575536
-5.724108221260157
-5.772789483011651
-5.821486899544713
-5.869192543450852
-5.916686977680335
-5.964335061142985
-6.011464002445767
-6.05807510117894
-6.094485448758197
-6.1315365356116756
-6.167501872614733
-6.202542234607887
-6.237204814623291
-6.271553413988393
-6.305764605821146
-6.33995122612581
-6.374136596806797
-6.408321142041404
-6.439416968142768
-6.464131775465306
-6.4888463440628605
-6.51356073526704
-6.538274998259032
-6.562989194147894
-6.587703360412561
-6.612417513053529
-6.640323823460006
-6.676900268229565
-6.713676589201988
-6.751190891529742
-6.788705193857496
-6.826219496185249
-6.860836519396852
-6.8953425993681385
-6.925406811348079
-6.945727058442277
-6.9660473055364776
-6.988780981371541
-7.016808908398026
-7.044836835424508
-7.07286476245099
-7.100892689477476
-7.144626366077432
-7.188961450646598
-7.226346294525481
-7.238069514002909
-7.249792733480334
-7.269480746292729
-7.294194560326218
-7.318908374359701
-7.343622188393184
-7.38460500275276
-7.427135752484805
-7.466285662035816
-7.504386125337444
-7.542486588639068
-7.580587287196916
-7.618688168271362
-7.656789049345793
-7.694889930420228
-7.732990811494666
-7.771091692569101
-7.809192573643532
-7.847293454717963
-7.885394335792395
-7.923495216866829
-7.961596097941275
-7.99969697901572
-8.037797860090244
-8.07589874116469
-8.113999622239131
-8.152100503313573
-8.190201384388018
-8.22830226546246
-8.266403146536906
-8.304504027611348
-8.342606122582229
-8.380716305511683
-8.418836161178536
-8.456950703676224
-8.495053977709368
-8.533158457286145
-8.571267646777692
-8.609373164322186
-8.647476410866275
-8.68559597822739
-8.723737437847483
-8.76188237923743
-8.800031886817024
-8.838197117779345
-8.876365002287404
-8.914525099249133
-8.952683998788793
-8.990816443236053
-9.02890544420518
-9.066422295572949
-9.103834381108868
-9.142270217889187