3.2613996586198484
3.2613996586198484
3.2613996586198484
3.2613996586198484
3.2613996586198484
3.2613996586198484
3.2613996586198484
3.2613996586198484
3.2613996586198484
3.2613996586198484
3.2613996586198484
3.2613996586198484
3.2613996586198484
3.2613996586198484
3.2613996586198484
3.2613996586198484
3.2613996586198484
3.2613996586198484
3.2613996586198484
3.2613996586198484
3.2613996586198484
3.2613996586198484
3.2613996586198484
3.2613996586198484
3.2613996586198484
3.2613996586198484
3.2613996586198484
3.325092907329465
3.325092907329465
3.2613996586198484
3.2613996586198484
3.2613996586198484
3.2613996586198484
3.2613996586198484
3.2613996586198484
3.239438725246968
3.239438725246968
2.9632193001590306
3.017196759889986
3.3050643601897427
3.204815537397434
3.2232531808207296
3.3498357027352355
2.940933925636497
2.6004694980862975
2.6431832626179648
2.669558759624009
2.8612762562642766
3.052993752904544
2.741702518007767
3.179646857504997
3.2248086810625334
3.0330911844222657
3.0375454184633717
3.2292629151036394
3.426801491215346
3.569567114172373
3.7216409216685857
3.624115297580283
3.489315854409749
3.403494808350209
3.4359204403992827
3.486888990117726
3.434010176862044
3.398579925383334
3.3548875886680247
3.2777084210705647
3.1977653550128977
3.128774119284378
3.0514205905104044
2.9796514053170933
2.8959763348145224
2.8251897018970764
2.734115362363329
2.680713775452876
2.583411162367294
2.5882269299474934
2.490386835096428
2.589936887028339
2.5055224410186985
2.4496999563791917
2.3833895883198766
2.2955217324196107
2.23428056731096
2.1309113178339842
2.066016816589294
1.950634381320129
1.8942644369390287
1.7527516347647014
1.7243983582292906
1.605862858255363
1.4287169085244051
1.1807672479770128
1.2495879930097387
1.0746405459499655
1.0425838856073142
0.8362248377642524
0.5516096691840694
0.724345607101532
0.4912898263412279
0.24502582390343974
0.20040722261011285
0.2697216707072001
0.36690702616713705
0.396244818336991
0.396244818336991
0.3320848573343923
0.22085670160295426
0.0033650328534875484
-0.4538405267660124
-0.9110460863855123
-1.3682516460050125
-1.8254572056245122
-1.3659517289229288
-1.5530938761668838
-1.534064498245761
-1.6044242597611198
-1.7164354362356937
-1.7665948675172456
-1.8560693966372146
-1.9492951741727682
-2.0337922068129752
-2.1276956805925806
-2.2213790627079684
-2.3183708812842694
-2.41782458683329
-2.5189571903281527
-2.6267477481847843
-2.7304474493711433
-2.839246896372908
-2.937375801742536
-3.0315367004209177
-3.119158562658953
-3.1991015197033676
-3.292327764049288
-3.3956241270190435
-3.528416173945534
-3.6920150984841
-3.878533843744969
-4.096854778174273
-4.310325487736859
-4.512746356101083
-4.700987517872916
-4.864250972083787
-5.001066412541531
-5.119150227908223
-5.219392167379726
-5.30346140051637
-5.376233246527343
-5.4432193402831555
-5.503760520661412
-5.56120312246127
-5.616748149074428
-5.670565426563108
-5.722257856777164
-5.771172437315688
-5.8201308679374995
-5.868017743872184
-5.9156178893016325
-5.96338026701218
-6.010620499236667
-6.057343424746609
-6.09399194318401
-6.131345860243834
-6.167471219245565
-6.202539641642108
-6.2372031616587
-6.271552369233813
-6.30576395361253
-6.339950832957665
-6.374136374920585
-6.408321018266737
-6.439416894747369
-6.464131735763338
-6.48884632776402
-6.513560730727198
-6.538274997682869
-6.562989194147894
-6.587703360412561
-6.612417513053529
-6.640323823460006
-6.676900268229565
-6.713676589201988
-6.751190891529742
-6.788705193857496
-6.82621949618525
-6.860836519396853
-6.895342599368139
-6.92540681134808
-6.9457270584422774
-6.966047305536478
-6.988780981371542
-7.016808908398027
-7.044836835424509
-7.072864762450991
-7.100892689477477
-7.144626366077433
-7.188961450646599
-7.226346294525482
-7.23806951400291
-7.2497927334803345
-7.26948074629273
-7.294194560326219
-7.318908374359702
-7.3436221883931845
-7.384605002752761
-7.427135752484806
-7.4662856620358165
-7.504386125337445
-7.542486588639069
-7.580587287196917
-7.618688168271363
-7.656789049345794
-7.694889930420229
-7.732990811494667
-7.771091692569102
-7.809192573643533
-7.847293454717964
-7.8853943357923955
-7.92349521686683
-7.961596097941276
-7.999696979015721
-8.037797860090244
-8.07589874116469
-8.113999622239131
-8.152100503313573
-8.190201384388018
-8.22830226546246
-8.266403146536906
-8.304504027611348
-8.342606122582229
-8.380716305511683
-8.418836161178536
-8.456950703676224
-8.495053977709368
-8.533158457286145
-8.571267646777692
-8.609373164322186
-8.647476410866275
-8.68559597822739
-8.723737437847483
-8.76188237923743
-8.800031886817024
-8.838197117779345
-8.876365002287404
-8.914525099249133
-8.952683998788793
-8.990816443236053
-9.02890544420518
-9.066422295572949
-9.103834381108868
-9.142270217889187