3.2613996586198484
3.2613996586198484
3.2613996586198484
3.2613996586198484
3.2613996586198484
3.2613996586198484
3.2613996586198484
3.2613996586198484
3.2613996586198484
3.2613996586198484
3.2613996586198484
3.2613996586198484
3.2613996586198484
3.2613996586198484
3.2613996586198484
3.2613996586198484
3.2613996586198484
3.2613996586198484
3.2613996586198484
3.2613996586198484
3.2613996586198484
3.2613996586198484
3.2613996586198484
3.2613996586198484
3.2613996586198484
3.2613996586198484
3.2613996586198484
3.3250929073294646
3.3250929073294646
3.2613996586198484
3.2613996586198484
3.2613996586198484
3.2613996586198484
3.2613996586198484
3.2613996586198484
3.239438725246968
3.239438725246968
2.9632193001590306
3.017196759889986
3.3050643601897427
3.204815537397434
3.2232531808207296
3.349835702735235
2.9409339256364966
2.6004694980862975
2.6431832626179648
2.669558759624009
2.8612762562642766
3.052993752904544
2.741702518007767
3.1796468575049968
3.224808681062533
3.0330911844222657
3.0375454184633712
3.2292629151036394
3.426801491215346
3.569567114172373
3.7216409216685857
3.624115297580283
3.4893158544097487
3.4034948083502083
3.4359204403992827
3.486888990117726
3.434010176862044
3.398579925383334
3.3548875886680243
3.2777084210705647
3.1977210550261725
3.128569958666291
3.050895774117506
2.9787937795032127
2.8940932726884263
2.8228375301743833
2.7297643177251514
2.679410073392581
2.580629298300723
2.583202477433386
2.4859720457965353
2.572796361500751
2.4897217507610594
2.43076878959458
2.3619867070756477
2.2721033320057216
2.208323013705975
2.1007446322087757
2.040753052181256
1.9245545238656088
1.8693085875949242
1.760580690611425
1.696562638578072
1.5994849465625105
1.5178797755183306
1.2701964603080171
1.2796037023179585
1.0854466973879613
1.0546616015667476
0.8316274944780444
0.5567034716751084
0.7404941577378327
0.4977854752341505
0.24531372753014155
0.20145025134948064
0.2697216707072001
0.36690702616713705
0.396244818336991
0.396244818336991
0.3320848573343923
0.22085670160295426
0.0033650328534875484
-0.4538405267660124
-0.9110460863855123
-1.3682516460050125
-1.8254572056245122
-1.4327331577949876
-1.5577632384599633
-1.5537316007651774
-1.6267571452193417
-1.7328376541599502
-1.7783901843731873
-1.8705233937326773
-1.9621541819965775
-2.044708466870559
-2.1386175374640457
-2.231497800785012
-2.327419511005676
-2.4259683015960563
-2.526163989110452
-2.633016275087845
-2.736201010386454
-2.8450138063059667
-2.9439669665901316
-3.0396366835986743
-3.1286010059164626
-3.2091266717743707
-3.3006941735193216
-3.3992372769055508
-3.524349860102211
-3.6783939389932683
-3.855822896404597
-4.066681553604267
-4.27594232744276
-4.478853237508271
-4.670463883534042
-4.838226897962192
-4.9802601652542835
-5.103234601233523
-5.207299490625813
-5.2944072760729535
-5.3695906519282754
-5.438220059784157
-5.499837647340817
-5.5580547249203445
-5.614102147567335
-5.668207474743053
-5.720115097947039
-5.769273157291105
-5.818472483187561
-5.866551860325464
-5.914310793552905
-5.962189489820826
-6.009513983512841
-6.056375635127849
-6.093337036891659
-6.131066154906674
-6.167400187259439
-6.202525926082328
-6.237200794177758
-6.271550872361704
-6.305763016879018
-6.3399502567685895
-6.374136030900593
-6.408320823105244
-6.439416793843454
-6.46413169217321
-6.488846314018784
-6.513560727915896
-6.538274997332781
-6.562989194147894
-6.587703360412561
-6.612417513053529
-6.640323823460006
-6.676900268229565
-6.713676589201988
-6.751190891529742
-6.788705193857496
-6.82621949618525
-6.860836519396853
-6.895342599368139
-6.92540681134808
-6.9457270584422774
-6.966047305536478
-6.988780981371542
-7.016808908398027
-7.044836835424509
-7.072864762450991
-7.100892689477477
-7.144626366077433
-7.188961450646599
-7.226346294525482
-7.23806951400291
-7.2497927334803345
-7.26948074629273
-7.294194560326219
-7.318908374359702
-7.3436221883931845
-7.384605002752761
-7.427135752484806
-7.4662856620358165
-7.504386125337445
-7.542486588639069
-7.580587287196917
-7.618688168271363
-7.656789049345794
-7.694889930420229
-7.732990811494667
-7.771091692569102
-7.809192573643533
-7.847293454717964
-7.8853943357923955
-7.92349521686683
-7.961596097941276
-7.999696979015721
-8.037797860090244
-8.07589874116469
-8.113999622239131
-8.152100503313573
-8.190201384388018
-8.22830226546246
-8.266403146536906
-8.304504027611348
-8.342606122582229
-8.380716305511683
-8.418836161178536
-8.456950703676224
-8.495053977709368
-8.533158457286145
-8.571267646777692
-8.609373164322186
-8.647476410866275
-8.68559597822739
-8.723737437847483
-8.76188237923743
-8.800031886817024
-8.838198833616168
-8.876376301785076
-8.914555354533825
-8.952731314596228
-8.99087180216538
-9.02896486811785
-9.066439460203494
-9.103791457231097
-9.142240838547806