3.2613996586198484
3.2613996586198484
3.2613996586198484
3.2613996586198484
3.2613996586198484
3.2613996586198484
3.2613996586198484
3.2613996586198484
3.2613996586198484
3.2613996586198484
3.2613996586198484
3.2613996586198484
3.2613996586198484
3.2613996586198484
3.2613996586198484
3.2613996586198484
3.2613996586198484
3.2613996586198484
3.2613996586198484
3.2613996586198484
3.2613996586198484
3.2613996586198484
3.2613996586198484
3.2613996586198484
3.2613996586198484
3.2613996586198484
3.2613996586198484
3.3250929073294646
3.3250929073294646
3.2613996586198484
3.2613996586198484
3.2613996586198484
3.2613996586198484
3.2613996586198484
3.2613996586198484
3.239438725246968
3.239438725246968
2.9632193001590306
3.017196759889986
3.3050643601897427
3.204815537397434
3.2232531808207296
3.349835702735235
2.9409339256364966
2.6004694980862975
2.6431832626179648
2.6695587596240093
2.8612762562642766
3.052993752904544
2.7417025180077665
3.1796468575049968
3.224808681062533
3.0330911844222657
3.0375454184633712
3.2292629151036394
3.426801491215346
3.569567114172373
3.7216409216685857
3.624115297580283
3.4893158544097487
3.4034948083502083
3.4359204403992827
3.486888990117726
3.434010176862044
3.398579925383334
3.3548875886680243
3.2777084210705647
3.1977210550261725
3.128569958666291
3.050857420200236
2.978587759047995
2.893580147821221
2.8221466249140468
2.7283966311941747
2.6787147809976912
2.57911228653547
2.5811121554899707
2.483815485706112
2.5633130193973193
2.480087735908904
2.418426327649783
2.3483096458489023
2.255711025040476
2.1912042347984837
2.0823150064171574
2.0213678075854093
1.908585713749417
1.8478168947904408
1.7430397726016782
1.6815979664563405
1.579811930466791
1.532264660096486
1.3368957006517312
1.3207196059922355
1.10600710133785
1.0846828610322217
0.8446261744764686
0.5624843743939559
0.7382418492732473
0.49088095180081637
0.24686902351626377
0.20915006854612422
0.2706516991990797
0.36690702616713705
0.396244818336991
0.396244818336991
0.3320848573343923
0.22085670160295426
0.0033650328534875484
-0.4538405267660124
-0.9110460863855123
-1.3682516460050125
-1.8254572056245122
-1.4828341842097443
-1.559958854311537
-1.5767375201582194
-1.649893082516912
-1.74840642275661
-1.791104038271776
-1.8858485845798114
-1.9752066605757828
-2.0560175369231026
-2.1501359111209664
-2.242097386456954
-2.3369854880068495
-2.434722120008593
-2.5339774791016616
-2.639836667763728
-2.742428313499909
-2.851144338087733
-2.950783753831875
-3.047879170267906
-3.1382945584270794
-3.219747102468537
-3.310224250906745
-3.4047462018567725
-3.5228633287323037
-3.667733237556627
-3.8359120722895224
-4.038585379627086
-4.242639921369666
-4.4449936218439605
-4.63910703424566
-4.810944636096594
-4.9581113292126435
-5.086060178755558
-5.194157782954968
-5.284532085448235
-5.362315499345446
-5.4327688856960314
-5.495633476147715
-5.554738358130266
-5.6113234059818335
-5.665751655148367
-5.717974576860536
-5.767454782636779
-5.816876075417043
-5.8650551555600545
-5.9128898291717595
-5.960893716350318
-6.008329451751333
-6.055290709114781
-6.092535197040027
-6.130680087373677
-6.167285732988826
-6.202503664637103
-6.237197929896052
-6.271549059499479
-6.30576187952007
-6.339949554827695
-6.374135610019526
-6.408320581752337
-6.439416665612768
-6.464131633973805
-6.488846294192915
-6.513560723440472
-6.53827499676178
-6.562989194147894
-6.587703360412561
-6.612417513053529
-6.640323823460006
-6.676900268229565
-6.713676589201988
-6.751190891529742
-6.788705193857496
-6.826219496185249
-6.860836519396852
-6.8953425993681385
-6.925406811348079
-6.945727058442277
-6.9660473055364776
-6.988780981371541
-7.016808908398026
-7.044836835424508
-7.07286476245099
-7.100892689477476
-7.144626366077432
-7.188961450646598
-7.226346294525481
-7.238069514002909
-7.249792733480335
-7.2694807462927304
-7.29419456032622
-7.318908374359704
-7.343622188393186
-7.384605002752763
-7.427135752484808
-7.466285662035818
-7.504386125337446
-7.542486588639071
-7.580587287196919
-7.6186881682713645
-7.656789049345796
-7.6948899304202305
-7.732990811494669
-7.771091692569104
-7.809192573643535
-7.847293454717966
-7.885394335792397
-7.923495216866832
-7.961596097941277
-7.999696979015723
-8.037797860090244
-8.07589874116469
-8.113999622239131
-8.152100503313573
-8.190201384388018
-8.22830226546246
-8.266403146536906
-8.304504027611348
-8.342606122582229
-8.380716305511683
-8.418836161178536
-8.456950703676224
-8.495053977709368
-8.533158457286145
-8.571267646777692
-8.609373164322186
-8.647476410866275
-8.68559597822739
-8.723737437847483
-8.76188237923743
-8.800031886817024
-8.838198833616168
-8.876376301785076
-8.914555354533825
-8.952731314596228
-8.99087180216538
-9.02896486811785
-9.066439460203494
-9.103791457231097
-9.142240838547806