3.2613996586198484
3.2613996586198484
3.2613996586198484
3.2613996586198484
3.2613996586198484
3.2613996586198484
3.2613996586198484
3.2613996586198484
3.2613996586198484
3.2613996586198484
3.2613996586198484
3.2613996586198484
3.2613996586198484
3.2613996586198484
3.2613996586198484
3.2613996586198484
3.2613996586198484
3.2613996586198484
3.2613996586198484
3.2613996586198484
3.2613996586198484
3.2613996586198484
3.2613996586198484
3.2613996586198484
3.2613996586198484
3.2613996586198484
3.2613996586198484
3.3250929073294646
3.3250929073294646
3.2613996586198484
3.2613996586198484
3.2613996586198484
3.2613996586198484
3.2613996586198484
3.2613996586198484
3.239438725246968
3.239438725246968
2.9632193001590306
3.017196759889986
3.3050643601897427
3.204815537397434
3.2232531808207296
3.349835702735235
2.9409339256364966
2.600469498086297
2.6431832626179643
2.6695587596240093
2.8612762562642766
3.052993752904544
2.7417025180077665
3.1796468575049968
3.224808681062533
3.0330911844222657
3.0375454184633712
3.2292629151036394
3.426801491215346
3.569567114172373
3.7216409216685857
3.624115297580283
3.4893158544097487
3.4034948083502083
3.4359204403992827
3.486888990117726
3.434010176862044
3.398579925383334
3.3548875886680243
3.2777084210705647
3.1977210550261725
3.128569958666291
3.050857420200236
2.978587759047995
2.893580147821221
2.822120467810614
2.7280044228570195
2.678392898235716
2.577904485934536
2.579736122914793
2.4818712145418016
2.55709931244911
2.47355847821613
2.40939659730057
2.338471287799201
2.2437447666188435
2.1785103054984956
2.069049809673611
2.0068646789064535
1.8948350906671554
1.8339638346546017
1.722256904079394
1.6670307438766878
1.5445973064530778
1.5031259496291174
1.3892173737779239
1.358220850770883
1.1271221241467657
1.1232428925719575
0.8618155167185563
0.5744323917500394
0.7418711029274399
0.48916437292118436
0.24684308298202742
0.21095387874887833
0.2697216707072001
0.36690702616713705
0.396244818336991
0.396244818336991
0.3320848573343923
0.22085670160295426
0.0033650328534875484
-0.4538405267660124
-0.9110460863855123
-1.3682516460050125
-1.8254572056245122
-1.5216340474204821
-1.5612095680192508
-1.6018280921044952
-1.6722886277829887
-1.7630055156690745
-1.8049849075336661
-1.9020763848778572
-1.9886005156468778
-2.068067164388378
-2.1626682573485136
-2.2536682146917064
-2.347685419880272
-2.4447960697106854
-2.543195211079865
-2.6481005862397993
-2.7500554470450904
-2.8585950316872926
-2.9588993534539307
-3.0574796217354807
-3.1496052103921737
-3.2325629763178596
-3.322744737707818
-3.41409765627611
-3.5258813064433916
-3.661697725929973
-3.819931800769786
-4.012885499360105
-4.209814235505235
-4.409853321195006
-4.605109309875537
-4.7802466340142615
-4.932425690381921
-5.065666968446102
-5.178330956353471
-5.272584462266483
-5.353522305903877
-5.4261776037520635
-5.490513766620865
-5.55069305363868
-5.607974441757807
-5.662804793772422
-5.715331232557667
-5.7650605792090435
-5.814643158792277
-5.862911861879177
-5.910842866714859
-5.959028500590107
-6.006605338754937
-6.053648465942905
-6.091292999358599
-6.130093174257747
-6.167120758246671
-6.202472301251042
-6.23719380427135
-6.271546458734709
-6.305760254755804
-6.339948555450065
-6.374135011974971
-6.408320239415521
-6.439416484316807
-6.464131552487861
-6.488846267092609
-6.513560717531416
-6.538274996014467
-6.562989194147894
-6.587703360412561
-6.612417513053529
-6.640323823460006
-6.676900268229565
-6.713676589201988
-6.751190891529742
-6.788705193857496
-6.826219496185249
-6.860836519396852
-6.8953425993681385
-6.925406811348079
-6.945727058442277
-6.9660473055364776
-6.988780981371541
-7.016808908398026
-7.044836835424508
-7.07286476245099
-7.100892689477476
-7.144626366077432
-7.188961450646598
-7.226346294525481
-7.238069514002909
-7.249792733480335
-7.2694807462927304
-7.29419456032622
-7.3189083743597045
-7.343622188393187
-7.384605002752764
-7.42713575248481
-7.466285662035821
-7.504386125337449
-7.542486588639074
-7.580587287196922
-7.618688168271367
-7.656789049345798
-7.694889930420233
-7.7329908114946715
-7.771091692569106
-7.8091925736435375
-7.847293454717969
-7.8853943357924
-7.923495216866835
-7.96159609794128
-7.9996969790157255
-8.037797860090244
-8.07589874116469
-8.113999622239131
-8.152100503313573
-8.190201384388018
-8.22830226546246
-8.266403146536906
-8.304504027611348
-8.342606122582229
-8.380716305511683
-8.418836161178536
-8.456950703676224
-8.495053977709368
-8.533158457286145
-8.571267646777692
-8.609373164322186
-8.647476410866275
-8.68559597822739
-8.723737437847483
-8.76188237923743
-8.800031886817024
-8.838198833616168
-8.876376301785076
-8.914555354533825
-8.952731314596228
-8.99087180216538
-9.02896486811785
-9.066439460203494
-9.103791457231097
-9.142240838547806