3.2613996586198484
3.2613996586198484
3.2613996586198484
3.2613996586198484
3.2613996586198484
3.2613996586198484
3.2613996586198484
3.2613996586198484
3.2613996586198484
3.2613996586198484
3.2613996586198484
3.2613996586198484
3.2613996586198484
3.2613996586198484
3.2613996586198484
3.2613996586198484
3.2613996586198484
3.2613996586198484
3.2613996586198484
3.2613996586198484
3.2613996586198484
3.2613996586198484
3.2613996586198484
3.2613996586198484
3.2613996586198484
3.2613996586198484
3.2613996586198484
3.3250929073294646
3.3250929073294646
3.2613996586198484
3.2613996586198484
3.2613996586198484
3.2613996586198484
3.2613996586198484
3.2613996586198484
3.239438725246968
3.239438725246968
2.9632193001590306
3.017196759889986
3.3050643601897427
3.204815537397434
3.2232531808207296
3.349835702735235
2.9409339256364966
2.600469498086297
2.6431832626179643
2.6695587596240093
2.8612762562642766
3.052993752904544
2.7417025180077665
3.1796468575049968
3.224808681062533
3.0330911844222657
3.0375454184633712
3.2292629151036394
3.426801491215346
3.569567114172373
3.7216409216685857
3.624115297580283
3.4893158544097487
3.4034948083502083
3.4359204403992827
3.486888990117726
3.434010176862044
3.398579925383334
3.3548875886680243
3.2777084210705647
3.1977210550261725
3.128569958666291
3.050857420200236
2.978587759047995
2.893580147821221
2.8220980081537874
2.7278134006731563
2.678264811017593
2.577562754152031
2.579353101469379
2.481377020972295
2.5549080614339976
2.4708633806529976
2.405500613874711
2.3327387432692848
2.2360186010671037
2.1698543117644964
2.0590491021004036
1.9959843536042512
1.8822041861028813
1.821973781799968
1.705989484028445
1.6535560719824565
1.5326981776517132
1.49218008560953
1.367087687093358
1.3374374258725714
1.169234525706659
1.1640466183047888
0.8792337334006982
0.5974408733160125
0.7480690573013683
0.48934073602469097
0.24706549375663428
0.21105854658673623
0.2697216707072001
0.36690702616713705
0.396244818336991
0.396244818336991
0.3320848573343923
0.22085670160295426
0.0033650328534875484
-0.4538405267660124
-0.9110460863855123
-1.3682516460050125
-1.8254572056245122
-1.55525096569049
-1.5601988159490991
-1.6277524054728736
-1.693669207995768
-1.7771620622870952
-1.8198455717289308
-1.9184189145824617
-2.001736123301665
-2.0802560319998453
-2.175204188668858
-2.264999297753238
-2.358197827760816
-2.4546806277859026
-2.5521575684512565
-2.656082694552233
-2.7573519519500467
-2.8655613774319018
-2.9662390978944124
-3.0659500627478184
-3.15943496420345
-3.2436633908836674
-3.3337109651392662
-3.4225849220424664
-3.5291469612613815
-3.6571312752856726
-3.80637979134222
-3.990216313650781
-4.180146648781506
-4.377347587071243
-4.572866644584593
-4.750535536730231
-4.907182323747199
-5.045355249329435
-5.16240099387453
-5.2604439086657875
-5.344488453090222
-5.419406468862149
-5.485352775814782
-5.546686478105002
-5.604709822813401
-5.660024975944109
-5.712935984349142
-5.762967848225233
-5.812747493906309
-5.861139584274936
-5.909183824537054
-5.9575158924081695
-6.005210359701532
-6.052342009436538
-6.090264412874487
-6.129500175084814
-6.16686972688344
-6.202408193602935
-6.237189808641255
-6.27154394001515
-6.305758679363283
-6.339947582793233
-6.374134424385635
-6.4083198965087185
-6.439416295893959
-6.464131460582891
-6.488846230409327
-6.513560706560108
-6.538274994123822
-6.562989194147894
-6.587703360412561
-6.612417513053529
-6.640323823460006
-6.676900268229565
-6.713676589201988
-6.751190891529742
-6.788705193857496
-6.826219496185249
-6.860836519396852
-6.8953425993681385
-6.925406811348079
-6.945727058442277
-6.9660473055364776
-6.988780981371541
-7.016808908398026
-7.044836835424508
-7.07286476245099
-7.100892689477476
-7.144626366077432
-7.188961450646598
-7.226346294525481
-7.238069514002909
-7.249792733480335
-7.2694807462927304
-7.29419456032622
-7.3189083743597045
-7.343622188393187
-7.384605002752764
-7.42713575248481
-7.466285662035821
-7.504386125337449
-7.54248658863907
-7.580587287196915
-7.618688168271359
-7.65678904934579
-7.694889930420225
-7.7329908114946635
-7.771091692569098
-7.8091925736435295
-7.847293454717961
-7.885394335792392
-7.923495216866827
-7.961596097941272
-7.9996969790157175
-8.037797860090244
-8.07589874116469
-8.113999622239131
-8.152100503313573
-8.190201384388018
-8.22830226546246
-8.266403146536906
-8.304504027611348
-8.342606122582229
-8.380716305511683
-8.418836161178536
-8.456950703676224
-8.495053977709368
-8.533158457286145
-8.571267646777692
-8.609373164322186
-8.647476410866275
-8.68559597822739
-8.723737437847483
-8.76188237923743
-8.800031886817024
-8.838198833616168
-8.876376301785076
-8.91456473321507
-8.952772317621516
-8.990952308820852
-9.029068725166937
-9.066486775085227
-9.103747799430218
-9.14220484060285