3.2613996586198484
3.2613996586198484
3.2613996586198484
3.2613996586198484
3.2613996586198484
3.2613996586198484
3.2613996586198484
3.2613996586198484
3.2613996586198484
3.2613996586198484
3.2613996586198484
3.2613996586198484
3.2613996586198484
3.2613996586198484
3.2613996586198484
3.2613996586198484
3.2613996586198484
3.2613996586198484
3.2613996586198484
3.2613996586198484
3.2613996586198484
3.2613996586198484
3.2613996586198484
3.2613996586198484
3.2613996586198484
3.2613996586198484
3.2613996586198484
3.3250929073294646
3.3250929073294646
3.2613996586198484
3.2613996586198484
3.2613996586198484
3.2613996586198484
3.2613996586198484
3.2613996586198484
3.239438725246968
3.239438725246968
2.9632193001590306
3.017196759889986
3.3050643601897427
3.204815537397434
3.2232531808207296
3.349835702735235
2.9409339256364966
2.600469498086297
2.6431832626179643
2.6695587596240093
2.8612762562642766
3.052993752904544
2.7417025180077665
3.1796468575049968
3.224808681062533
3.0330911844222657
3.0375454184633712
3.2292629151036394
3.426801491215346
3.569567114172373
3.7216409216685857
3.624115297580283
3.4893158544097487
3.4034948083502083
3.4359204403992827
3.486888990117726
3.434010176862044
3.398579925383334
3.3548875886680243
3.2777084210705647
3.1977210550261725
3.128569958666291
3.050857420200236
2.978587759047995
2.893580147821221
2.8220980081537874
2.727777765420252
2.6782257516200065
2.5773878230373573
2.5791742670720392
2.4811257776025952
2.5538521774622294
2.468992613246624
2.4011675047717658
2.32707153645383
2.227406384715908
2.1591754151757576
2.0457664755520586
1.9817131179989451
1.8646623095857109
1.8053984938771122
1.6847918205169803
1.6350106730580871
1.5084915842687188
1.4713621541279573
1.344010484472442
1.3197178250620603
1.2171777817561111
1.2013667984262986
0.9050999016450593
0.633611015101554
0.755440503678894
0.4896312791946128
0.24712455724543197
0.21107070583077656
0.2697225492766133
0.36690702616713705
0.396244818336991
0.396244818336991
0.3320848573343923
0.22085670160295426
0.0033650328534875484
-0.4538405267660124
-0.9110460863855123
-1.3682516460050125
-1.8254572056245122
-1.5835571093342018
-1.5602913728401924
-1.6524913379952857
-1.7115978927170246
-1.7900578192775234
-1.8354877993849539
-1.9348188617975424
-2.0147062785213534
-2.0928125298344327
-2.1881615655208964
-2.2766399831922928
-2.3692022432934334
-2.4651949621553326
-2.5617663950392338
-2.6647255229238884
-2.765273554608062
-2.8730441981663115
-2.973964747069871
-3.074734985302788
-3.1697398570108097
-3.255698961728453
-3.346265423344629
-3.4334858040131344
-3.535679837481309
-3.6564277858597745
-3.79676025960007
-3.970822099669143
-4.152548712394668
-4.345461510990881
-4.5398221563981895
-4.719050718405596
-4.879793878308755
-5.022877428689032
-5.144456288417813
-5.246608056000462
-5.3341651164328505
-5.4116792522513375
-5.479448586627676
-5.542106277929816
-5.601018665528716
-5.656881035817105
-5.7101577937929635
-5.760503219079717
-5.810535079679018
-5.859084124696958
-5.907262368290351
-5.955712501587009
-6.003418416172741
-6.050572940152864
-6.0888673673802
-6.128713513328908
-6.166547256299496
-6.2023277216252195
-6.23718458810298
-6.271540654055707
-6.305756624792205
-6.339946313270232
-6.3741336559742265
-6.408319447335415
-6.439416050023308
-6.464131342372112
-6.488846184445961
-6.513560693259785
-6.538274991893694
-6.562989194147894
-6.587703360412561
-6.612417513053529
-6.640323823460006
-6.676900268229565
-6.713676589201988
-6.751190891529742
-6.788705193857496
-6.826219496185249
-6.860836519396852
-6.8953425993681385
-6.925406811348079
-6.945727058442277
-6.9660473055364776
-6.988780981371541
-7.016808908398026
-7.044836835424508
-7.07286476245099
-7.100892689477476
-7.144626366077432
-7.188961450646598
-7.226346294525481
-7.238069514002909
-7.249792733480335
-7.2694807462927304
-7.29419456032622
-7.3189083743597045
-7.343622188393187
-7.384605002752764
-7.42713575248481
-7.466285662035821
-7.504386125337449
-7.54248658863907
-7.580587287196915
-7.618688168271357
-7.656789049345785
-7.694889930420216
-7.732990811494655
-7.771091692569089
-7.809192573643521
-7.847293454717952
-7.885394335792383
-7.923495216866818
-7.961596097941263
-7.999696979015709
-8.037797860090244
-8.07589874116469
-8.113999622239131
-8.152100503313573
-8.190201384388018
-8.22830226546246
-8.266403146536906
-8.304504027611348
-8.342606122582229
-8.380716305511683
-8.418836161178536
-8.456950703676224
-8.495053977709368
-8.533158457286145
-8.571267646777692
-8.609373164322186
-8.647476410866275
-8.68559597822739
-8.723737437847483
-8.76188237923743
-8.800031886817024
-8.838198833616168
-8.876376301785076
-8.91456473321507
-8.952776953329096
-8.99096158127346
-9.029068727739528
-9.066477504904224
-9.103743162622964
-9.142204839804165