3.2613996586198484
3.2613996586198484
3.2613996586198484
3.2613996586198484
3.2613996586198484
3.2613996586198484
3.2613996586198484
3.2613996586198484
3.2613996586198484
3.2613996586198484
3.2613996586198484
3.2613996586198484
3.2613996586198484
3.2613996586198484
3.2613996586198484
3.2613996586198484
3.2613996586198484
3.2613996586198484
3.2613996586198484
3.2613996586198484
3.2613996586198484
3.2613996586198484
3.2613996586198484
3.2613996586198484
3.2613996586198484
3.2613996586198484
3.2613996586198484
3.3250929073294646
3.3250929073294646
3.2613996586198484
3.2613996586198484
3.2613996586198484
3.2613996586198484
3.2613996586198484
3.2613996586198484
3.239438725246968
3.239438725246968
2.9632193001590306
3.017196759889986
3.3050643601897427
3.204815537397434
3.2232531808207296
3.349835702735235
2.9409339256364966
2.600469498086297
2.6431832626179643
2.6695587596240093
2.8612762562642766
3.052993752904544
2.7417025180077665
3.1796468575049968
3.224808681062533
3.0330911844222657
3.0375454184633712
3.2292629151036394
3.426801491215346
3.569567114172373
3.7216409216685857
3.624115297580283
3.4893158544097487
3.4034948083502083
3.4359204403992827
3.486888990117726
3.434010176862044
3.398579925383334
3.3548875886680243
3.2777084210705647
3.1977210550261725
3.128569958666291
3.050857420200236
2.978587759047995
2.893580147821221
2.8220980081537874
2.727777765420252
2.678217148367531
2.5773211389124127
2.5791075829470946
2.481003422297406
2.553074041274108
2.4678396418749027
2.3985279406386777
2.323686583699217
2.221551160094283
2.1521709504860396
2.036665257962931
1.9720513168714198
1.8524135913929665
1.7938908175344148
1.6701555930499006
1.622169409815696
1.495523842498769
1.460204794141855
1.342782460242613
1.3183064660256458
1.2256189431183317
1.2055387159446995
0.9228443370814395
0.6620115896795808
0.7628177691441655
0.4896546422353748
0.24712951949221992
0.21107172826753218
0.2697216707072001
0.36690702616713705
0.396244818336991
0.396244818336991
0.3320848573343923
0.22085670160295426
0.0033650328534875484
-0.4538405267660124
-0.9110460863855123
-1.3682516460050125
-1.8254572056245122
-1.61121475835717
-1.5591284564255665
-1.6733946066959253
-1.7261513054602222
-1.802520547913638
-1.8515130946713543
-1.950775537085692
-2.027495970768247
-2.1057483797192336
-2.20133669072506
-2.2884320223189865
-2.3805794452692974
-2.476151848086916
-2.5718714309800417
-2.6739856423798196
-2.773858352567675
-2.8811398370165846
-2.98216318422252
-3.083761959992633
-3.1800704537334052
-3.2677057485440124
-3.359057222316778
-3.445321630997339
-3.5441797651225992
-3.658759390266099
-3.7909177537091714
-3.9554225778551446
-4.128515561377407
-4.31596448762021
-4.507637753566765
-4.687142506103681
-4.851059130320038
-4.9984837715124515
-5.124506583616682
-5.231015881440131
-5.322375452299516
-5.402752055399729
-5.47264057803045
-5.536875201923171
-5.5968144379364535
-5.653318895628284
-5.707053931243007
-5.75774950410915
-5.808024876728688
-5.856708716383682
-5.904982102619845
-5.95355581964608
-6.001338391208965
-6.048558818382094
-6.087236510232337
-6.127734201435051
-6.166120946740084
-6.2022211480201435
-6.237178104997917
-6.27153657876839
-6.305754079113696
-6.339944740505985
-6.374132703610148
-6.408318889968546
-6.439415743015174
-6.464131192117141
-6.488846124207231
-6.513560675316954
-6.538274988877434
-6.562989194147894
-6.587703360412561
-6.612417513053529
-6.640323823460006
-6.676900268229565
-6.713676589201988
-6.751190891529742
-6.788705193857496
-6.826219496185249
-6.860836519396852
-6.8953425993681385
-6.925406811348079
-6.945727058442277
-6.9660473055364776
-6.988780981371541
-7.016808908398026
-7.044836835424508
-7.07286476245099
-7.100892689477476
-7.144626366077432
-7.188961450646598
-7.226346294525481
-7.238069514002909
-7.249792733480335
-7.2694807462927304
-7.29419456032622
-7.3189083743597045
-7.343622188393187
-7.384605002752764
-7.42713575248481
-7.466285662035821
-7.504386125337449
-7.54248658863907
-7.580587287196915
-7.618688168271357
-7.656789049345785
-7.694889930420216
-7.732990811494651
-7.771091692569082
-7.809192573643512
-7.847293454717943
-7.885394335792374
-7.923495216866809
-7.961596097941254
-7.9996969790157
-8.037797860090244
-8.07589874116469
-8.113999622239131
-8.152100503313573
-8.190201384388018
-8.22830226546246
-8.266403146536906
-8.304504027611348
-8.342606122582229
-8.380716305511683
-8.418836161178536
-8.456950703676224
-8.495053977709368
-8.533158457286145
-8.571267646777692
-8.609373164322186
-8.647476410866275
-8.68559597822739
-8.723737437847483
-8.761886194461098
-8.80005027408193
-8.838238650916217
-8.876431798102246
-8.914627919866817
-8.952846235190979
-8.99103833968153
-9.029153225194605
-9.066487756801997
-9.103652649319352
-9.142148159918282