3.2613996586198484
3.2613996586198484
3.2613996586198484
3.2613996586198484
3.2613996586198484
3.2613996586198484
3.2613996586198484
3.2613996586198484
3.2613996586198484
3.2613996586198484
3.2613996586198484
3.2613996586198484
3.2613996586198484
3.2613996586198484
3.2613996586198484
3.2613996586198484
3.2613996586198484
3.2613996586198484
3.2613996586198484
3.2613996586198484
3.2613996586198484
3.2613996586198484
3.2613996586198484
3.2613996586198484
3.2613996586198484
3.2613996586198484
3.2613996586198484
3.3250929073294646
3.3250929073294646
3.2613996586198484
3.2613996586198484
3.2613996586198484
3.2613996586198484
3.2613996586198484
3.2613996586198484
3.239438725246968
3.239438725246968
2.9632193001590306
3.017196759889986
3.3050643601897427
3.204815537397434
3.2232531808207296
3.349835702735235
2.9409339256364966
2.600469498086297
2.6431832626179643
2.6695587596240093
2.8612762562642766
3.052993752904544
2.7417025180077665
3.1796468575049968
3.224808681062533
3.0330911844222657
3.0375454184633712
3.2292629151036394
3.426801491215346
3.569567114172373
3.7216409216685857
3.624115297580283
3.4893158544097487
3.4034948083502083
3.4359204403992827
3.486888990117726
3.434010176862044
3.398579925383334
3.3548875886680243
3.2777084210705647
3.1977210550261725
3.128569958666291
3.050857420200236
2.978587759047995
2.893580147821221
2.8220980081537874
2.727777765420252
2.678217148367531
2.5773211389124127
2.5791075829470946
2.481003422297406
2.553074041274108
2.4678396418749027
2.3985279406386777
2.323639804235381
2.2213958810146743
2.151585048555504
2.0353483273159987
1.9704850615213427
1.850081935694665
1.7915514928574867
1.6670448292894657
1.6193150945461758
1.4926936183402078
1.4576383591644053
1.3412243740257683
1.3163663039143798
1.213096171805389
1.1886121376733387
0.9288456545238095
0.6777898466212574
0.7677338094920974
0.48965663436270734
0.24712980428896839
0.21107176035395167
0.2697216707072001
0.36690702616713705
0.396244818336991
0.396244818336991
0.3320848573343923
0.22085670160295426
0.0033650328534875484
-0.4538405267660124
-0.9110460863855123
-1.3682516460050125
-1.8254572056245122
-1.637668849932439
-1.5597292613084868
-1.6923737697714165
-1.7383622479188707
-1.8147164346559785
-1.8677100995926
-1.9661616235213193
-2.0400770959690337
-2.1188395883686533
-2.214389881371775
-2.2999544655704574
-2.391712084022163
-2.486720987386731
-2.581397659586203
-2.6825203605797223
-2.7815222931702728
-2.8880709507901816
-2.988938696980608
-3.091128279687067
-3.188563729541286
-3.277775894289622
-3.3699940004868143
-3.4556107536263716
-3.5516365711141655
-3.660668457366568
-3.7852469392928234
-3.940753798367744
-4.105625615772371
-4.287752491069363
-4.476800345077227
-4.656623373095552
-4.823617601724306
-4.975230060289409
-5.1055886196971345
-5.216334084019113
-5.311342609358971
-5.394455628606271
-5.466369062562979
-5.532136404611053
-5.593105851057418
-5.650217442132198
-5.7043547111313355
-5.755395521921899
-5.805940036707896
-5.854839150012366
-5.903373024643267
-5.952208817754175
-6.000167555772871
-6.047519728871164
-6.086432854810458
-6.127268354277006
-6.165932193421413
-6.20217710122198
-6.237174895692887
-6.271534573985747
-6.305752844908611
-6.339943990969808
-6.374132258217507
-6.40831863435516
-6.439415605094978
-6.464131125999993
-6.488846098409386
-6.513560667986974
-6.538274987714223
-6.562989194147894
-6.587703360412561
-6.612417513053529
-6.640323823460006
-6.676900268229565
-6.713676589201988
-6.751190891529742
-6.788705193857496
-6.826219496185249
-6.860836519396852
-6.8953425993681385
-6.925406811348079
-6.945727058442277
-6.9660473055364776
-6.988780981371541
-7.016808908398026
-7.044836835424508
-7.07286476245099
-7.100892689477476
-7.144626366077432
-7.188961450646598
-7.226346294525481
-7.238069514002909
-7.249792733480335
-7.2694807462927304
-7.29419456032622
-7.3189083743597045
-7.343622188393187
-7.384605002752764
-7.42713575248481
-7.466285662035821
-7.504386125337449
-7.54248658863907
-7.580587287196915
-7.618688168271357
-7.656789049345785
-7.694889930420216
-7.732990811494651
-7.771091692569082
-7.809192573643511
-7.8472934547179385
-7.885394335792366
-7.9234952168668
-7.9615960979412455
-7.999696979015691
-8.037797860090244
-8.07589874116469
-8.113999622239131
-8.152100503313573
-8.190201384388018
-8.22830226546246
-8.266403146536906
-8.304504027611348
-8.342606122582229
-8.380716305511683
-8.418836161178536
-8.456950703676224
-8.495053977709368
-8.533158457286145
-8.571267646777692
-8.609373164322186
-8.647476410866275
-8.68559597822739
-8.723737437847483
-8.761886194461098
-8.80005027408193
-8.838238650916217
-8.876431798102246
-8.914627919866817
-8.952846235190979
-8.99103833968153
-9.029153225194605
-9.066487756801997
-9.103652649319352
-9.142148159918282