3.2613996586198484
3.2613996586198484
3.2613996586198484
3.2613996586198484
3.2613996586198484
3.2613996586198484
3.2613996586198484
3.2613996586198484
3.2613996586198484
3.2613996586198484
3.2613996586198484
3.2613996586198484
3.2613996586198484
3.2613996586198484
3.2613996586198484
3.2613996586198484
3.2613996586198484
3.2613996586198484
3.2613996586198484
3.2613996586198484
3.2613996586198484
3.2613996586198484
3.2613996586198484
3.2613996586198484
3.2613996586198484
3.2613996586198484
3.2613996586198484
3.3250929073294646
3.3250929073294646
3.2613996586198484
3.2613996586198484
3.2613996586198484
3.2613996586198484
3.2613996586198484
3.2613996586198484
3.239438725246968
3.239438725246968
2.9632193001590306
3.017196759889986
3.3050643601897427
3.204815537397434
3.2232531808207296
3.349835702735235
2.9409339256364966
2.600469498086297
2.6431832626179643
2.6695587596240093
2.8612762562642766
3.052993752904544
2.7417025180077665
3.1796468575049968
3.224808681062533
3.0330911844222657
3.0375454184633712
3.2292629151036394
3.426801491215346
3.569567114172373
3.7216409216685857
3.624115297580283
3.4893158544097487
3.4034948083502083
3.4359204403992827
3.486888990117726
3.434010176862044
3.398579925383334
3.3548875886680243
3.2777084210705647
3.1977210550261725
3.128569958666291
3.050857420200236
2.978587759047995
2.893580147821221
2.8220980081537874
2.727777765420252
2.678217148367531
2.5773211389124127
2.5791075829470946
2.481003422297406
2.553074041274108
2.4678396418749027
2.3985279406386777
2.323639804235381
2.2212656138002136
2.151207227795498
2.034411737042178
1.9692565399929713
1.8481977725506473
1.789641047642248
1.6644943971723005
1.616958271035054
1.4903236519053178
1.455437941770094
1.33891593984203
1.3134222624502567
1.2021709472880853
1.1740226527624418
0.9337935131439702
0.6916285254459273
0.7721813945209041
0.4897671832499547
0.24724834786683494
0.21107682853166626
0.26972238442027185
0.36690710477319577
0.396244818336991
0.396244818336991
0.3320848573343923
0.22085670160295426
0.0033650328534875484
-0.4538405267660124
-0.9110460863855123
-1.3682516460050125
-1.8254572056245122
-1.6637439456141212
-1.5604260777651546
-1.7092354816946114
-1.7484395544652482
-1.8266108012356375
-1.8836106586529326
-1.9806873006120593
-2.052441783972117
-2.132117194942229
-2.2274165621217086
-2.3115311810633097
-2.403146904928021
-2.497644088376864
-2.5913673360940974
-2.6916454590194507
-2.7898276264674755
-2.8955870293534844
-2.9961742242624445
-3.0987911361055307
-3.197186880592454
-3.287902763915842
-3.381164432190783
-3.466706566755212
-3.5608152807807048
-3.665318942495405
-3.7831381474383603
-3.9299457383638954
-4.086213949124352
-4.261977259530075
-4.4469886802233844
-4.6258069020191375
-4.794862694239634
-4.950041386907282
-5.084546723635924
-5.199682566900339
-5.298671101650171
-5.384862163936477
-5.459089674277631
-5.526599517341454
-5.5887599870042015
-5.646639015269278
-5.701298339095822
-5.752727076687527
-5.803562121448267
-5.85266280373574
-5.901324200668572
-5.950290077510958
-5.998346100035992
-6.045784707019799
-6.085126837412891
-6.12665636770853
-6.165770120997791
-6.202150248798999
-6.237170695075295
-6.271531913808454
-6.305751203412808
-6.33994299427569
-6.3741316680138125
-6.408318299597654
-6.439415429466545
-6.464131047995646
-6.488846073107926
-6.5135606628531235
-6.538274987157504
-6.562989194147894
-6.587703360412561
-6.612417513053529
-6.640323823460006
-6.676900268229565
-6.713676589201988
-6.751190891529742
-6.788705193857496
-6.826219496185249
-6.860836519396852
-6.8953425993681385
-6.925406811348079
-6.945727058442277
-6.9660473055364776
-6.988780981371541
-7.016808908398026
-7.044836835424508
-7.07286476245099
-7.100892689477476
-7.144626366077432
-7.188961450646598
-7.226346294525481
-7.238069514002909
-7.249792733480335
-7.2694807462927304
-7.29419456032622
-7.3189083743597045
-7.343622188393187
-7.384605002752764
-7.42713575248481
-7.466285662035821
-7.504386125337449
-7.54248658863907
-7.580587287196915
-7.618688168271357
-7.656789049345785
-7.694889930420216
-7.732990811494651
-7.771091692569082
-7.809192573643511
-7.8472934547179385
-7.885394335792366
-7.923495216866799
-7.961596097941245
-7.99969697901569
-8.037797860090244
-8.07589874116469
-8.113999622239131
-8.152100503313573
-8.190201384388018
-8.22830226546246
-8.266403146536906
-8.304504027611348
-8.342606122582229
-8.380716305511683
-8.418836161178536
-8.456950703676224
-8.495053977709368
-8.533158457286145
-8.571267646777692
-8.609373164322186
-8.647476410866275
-8.68559597822739
-8.723737437847483
-8.761886194461098
-8.80005027408193
-8.838238650916217
-8.876431798102246
-8.914627919866817
-8.952846235190979
-8.99103833968153
-9.029153225194605
-9.066487756801997
-9.103652649319352
-9.142148159918282