3.2613996586198484
3.2613996586198484
3.2613996586198484
3.2613996586198484
3.2613996586198484
3.2613996586198484
3.2613996586198484
3.2613996586198484
3.2613996586198484
3.2613996586198484
3.2613996586198484
3.2613996586198484
3.2613996586198484
3.2613996586198484
3.2613996586198484
3.2613996586198484
3.2613996586198484
3.2613996586198484
3.2613996586198484
3.2613996586198484
3.2613996586198484
3.2613996586198484
3.2613996586198484
3.2613996586198484
3.2613996586198484
3.2613996586198484
3.2613996586198484
3.3250929073294646
3.3250929073294646
3.2613996586198484
3.2613996586198484
3.2613996586198484
3.2613996586198484
3.2613996586198484
3.2613996586198484
3.239438725246968
3.239438725246968
2.9632193001590306
3.017196759889986
3.3050643601897427
3.204815537397434
3.2232531808207296
3.349835702735235
2.9409339256364966
2.600469498086297
2.6431832626179643
2.6695587596240093
2.8612762562642766
3.052993752904544
2.7417025180077665
3.1796468575049968
3.224808681062533
3.0330911844222657
3.0375454184633712
3.2292629151036394
3.426801491215346
3.569567114172373
3.7216409216685857
3.624115297580283
3.4893158544097487
3.4034948083502083
3.4359204403992827
3.486888990117726
3.434010176862044
3.398579925383334
3.3548875886680243
3.2777084210705647
3.1977210550261725
3.128569958666291
3.050857420200236
2.978587759047995
2.893580147821221
2.8220980081537874
2.727777765420252
2.678217148367531
2.5773211389124127
2.5791075829470946
2.481003422297406
2.553074041274108
2.4678396418749027
2.3985133047854537
2.323580373477402
2.2209208950574197
2.150652067523727
2.033373603454023
1.9680530799099831
1.846461716908634
1.7879264194072522
1.6622913841164644
1.6149442459366155
1.4883501340736163
1.4535620131530202
1.3365174524879362
1.3102582787666404
1.1941676793829104
1.1632082794538308
0.9377323907674923
0.7030959027704309
0.7759939231725352
0.4899538399682125
0.2474515627994084
0.21108678082237042
0.2697238920287479
0.36690702616713705
0.396244818336991
0.396244818336991
0.3320848573343923
0.22085670160295426
0.0033650328534875484
-0.4538405267660124
-0.9110460863855123
-1.3682516460050125
-1.8254572056245122
-1.6908264930138848
-1.5616643134582213
-1.725399524820358
-1.7571678395488084
-1.838235544448602
-1.8989637266707897
-1.9942191164161351
-2.064492338297731
-2.1453013412138966
-2.2400798311645675
-2.32283915725751
-2.4144760521474056
-2.5084203548502875
-2.601218691396206
-2.700722030089886
-2.798073609470503
-2.9030077867907984
-3.003204042930637
-3.106015046527525
-3.205132788049696
-3.2971927948392192
-3.391492191205249
-3.4772585236684526
-3.570116126889375
-3.6710246686436783
-3.7830469463419605
-3.921928705571099
-4.0700079840934995
-4.239196036704444
-4.419312014678243
-4.596065269761793
-4.76625425500006
-4.9242857307408165
-5.062563671817568
-5.181967895991396
-5.284923397953625
-5.374327614679837
-5.451063689211697
-5.5204962010546055
-5.584022816994251
-5.642769497555061
-5.698019607501439
-5.749931329080939
-5.8010685975369185
-5.850316350488279
-5.89912485032031
-5.948275859004607
-5.996472330298839
-6.04404633028162
-6.083759559625113
-6.125833058858309
-6.1653998702589545
-6.202054585161749
-6.237164870351897
-6.27152842466946
-6.305749033305376
-6.339941665073621
-6.37413086991473
-6.408317835778982
-6.439415175323532
-6.464130923698924
-6.488846022715703
-6.513560647443021
-6.538274984477569
-6.562989194138886
-6.587703360412561
-6.612417513053529
-6.640323823460006
-6.676900268229565
-6.713676589201988
-6.751190891529742
-6.788705193857496
-6.826219496185249
-6.860836519396852
-6.8953425993681385
-6.925406811348079
-6.945727058442277
-6.9660473055364776
-6.988780981371541
-7.016808908398026
-7.044836835424508
-7.07286476245099
-7.100892689477476
-7.144626366077432
-7.188961450646598
-7.226346294525481
-7.238069514002909
-7.249792733480335
-7.2694807462927304
-7.29419456032622
-7.3189083743597045
-7.343622188393187
-7.384605002752764
-7.42713575248481
-7.466285662035821
-7.504386125337449
-7.54248658863907
-7.580587287196915
-7.618688168271357
-7.656789049345785
-7.694889930420216
-7.732990811494651
-7.771091692569082
-7.809192573643511
-7.8472934547179385
-7.885394335792366
-7.923495216866799
-7.961596097941245
-7.99969697901569
-8.037797860090244
-8.07589874116469
-8.113999622239131
-8.152100503313573
-8.190201384388018
-8.22830226546246
-8.266403146536906
-8.304504027611348
-8.342606122582229
-8.380716305511683
-8.418836161178536
-8.456950703676224
-8.495053977709368
-8.533158457286145
-8.571267646777692
-8.609373164322186
-8.647476410866275
-8.68559597822739
-8.723737437847483
-8.761886194461098
-8.80005027408193
-8.838238650916217
-8.876433424335087
-8.91463953470197
-8.95287864612299
-8.991090006658496
-9.02921390788834
-9.066511913460985
-9.103621833184965
-9.142124625171377