3.2613996586198484
3.2613996586198484
3.2613996586198484
3.2613996586198484
3.2613996586198484
3.2613996586198484
3.2613996586198484
3.2613996586198484
3.2613996586198484
3.2613996586198484
3.2613996586198484
3.2613996586198484
3.2613996586198484
3.2613996586198484
3.2613996586198484
3.2613996586198484
3.2613996586198484
3.2613996586198484
3.2613996586198484
3.2613996586198484
3.2613996586198484
3.2613996586198484
3.2613996586198484
3.2613996586198484
3.2613996586198484
3.2613996586198484
3.2613996586198484
3.3250929073294646
3.3250929073294646
3.2613996586198484
3.2613996586198484
3.2613996586198484
3.2613996586198484
3.2613996586198484
3.2613996586198484
3.239438725246968
3.239438725246968
2.9632193001590306
3.017196759889986
3.3050643601897427
3.204815537397434
3.2232531808207296
3.349835702735235
2.9409339256364966
2.600469498086297
2.6431832626179643
2.6695587596240093
2.8612762562642766
3.052993752904544
2.7417025180077665
3.1796468575049968
3.224808681062533
3.0330911844222657
3.0375454184633712
3.2292629151036394
3.426801491215346
3.569567114172373
3.7216409216685857
3.624115297580283
3.4893158544097487
3.4034948083502083
3.4359204403992827
3.486888990117726
3.434010176862044
3.398579925383334
3.3548875886680243
3.2777084210705647
3.1977210550261725
3.128569958666291
3.050857420200236
2.978587759047995
2.893580147821221
2.8220980081537874
2.727777765420252
2.678217148367531
2.5773211389124127
2.5791075829470946
2.481003422297406
2.5530447063085857
2.4677695283755856
2.3981462045920474
2.323070600075403
2.2200125126189647
2.149360476486338
2.031474550664124
1.9659515299697945
1.843651115751881
1.7852535246454768
1.659039300554488
1.6120185504418525
1.4855918109420703
1.4508406696354468
1.3327885216540496
1.3051877249444588
1.1906536381615225
1.1589853759679671
0.9431811482204248
0.7145680173057729
0.7797719837963702
0.48995496026557384
0.24745172121568187
0.21108679857295395
0.2697238920287479
0.36690702616713705
0.396244818336991
0.396244818336991
0.3320848573343923
0.22085670160295426
0.0033650328534875484
-0.4538405267660124
-0.9110460863855123
-1.3682516460050125
-1.8254572056245122
-1.7199365746592157
-1.562793551616412
-1.7412784550646563
-1.7652413384246066
-1.8499417622138272
-1.9137062046989517
-2.006785794348952
-2.0762795745273657
-2.1582761779346753
-2.2522802482762634
-2.3338293579306115
-2.425580981689058
-2.518892505660689
-2.6108271582928926
-2.709651987727593
-2.8061796384401596
-2.910263655312561
-3.0099893290088606
-3.112813767974092
-3.212383960890223
-3.305504764114273
-3.400714226005437
-3.4868482885410494
-3.578905548024266
-3.6770108682643396
-3.784255207803585
-3.916206674857377
-4.056727481382774
-4.219370037303127
-4.394141650784768
-4.568048629979024
-4.738398323036925
-4.898443545238767
-5.039975377325877
-5.163406045480437
-5.270254917326293
-5.362927283729749
-5.442353651321346
-5.513876495630396
-5.5788456516766125
-5.638555974536822
-5.694506639916799
-5.746952178914499
-5.798456170167173
-5.847941040069603
-5.896905623217014
-5.946161919731993
-5.994423157244707
-6.042117885179979
-6.082219972125368
-6.124856365536981
-6.16492699021993
-6.2019259456054705
-6.237156834164274
-6.2715242253266155
-6.305746422186483
-6.3399400570750215
-6.374129897155652
-6.4083172654062475
-6.439414858958194
-6.464130765464062
-6.488845955958464
-6.513560625947555
-6.5382749805427
-6.562989194098457
-6.587703360412561
-6.612417513053529
-6.640323823460006
-6.676900268229565
-6.713676589201988
-6.751190891529742
-6.788705193857496
-6.826219496185249
-6.860836519396852
-6.8953425993681385
-6.925406811348079
-6.945727058442277
-6.9660473055364776
-6.988780981371541
-7.016808908398026
-7.044836835424508
-7.07286476245099
-7.100892689477476
-7.144626366077432
-7.188961450646598
-7.226346294525481
-7.238069514002909
-7.249792733480335
-7.2694807462927304
-7.29419456032622
-7.3189083743597045
-7.343622188393187
-7.384605002752764
-7.42713575248481
-7.466285662035821
-7.504386125337449
-7.54248658863907
-7.580587287196915
-7.618688168271357
-7.656789049345785
-7.694889930420216
-7.732990811494651
-7.771091692569082
-7.809192573643511
-7.8472934547179385
-7.885394335792364
-7.923495216866796
-7.961596097941241
-7.999696979015686
-8.037797860090244
-8.07589874116469
-8.113999622239131
-8.152100503313573
-8.190201384388018
-8.22830226546246
-8.266403146536906
-8.304504027611348
-8.342606122582229
-8.380716305511683
-8.418836161178536
-8.456950703676224
-8.495053977709368
-8.533158457286145
-8.571267646777692
-8.609373164322186
-8.647476410866275
-8.68559597822739
-8.723737437847483
-8.761886194461098
-8.800056385912637
-8.838264242060493
-8.876481435779873
-8.91470615363593
-8.952977826677037
-8.991237286951874
-9.029399576410352
-9.06657860622842
-9.103504787725127
-9.14204036892405