3.2613996586198484
3.2613996586198484
3.2613996586198484
3.2613996586198484
3.2613996586198484
3.2613996586198484
3.2613996586198484
3.2613996586198484
3.2613996586198484
3.2613996586198484
3.2613996586198484
3.2613996586198484
3.2613996586198484
3.2613996586198484
3.2613996586198484
3.2613996586198484
3.2613996586198484
3.2613996586198484
3.2613996586198484
3.2613996586198484
3.2613996586198484
3.2613996586198484
3.2613996586198484
3.2613996586198484
3.2613996586198484
3.2613996586198484
3.2613996586198484
3.3250929073294646
3.3250929073294646
3.2613996586198484
3.2613996586198484
3.2613996586198484
3.2613996586198484
3.2613996586198484
3.2613996586198484
3.239438725246968
3.239438725246968
2.9632193001590306
3.017196759889986
3.3050643601897427
3.204815537397434
3.2232531808207296
3.349835702735235
2.9409339256364966
2.600469498086297
2.6431832626179643
2.6695587596240093
2.8612762562642766
3.052993752904544
2.7417025180077665
3.1796468575049968
3.224808681062533
3.0330911844222657
3.0375454184633712
3.2292629151036394
3.426801491215346
3.569567114172373
3.7216409216685857
3.624115297580283
3.4893158544097487
3.4034948083502083
3.4359204403992827
3.486888990117726
3.434010176862044
3.398579925383334
3.3548875886680243
3.2777084210705647
3.1977210550261725
3.128569958666291
3.050857420200236
2.978587759047995
2.893580147821221
2.8220980081537874
2.727777765420252
2.678217148367531
2.5773211389124127
2.5791075829470946
2.481003422297406
2.553010227984042
2.4676646329000436
2.39788950806408
2.3226928053904166
2.2192739922647338
2.148237734786039
2.029553711468402
1.9638795623087937
1.8408707418643222
1.782610589940906
1.6558494657687293
1.6091229757037502
1.482742495253671
1.4479120725904966
1.329209541122455
1.3004394437325635
1.1875620946581147
1.1553259040965294
0.9484945248536926
0.7256264935085198
0.7834536354992746
0.489956350270529
0.2474519272526241
0.21108682239191073
0.2697238920287479
0.36690702616713705
0.396244818336991
0.396244818336991
0.3320848573343923
0.22085670160295426
0.0033650328534875484
-0.4538405267660124
-0.9110460863855123
-1.3682516460050125
-1.8254572056245122
-1.7512549355431524
-1.565798501020316
-1.758308454512397
-1.7727752247361912
-1.8614045822679304
-1.9279092648291976
-2.018578192464093
-2.0878586831211554
-2.1709757033046233
-2.2639565645116
-2.344438559306193
-2.436343856376776
-2.5289016684900765
-2.6199610757933485
-2.7181081142063204
-2.813747268045944
-2.9168951903697082
-3.015996997780928
-3.1186317743381036
-3.218478765252199
-3.3125005401655727
-3.408533503645512
-3.495160969306505
-3.586776150416199
-3.682605615811997
-3.785745028440468
-3.9115466717974683
-4.0451043176667785
-4.2013314986037
-4.370610180561969
-4.5414194008474755
-4.711492732206333
-4.873055569516855
-5.017498436547596
-5.144760826597944
-5.255399087284344
-5.351312260130205
-5.433457923058098
-5.50712003855272
-5.573578485241275
-5.634313619539293
-5.691020779868408
-5.744016868902719
-5.795881077116748
-5.845615136554012
-5.894798263666306
-5.944253024297833
-5.992632007212476
-6.040399071995141
-6.0807788293557286
-6.123890637354359
-6.164425161710703
-6.201767685482885
-6.237138765026766
-6.271520196171437
-6.3057439141541
-6.339938509988367
-6.374128957957893
-6.40831671062992
-6.439414546788349
-6.464130605245157
-6.488845885343455
-6.513560601378523
-6.538274975134836
-6.562989193723469
-6.587703360412561
-6.612417513053529
-6.640323823460006
-6.676900268229565
-6.713676589201988
-6.751190891529742
-6.788705193857496
-6.826219496185249
-6.860836519396852
-6.8953425993681385
-6.925406811348079
-6.945727058442277
-6.9660473055364776
-6.988780981371541
-7.016808908398026
-7.044836835424508
-7.07286476245099
-7.100892689477476
-7.144626366077432
-7.188961450646598
-7.226346294525481
-7.238069514002909
-7.249792733480335
-7.2694807462927304
-7.29419456032622
-7.3189083743597045
-7.343622188393187
-7.384605002752764
-7.42713575248481
-7.466285662035821
-7.504386125337449
-7.54248658863907
-7.580587287196915
-7.618688168271357
-7.656789049345785
-7.694889930420216
-7.732990811494651
-7.771091692569082
-7.809192573643512
-7.847293454717936
-7.88539433579236
-7.923495216866791
-7.961596097941237
-7.999696979015682
-8.037797860090244
-8.07589874116469
-8.113999622239131
-8.152100503313573
-8.190201384388018
-8.22830226546246
-8.266403146536906
-8.304504027611348
-8.342606122582229
-8.380716305511683
-8.418836161178536
-8.456950703676224
-8.495053977709368
-8.533158457286145
-8.571267646777692
-8.609373164322186
-8.647476410866275
-8.68559597822739
-8.723737437847483
-8.761886194461098
-8.800056385912637
-8.838264242060493
-8.876481448502215
-8.914716198861129
-8.953021483369133
-8.991322633770503
-9.029508831188267
-9.066627433290423
-9.103457963624239
-9.14200224990968