3.2613996586198484
3.2613996586198484
3.2613996586198484
3.2613996586198484
3.2613996586198484
3.2613996586198484
3.2613996586198484
3.2613996586198484
3.2613996586198484
3.2613996586198484
3.2613996586198484
3.2613996586198484
3.2613996586198484
3.2613996586198484
3.2613996586198484
3.2613996586198484
3.2613996586198484
3.2613996586198484
3.2613996586198484
3.2613996586198484
3.2613996586198484
3.2613996586198484
3.2613996586198484
3.2613996586198484
3.2613996586198484
3.2613996586198484
3.2613996586198484
3.3250929073294646
3.3250929073294646
3.2613996586198484
3.2613996586198484
3.2613996586198484
3.2613996586198484
3.2613996586198484
3.2613996586198484
3.239438725246968
3.239438725246968
2.9632193001590306
3.017196759889986
3.3050643601897427
3.204815537397434
3.2232531808207296
3.349835702735235
2.9409339256364966
2.600469498086297
2.6431832626179643
2.6695587596240093
2.8612762562642766
3.052993752904544
2.7417025180077665
3.1796468575049968
3.224808681062533
3.0330911844222657
3.0375454184633712
3.2292629151036394
3.426801491215346
3.569567114172373
3.7216409216685857
3.624115297580283
3.4893158544097487
3.4034948083502083
3.4359204403992827
3.486888990117726
3.434010176862044
3.398579925383334
3.3548875886680243
3.2777084210705647
3.1977210550261725
3.128569958666291
3.050857420200236
2.978587759047995
2.893580147821221
2.8220980081537874
2.727777765420252
2.678217148367531
2.5773211389124127
2.5791075829470946
2.481003422297406
2.5529786313456033
2.467561996212517
2.3976268148536173
2.322315401826442
2.2185454712690715
2.146990122035691
2.0275549095755845
1.9617420988916823
1.838025174567809
1.7799192825783563
1.6526438499437477
1.6061904877422732
1.4798109958770487
1.444815802390834
1.325904109773615
1.29615877902507
1.1870306400694608
1.1551371265568644
0.9535627858486121
0.7347189977921885
0.7864234846233955
0.4899610974356931
0.247453937355633
0.21108694458103863
0.2697216707072001
0.36690702616713705
0.396244818336991
0.396244818336991
0.3320848573343923
0.22085670160295426
0.0033650328534875484
-0.4538405267660124
-0.9110460863855123
-1.3682516460050125
-1.8254572056245122
-1.785310307201717
-1.570777717170832
-1.7774429698309009
-1.7808545610318243
-1.873191645294052
-1.9416818794260373
-2.0296115454399035
-2.0990794531008645
-2.1830753662492732
-2.274803756441012
-2.3543215686798584
-2.4462819000045886
-2.537882122061727
-2.6279738435240954
-2.7253403926374364
-2.8199328355494404
-2.922005823383552
-3.020342717236868
-3.122580146052398
-3.2224067592003887
-3.3169959118159866
-3.413629688615357
-3.5006644220806473
-3.5919304146970235
-3.685874655073851
-3.7855584337563277
-3.906071777535357
-4.0336175804490075
-4.184280834469893
-4.3487393579385625
-4.516848048351024
-4.686763432925363
-4.849810764872068
-4.997005493323826
-5.127807981663288
-5.241910233235988
-5.340799752998415
-5.425455412093365
-5.501086444561452
-5.568938169702703
-5.6306841851578175
-5.68816745115583
-5.741713514546616
-5.793904442268208
-5.843858192397748
-5.893274663739072
-5.942963154056064
-5.99150326520531
-6.039376947662591
-6.079940276629446
-6.123311693118055
-6.164103707651959
-6.201656547016527
-6.237123281544424
-6.271517750444974
-6.305742395695054
-6.339937576774423
-6.374128393808198
-6.4083163783182835
-6.439414359604335
-6.464130508223798
-6.488845841458482
-6.5135605853690315
-6.538274971285088
-6.56298919336286
-6.587703360412561
-6.612417513053529
-6.640323823460006
-6.676900268229565
-6.713676589201988
-6.751190891529742
-6.788705193857496
-6.826219496185249
-6.860836519396852
-6.8953425993681385
-6.925406811348079
-6.945727058442277
-6.9660473055364776
-6.988780981371541
-7.016808908398026
-7.044836835424508
-7.07286476245099
-7.100892689477476
-7.144626366077432
-7.188961450646598
-7.226346294525481
-7.238069514002909
-7.249792733480335
-7.2694807462927304
-7.29419456032622
-7.3189083743597045
-7.343622188393187
-7.384605002752764
-7.42713575248481
-7.466285662035821
-7.504386125337449
-7.54248658863907
-7.580587287196915
-7.618688168271357
-7.656789049345785
-7.694889930420216
-7.732990811494649
-7.771091692569077
-7.809192573643503
-7.847293454717927
-7.885394335792351
-7.923495216866782
-7.961596097941228
-7.999696979015673
-8.037797860090244
-8.07589874116469
-8.113999622239131
-8.152100503313573
-8.190201384388018
-8.22830226546246
-8.266403146536906
-8.304504027611348
-8.342606122582229
-8.380716305511683
-8.418836161178536
-8.456950703676224
-8.495053977709368
-8.533158457286145
-8.571267646777692
-8.609373164322186
-8.647476410866275
-8.68559597822739
-8.723737437847483
-8.761886194461098
-8.800056385912637
-8.838264242060493
-8.876481448502215
-8.914716198861129
-8.953021483369133
-8.991322633770503
-9.029508831188267
-9.066627433290423
-9.103457963624239
-9.14200224990968