3.2613996586198484
3.2613996586198484
3.2613996586198484
3.2613996586198484
3.2613996586198484
3.2613996586198484
3.2613996586198484
3.2613996586198484
3.2613996586198484
3.2613996586198484
3.2613996586198484
3.2613996586198484
3.2613996586198484
3.2613996586198484
3.2613996586198484
3.2613996586198484
3.2613996586198484
3.2613996586198484
3.2613996586198484
3.2613996586198484
3.2613996586198484
3.2613996586198484
3.2613996586198484
3.2613996586198484
3.2613996586198484
3.2613996586198484
3.2613996586198484
3.3250929073294646
3.3250929073294646
3.2613996586198484
3.2613996586198484
3.2613996586198484
3.2613996586198484
3.2613996586198484
3.2613996586198484
3.239438725246968
3.239438725246968
2.9632193001590306
3.017196759889986
3.3050643601897427
3.204815537397434
3.2232531808207296
3.349835702735235
2.9409339256364966
2.600469498086297
2.6431832626179643
2.6695587596240093
2.8612762562642766
3.052993752904544
2.7417025180077665
3.1796468575049968
3.224808681062533
3.0330911844222657
3.0375454184633712
3.2292629151036394
3.426801491215346
3.569567114172373
3.7216409216685857
3.624115297580283
3.4893158544097487
3.4034948083502083
3.4359204403992827
3.486888990117726
3.434010176862044
3.398579925383334
3.3548875886680243
3.2777084210705647
3.1977210550261725
3.128569958666291
3.050857420200236
2.978587759047995
2.893580147821221
2.8220980081537874
2.727777765420252
2.6782171483675317
2.5773211389124127
2.5791049440758114
2.4809853757267595
2.5529052724094123
2.467407506882422
2.397145542103339
2.3215800627842893
2.2171627217271235
2.145241706092329
2.0251743068080605
1.9592549820241185
1.8348111575451977
1.776919085212283
1.6491683846486653
1.6029938759055955
1.4766629808470773
1.44142114020222
1.3229111164606238
1.2923742639401852
1.1883542248071444
1.1574570206436876
0.9589754849464088
0.7430574485036028
0.7890343268177964
0.4899629836778735
0.24745429203348362
0.2110869931833925
0.2697216707072001
0.36690702616713705
0.396244818336991
0.396244818336991
0.3320848573343923
0.22085670160295426
0.0033650328534875484
-0.4538405267660124
-0.9110460863855123
-1.3682516460050125
-1.8254572056245122
-1.8229689805532472
-1.5765670943777852
-1.798038955023678
-1.7891261884858063
-1.8852797267507313
-1.955079954916951
-2.039975718869064
-2.110000041286469
-2.1946054576787835
-2.2849306691850964
-2.3636674124777284
-2.455645194772919
-2.546199782972034
-2.635385920392144
-2.731977754269137
-2.825459915031717
-2.9264349437715276
-3.023945302774676
-3.125632306558135
-3.225263178325894
-3.3202550696640483
-3.4173664930684553
-3.504798680587888
-3.5959034983422766
-3.688356527582868
-3.785129539673666
-3.901032144012464
-4.023191874296149
-4.168640032489829
-4.328379918015739
-4.493652795600851
-4.663057709378477
-4.8272558860617005
-4.976969464961885
-5.111092757157546
-5.228523643250904
-5.330354929439554
-5.417476067511558
-5.4950424644180735
-5.564316364179869
-5.627104601642681
-5.6853781249951805
-5.739523720199743
-5.792109831666504
-5.84230558670156
-5.891907677626775
-5.941701773053058
-5.990270361993696
-6.038243182272505
-6.079119292394249
-6.122904450837351
-6.163972173941613
-6.201630056639153
-6.2371204874572275
-6.271516019956393
-6.305741331016233
-6.339936929916556
-6.374128009294074
-6.408316158709064
-6.4394142438071365
-6.4641304558265675
-6.488845823097047
-6.513560580916963
-6.538274970678926
-6.56298919336286
-6.587703360412561
-6.612417513053529
-6.640323823460006
-6.676900268229565
-6.713676589201988
-6.751190891529742
-6.788705193857496
-6.826219496185249
-6.860836519396852
-6.8953425993681385
-6.925406811348079
-6.945727058442277
-6.9660473055364776
-6.988780981371541
-7.016808908398026
-7.044836835424508
-7.07286476245099
-7.100892689477476
-7.144626366077432
-7.188961450646598
-7.226346294525481
-7.238069514002909
-7.249792733480335
-7.2694807462927304
-7.29419456032622
-7.3189083743597045
-7.343622188393187
-7.384605002752764
-7.42713575248481
-7.466285662035821
-7.504386125337449
-7.54248658863907
-7.580587287196915
-7.618688168271357
-7.6567890493457815
-7.694889930420209
-7.73299081149464
-7.771091692569068
-7.809192573643494
-7.847293454717918
-7.885394335792342
-7.923495216866773
-7.961596097941219
-7.999696979015664
-8.037797860090244
-8.07589874116469
-8.113999622239131
-8.152100503313573
-8.190201384388018
-8.22830226546246
-8.266403146536906
-8.304504027611348
-8.342606122582229
-8.380716305511683
-8.418836161178536
-8.456950703676224
-8.495053977709368
-8.533158457286145
-8.571267646777692
-8.609373164322186
-8.647476410866275
-8.68559597822739
-8.723737437847483
-8.761886194461098
-8.800056385912637
-8.838264242060493
-8.876481448502215
-8.914716198861129
-8.953021483369133
-8.991322633770503
-9.029508831188267
-9.066627433290423
-9.103457963624239
-9.14200224990968