3.2613996586198484
3.2613996586198484
3.2613996586198484
3.2613996586198484
3.2613996586198484
3.2613996586198484
3.2613996586198484
3.2613996586198484
3.2613996586198484
3.2613996586198484
3.2613996586198484
3.2613996586198484
3.2613996586198484
3.2613996586198484
3.2613996586198484
3.2613996586198484
3.2613996586198484
3.2613996586198484
3.2613996586198484
3.2613996586198484
3.2613996586198484
3.2613996586198484
3.2613996586198484
3.2613996586198484
3.2613996586198484
3.2613996586198484
3.2613996586198484
3.3250929073294646
3.3250929073294646
3.2613996586198484
3.2613996586198484
3.2613996586198484
3.2613996586198484
3.2613996586198484
3.2613996586198484
3.239438725246968
3.239438725246968
2.9632193001590306
3.017196759889986
3.3050643601897427
3.204815537397434
3.2232531808207296
3.349835702735235
2.9409339256364966
2.600469498086297
2.6431832626179643
2.6695587596240093
2.8612762562642766
3.052993752904544
2.7417025180077665
3.1796468575049968
3.224808681062533
3.0330911844222657
3.0375454184633712
3.2292629151036394
3.426801491215346
3.569567114172373
3.7216409216685857
3.624115297580283
3.4893158544097487
3.4034948083502083
3.4359204403992827
3.486888990117726
3.434010176862044
3.398579925383334
3.3548875886680243
3.2777084210705647
3.1977210550261725
3.128569958666291
3.050857420200236
2.978587759047995
2.893580147821221
2.8220980081537874
2.7277709778594974
2.6782077932624415
2.577273000537898
2.579056063468189
2.4809123823439694
2.552592116397654
2.4670411820417653
2.39647365256796
2.3207013209347873
2.21572704518272
2.143674210847991
2.023221485442668
1.9572811869092661
1.8323551442574502
1.7746782522618934
1.646677037868438
1.6006932918588024
1.4745144594497297
1.439038347489389
1.3212533811993208
1.2898224263465556
1.1883603543225478
1.1585217331432527
0.9634935511483341
0.7499433953590562
0.7911497786787071
0.4899756166192486
0.24755896550639916
0.21114155214454264
0.2697216707072001
0.36690702616713705
0.396244818336991
0.396244818336991
0.3320848573343923
0.22085670160295426
0.0033650328534875484
-0.4538405267660124
-0.9110460863855123
-1.3682516460050125
-1.8254572056245122
-1.8683889399343663
-1.5807008982898476
-1.8190040495672484
-1.7977305557734875
-1.8974274265009035
-1.9678155007557392
-2.0494005783416736
-2.1201770486807403
-2.2049957385521206
-2.2937308296281524
-2.3717485830420766
-2.4635634740224757
-2.5528848501405554
-2.6410903366492926
-2.7368236403109183
-2.829092695335104
-2.9288511872001264
-3.0253921942310726
-3.1264098331489834
-3.2257073041730404
-3.3208626106666834
-3.4182179337316945
-3.5059146201169966
-3.5969253407022466
-3.688271839361629
-3.7827942695682766
-3.894978517735838
-4.0127940876599855
-4.154120492768289
-4.310166378919427
-4.473336987290492
-4.642615763254775
-4.808030206243022
-4.960048618574028
-5.097125026601762
-5.217447306597435
-5.321795124182934
-5.411074524063901
-5.4904109987404945
-5.560981317366809
-5.6246419281080735
-5.683509725546222
-5.738080682716099
-5.7909618429590735
-5.841331174846531
-5.8910285018071615
-5.940877363427582
-5.989478371207429
-6.037524102242742
-6.078615587185005
-6.122693380127253
-6.163933465864419
-6.201627555918577
-6.237118938387166
-6.271515064427489
-6.305740745886626
-6.339936576590656
-6.374127801528719
-6.408316042392969
-6.439414184638189
-6.4641304311121255
-6.488845816106756
-6.5135605799983205
-6.538274970678926
-6.56298919336286
-6.587703360412561
-6.612417513053529
-6.640323823460006
-6.676900268229565
-6.713676589201988
-6.751190891529742
-6.788705193857496
-6.826219496185249
-6.860836519396852
-6.8953425993681385
-6.925406811348079
-6.945727058442277
-6.9660473055364776
-6.988780981371541
-7.016808908398026
-7.044836835424508
-7.07286476245099
-7.100892689477476
-7.144626366077432
-7.188961450646598
-7.226346294525481
-7.238069514002909
-7.249792733480335
-7.2694807462927304
-7.29419456032622
-7.3189083743597045
-7.343622188393187
-7.384605002752764
-7.42713575248481
-7.466285662035821
-7.504386125337449
-7.5424865886390675
-7.580587287196908
-7.6186881682713485
-7.656789049345773
-7.6948899304202
-7.7329908114946315
-7.771091692569059
-7.809192573643485
-7.847293454717909
-7.885394335792333
-7.9234952168667645
-7.96159609794121
-7.999696979015655
-8.037797860090244
-8.07589874116469
-8.113999622239131
-8.152100503313573
-8.190201384388018
-8.22830226546246
-8.266403146536906
-8.304504027611348
-8.342606122582229
-8.380716305511683
-8.418836161178536
-8.456950703676224
-8.495053977709368
-8.533158457286145
-8.571267646777692
-8.609373164322186
-8.647476410866275
-8.68559597822739
-8.723737437847483
-8.761886194461098
-8.800056385912637
-8.838264242060493
-8.876481448502215
-8.914716198861129
-8.953021483369133
-8.991322633770503
-9.029508831188267
-9.066627433290423
-9.103457963624239
-9.14200224990968