3.2613996586198484
3.2613996586198484
3.2613996586198484
3.2613996586198484
3.2613996586198484
3.2613996586198484
3.2613996586198484
3.2613996586198484
3.2613996586198484
3.2613996586198484
3.2613996586198484
3.2613996586198484
3.2613996586198484
3.2613996586198484
3.2613996586198484
3.2613996586198484
3.2613996586198484
3.2613996586198484
3.2613996586198484
3.2613996586198484
3.2613996586198484
3.2613996586198484
3.2613996586198484
3.2613996586198484
3.2613996586198484
3.2613996586198484
3.2613996586198484
3.3250929073294646
3.3250929073294646
3.2613996586198484
3.2613996586198484
3.2613996586198484
3.2613996586198484
3.2613996586198484
3.2613996586198484
3.239438725246968
3.239438725246968
2.9632193001590306
3.017196759889986
3.3050643601897427
3.204815537397434
3.2232531808207296
3.349835702735235
2.9409339256364966
2.600469498086297
2.6431832626179643
2.6695587596240093
2.8612762562642766
3.052993752904544
2.7417025180077665
3.1796468575049968
3.224808681062533
3.0330911844222657
3.0375454184633712
3.2292629151036394
3.426801491215346
3.569567114172373
3.7216409216685857
3.624115297580283
3.4893158544097487
3.4034948083502083
3.4359204403992827
3.486888990117726
3.434010176862044
3.398579925383334
3.3548875886680243
3.2777084210705647
3.1977210550261725
3.128569958666291
3.050857420200236
2.978587759047995
2.893580147821221
2.8220980081537874
2.727770977859498
2.678205941644828
2.5772573853906176
2.5790391855740196
2.4808700922152793
2.55243685102274
2.466824717585436
2.396084243004979
2.3202335592023
2.2150755228680197
2.142982886589432
2.0223894557950195
1.9564566968829373
1.831358760182039
1.7737783243635632
1.6457037640723804
1.5997926206286213
1.4737052596399511
1.4381052406818013
1.320739342496232
1.2876844510827001
1.1837545134107896
1.1549809008858145
0.9662380824171776
0.7554661988586887
0.7931057339440405
0.48979981030412834
0.24755672284271774
0.21131829710111483
0.2697216707072001
0.36690702616713705
0.396244818336991
0.396244818336991
0.3320848573343923
0.22085670160295426
0.0033650328534875484
-0.4538405267660124
-0.9110460863855123
-1.3682516460050125
-1.8254572056245122
-1.9236613559119948
-1.5811139435530481
-1.8376954161620487
-1.8055108893319785
-1.9097043610270443
-1.9804899056453444
-2.0587503766797135
-2.1307223100772057
-2.215546101369511
-2.302724685920906
-2.3803267025162897
-2.4720502765630066
-2.5602321862702424
-2.6476976694697303
-2.7427138722972373
-2.833871607633387
-2.9325915707433956
-3.0282663942617276
-3.1285612646672094
-3.2274394938855706
-3.3227033100264562
-3.4202788046341763
-3.508301722300772
-3.599347885496826
-3.689755404446712
-3.78221059140003
-3.8907372595570955
-4.003976465373237
-4.140520228883703
-4.291886368001874
-4.451931054872199
-4.620140158182475
-4.786061415340805
-4.940090040579937
-5.080176314697279
-5.203671958580277
-5.310964078129322
-5.402819671734374
-5.484167656741678
-5.556167180595719
-5.620880335455445
-5.6805453888169035
-5.7357001482666545
-5.789005638076772
-5.839681864682992
-5.889652088642826
-5.939813538879552
-5.988712592796479
-6.03699439387138
-6.078328753271895
-6.122613757887194
-6.1639282672414035
-6.201625526174235
-6.237117714671968
-6.271514333522428
-6.3057403162883725
-6.339936331251201
-6.374127668028403
-6.408315974865892
-6.439414154369192
-6.4641304206353185
-6.488845814106098
-6.51356057995232
-6.538274970678926
-6.56298919336286
-6.587703360412561
-6.612417513053529
-6.640323823460006
-6.676900268229565
-6.713676589201988
-6.751190891529742
-6.788705193857496
-6.826219496185249
-6.860836519396852
-6.8953425993681385
-6.925406811348079
-6.945727058442277
-6.9660473055364776
-6.988780981371541
-7.016808908398026
-7.044836835424508
-7.07286476245099
-7.100892689477476
-7.144626366077432
-7.188961450646598
-7.226346294525481
-7.238069514002909
-7.249792733480335
-7.2694807462927304
-7.29419456032622
-7.3189083743597045
-7.343622188393187
-7.384605002752764
-7.427135752484809
-7.4662856620358165
-7.504386125337441
-7.542486588639059
-7.5805872871969
-7.61868816827134
-7.656789049345764
-7.694889930420191
-7.732990811494623
-7.77109169256905
-7.809192573643476
-7.8472934547179
-7.885394335792324
-7.923495216866756
-7.961596097941201
-7.9996969790156465
-8.037797860090244
-8.07589874116469
-8.113999622239131
-8.152100503313573
-8.190201384388018
-8.22830226546246
-8.266403146536906
-8.304504027611348
-8.342606122582229
-8.380716305511683
-8.418836161178536
-8.456950703676224
-8.495053977709368
-8.533158457286145
-8.571267646777692
-8.609373164322186
-8.647476410866275
-8.68559597822739
-8.723737437847483
-8.761886194461098
-8.800056385912637
-8.838264242060493
-8.876481448502215
-8.914716198861129
-8.953021483369133
-8.991322633770503
-9.029508831188267
-9.066627433290423
-9.103457963624239
-9.14200224990968