3.2613996586198484
3.2613996586198484
3.2613996586198484
3.2613996586198484
3.2613996586198484
3.2613996586198484
3.2613996586198484
3.2613996586198484
3.2613996586198484
3.2613996586198484
3.2613996586198484
3.2613996586198484
3.2613996586198484
3.2613996586198484
3.2613996586198484
3.2613996586198484
3.2613996586198484
3.2613996586198484
3.2613996586198484
3.2613996586198484
3.2613996586198484
3.2613996586198484
3.2613996586198484
3.2613996586198484
3.2613996586198484
3.2613996586198484
3.2613996586198484
3.3250929073294646
3.3250929073294646
3.2613996586198484
3.2613996586198484
3.2613996586198484
3.2613996586198484
3.2613996586198484
3.2613996586198484
3.239438725246968
3.239438725246968
2.9632193001590306
3.017196759889986
3.3050643601897427
3.204815537397434
3.2232531808207296
3.349835702735235
2.9409339256364966
2.600469498086297
2.6431832626179643
2.6695587596240093
2.8612762562642766
3.052993752904544
2.7417025180077665
3.1796468575049968
3.224808681062533
3.0330911844222657
3.0375454184633712
3.2292629151036394
3.426801491215346
3.569567114172373
3.7216409216685857
3.624115297580283
3.4893158544097487
3.4034948083502083
3.4359204403992827
3.486888990117726
3.434010176862044
3.398579925383334
3.3548875886680243
3.2777084210705647
3.1977210550261725
3.128569958666291
3.050857420200236
2.978587759047995
2.893580147821221
2.8220949576693326
2.727760719194357
2.67819813465653
2.5804113328163694
2.575431304672626
2.4813477439650815
2.5527031187866878
2.4667837950332787
2.3922428451570035
2.3152849908024065
2.2130092566054294
2.1405385376896575
2.0205418678907883
1.9537920676079723
1.828587694727931
1.7707764061673352
1.642705356352071
1.5965497518534766
1.4705609535557573
1.4345502797956367
1.3172368538783596
1.281906445307983
1.1736003221496578
1.1481313481910365
0.9677551823356494
0.7602108697549872
0.7931913270368041
0.486102634599026
0.24747720712727364
0.21499619287841268
0.2701479690760003
0.36690702616713705
0.396244818336991
0.396244818336991
0.3320848573343923
0.22085670160295426
0.0033650328534875484
-0.4538405267660124
-0.9110460863855123
-1.3682516460050125
-1.8254572056245122
-1.9922515300570511
-1.575775904738312
-1.8547958870054058
-1.813000123534041
-1.9206261265337576
-1.9914414656321158
-2.06634777956806
-2.1394258409346207
-2.2237666088669577
-2.3092226939166522
-2.3862677266076395
-2.47751812744408
-2.5643233990121184
-2.650878954062447
-2.744988584498698
-2.834921809344302
-2.9324958115595323
-3.0271548086175666
-3.1265937212869512
-3.2249263109165334
-3.3201832960760704
-3.417903511555869
-3.506153496010727
-3.597231518912706
-3.686994931060616
-3.778108376673656
-3.88431444392923
-3.9947500427839353
-4.128481107881791
-4.27723266484429
-4.435877840353606
-4.604135016321954
-4.771099190820797
-4.927029057425235
-5.069528148192045
-5.19547067789755
-5.304928811016557
-5.398489865074921
-5.481052903584549
-5.553892288899297
-5.619226593984163
-5.679350636066858
-5.734830612989317
-5.788386851619785
-5.839247240680022
-5.889319513853072
-5.939550495562306
-5.988554244316434
-6.036941660089344
-6.078321647659319
-6.122612698070786
-6.163927655378743
-6.201625175292667
-6.237117515469077
-6.271514222315355
-6.305740255757229
-6.3399362996741075
-6.374127653085092
-6.408315969263929
-6.439414153067048
-6.464130420519869
-6.488845814106098
-6.513560579952321
-6.538274970678927
-6.56298919336286
-6.587703360412561
-6.612417513053529
-6.640323823460006
-6.676900268229565
-6.713676589201988
-6.751190891529742
-6.788705193857496
-6.826219496185249
-6.860836519396852
-6.8953425993681385
-6.925406811348079
-6.945727058442277
-6.9660473055364776
-6.988780981371541
-7.016808908398026
-7.044836835424508
-7.07286476245099
-7.100892689477476
-7.144626366077432
-7.188961450646598
-7.226346294525481
-7.238069514002909
-7.249792733480335
-7.2694807462927304
-7.29419456032622
-7.3189083743597045
-7.343622188393187
-7.384605002752766
-7.42713575248481
-7.466285662035817
-7.504386125337442
-7.5424865886390595
-7.5805872871969004
-7.6186881682713405
-7.656789049345765
-7.694889930420192
-7.7329908114946235
-7.771091692569051
-7.809192573643477
-7.847293454717901
-7.885394335792325
-7.9234952168667565
-7.961596097941202
-7.999696979015647
-8.037797860090244
-8.07589874116469
-8.113999622239131
-8.152100503313573
-8.190201384388018
-8.22830226546246
-8.266403146536906
-8.304504027611348
-8.342606122582229
-8.380716305511683
-8.418836161178536
-8.456950703676224
-8.495053977709368
-8.533158457286145
-8.571267646777692
-8.609373164322186
-8.647476410866275
-8.68559597822739
-8.723737437847483
-8.761886194461098
-8.800056385912637
-8.838264242060493
-8.876481448502215
-8.914716198861129
-8.953021483369135
-8.991322633770505
-9.029508831188267
-9.066627433290424
-9.10345796362424
-9.14200224990968