3.2613996586198484
3.2613996586198484
3.2613996586198484
3.2613996586198484
3.2613996586198484
3.2613996586198484
3.2613996586198484
3.2613996586198484
3.2613996586198484
3.2613996586198484
3.2613996586198484
3.2613996586198484
3.2613996586198484
3.2613996586198484
3.2613996586198484
3.2613996586198484
3.2613996586198484
3.2613996586198484
3.2613996586198484
3.2613996586198484
3.2613996586198484
3.2613996586198484
3.2613996586198484
3.2613996586198484
3.2613996586198484
3.2613996586198484
3.2613996586198484
3.3250929073294646
3.3250929073294646
3.2613996586198484
3.2613996586198484
3.2613996586198484
3.2613996586198484
3.2613996586198484
3.2613996586198484
3.239438725246968
3.239438725246968
2.9632193001590306
3.017196759889986
3.3050643601897427
3.204815537397434
3.2232531808207296
3.349835702735235
2.9409339256364966
2.600469498086297
2.6431832626179643
2.6695587596240093
2.8612762562642766
3.052993752904544
2.7417025180077665
3.1796468575049968
3.224808681062533
3.0330911844222657
3.0375454184633712
3.2292629151036394
3.426801491215346
3.569567114172373
3.7216409216685857
3.624115297580283
3.4893158544097487
3.4034948083502083
3.4359204403992827
3.486888990117726
3.434010176862044
3.398579925383334
3.3548875886680243
3.2777084210705647
3.1977210550261725
3.128569958666291
3.050857420200236
2.978587759047995
2.8935788515763265
2.822092786060767
2.7277562084313804
2.678193012330917
2.5803989154210525
2.575417646401057
2.4813253097185197
2.552616897550531
2.4666490259283997
2.3920689321190105
2.3150898622612766
2.2127534537755023
2.140274668532723
2.020248883732516
1.9535134084096761
1.828265060101195
1.7704898220634069
1.642409891811672
1.5962745455993026
1.470538708621707
1.434279569767129
1.316633764444309
1.2793520930038027
1.1681833839374167
1.1445177332897774
0.9696527741284443
0.7641781043177475
0.7906273039774021
0.4776039129179622
0.24736562111862714
0.22344360447864134
0.27198926169673054
0.36690702616713705
0.396244818336991
0.396244818336991
0.3320848573343923
0.22085670160295426
0.0033650328534875484
-0.4538405267660124
-0.9110460863855123
-1.3682516460050125
-1.8254572056245122
-2.0722878375743203
-1.564858192749264
-1.8692073163315974
-1.8192652118839552
-1.9298183231259465
-2.0006404950782057
-2.0723312230761914
-2.146523284655739
-2.2300370841568085
-2.3137091931578198
-2.390174782077997
-2.4807442273487825
-2.5661072074874944
-2.6517683752562626
-2.744947664096791
-2.8336374252697394
-2.930098591559515
-3.0238145741381
-3.1225096927645546
-3.220392919598717
-3.315590847925072
-3.4133957479733774
-3.5019473713382903
-3.5932312918117417
-3.682651066570361
-3.7729579223437084
-3.877681042372783
-3.9863215339869273
-4.118361209757083
-4.265652590854796
-4.423764990002806
-4.592479530027824
-4.76050226896448
-4.918114854881839
-5.062682981315619
-5.1905787175405695
-5.30161890298339
-5.396346904572491
-5.479653511683296
-5.552895137136886
-5.6184765705212945
-5.678805630617613
-5.7344435152926625
-5.78809257962123
-5.839019123433841
-5.889168878798304
-5.939468949947227
-5.988518548683547
-6.036932544899476
-6.078320937116037
-6.122612292635674
-6.163927425473586
-6.201625046538831
-6.237117444501958
-6.271514184108373
-6.305740236247988
-6.33993629071146
-6.374127649572852
-6.408315968199517
-6.439414152888146
-6.464130420519869
-6.488845814106098
-6.513560579952321
-6.538274970678927
-6.56298919336286
-6.587703360412561
-6.612417513053529
-6.640323823460006
-6.676900268229565
-6.713676589201988
-6.751190891529742
-6.788705193857496
-6.826219496185249
-6.860836519396852
-6.8953425993681385
-6.925406811348079
-6.945727058442277
-6.9660473055364776
-6.988780981371541
-7.016808908398026
-7.044836835424508
-7.07286476245099
-7.100892689477476
-7.144626366077432
-7.188961450646598
-7.226346294525481
-7.238069514002909
-7.249792733480335
-7.2694807462927304
-7.294194560326222
-7.318908374359706
-7.343622188393189
-7.384605002752767
-7.427135752484812
-7.466285662035819
-7.504386125337444
-7.542486588639061
-7.580587287196902
-7.618688168271342
-7.656789049345766
-7.694889930420194
-7.732990811494625
-7.771091692569053
-7.809192573643479
-7.847293454717903
-7.885394335792327
-7.923495216866758
-7.961596097941204
-7.999696979015649
-8.037797860090244
-8.07589874116469
-8.113999622239131
-8.152100503313573
-8.190201384388018
-8.22830226546246
-8.266403146536906
-8.304504027611348
-8.342606122582229
-8.380716305511683
-8.418836161178536
-8.456950703676224
-8.495053977709368
-8.533158457286145
-8.571267646777692
-8.609373164322186
-8.647476410866275
-8.68559597822739
-8.723737437847483
-8.761886194461098
-8.800056385912637
-8.838264242060493
-8.876481448502215
-8.914716198861129
-8.953021483369135
-8.991322633770505
-9.029508831188267
-9.066627433290424
-9.10345796362424
-9.14200224990968