3.2613996586198484
3.2613996586198484
3.2613996586198484
3.2613996586198484
3.2613996586198484
3.2613996586198484
3.2613996586198484
3.2613996586198484
3.2613996586198484
3.2613996586198484
3.2613996586198484
3.2613996586198484
3.2613996586198484
3.2613996586198484
3.2613996586198484
3.2613996586198484
3.2613996586198484
3.2613996586198484
3.2613996586198484
3.2613996586198484
3.2613996586198484
3.2613996586198484
3.2613996586198484
3.2613996586198484
3.2613996586198484
3.2613996586198484
3.2613996586198484
3.3250929073294646
3.3250929073294646
3.2613996586198484
3.2613996586198484
3.2613996586198484
3.2613996586198484
3.2613996586198484
3.2613996586198484
3.239438725246968
3.239438725246968
2.9632193001590306
3.017196759889986
3.3050643601897427
3.204815537397434
3.2232531808207296
3.349835702735235
2.9409339256364966
2.600469498086297
2.6431832626179643
2.6695587596240093
2.8612762562642766
3.052993752904544
2.7417025180077665
3.1796468575049968
3.224808681062533
3.0330911844222657
3.0375454184633712
3.2292629151036394
3.426801491215346
3.569567114172373
3.7216409216685857
3.624115297580283
3.4893158544097487
3.4034948083502083
3.4359204403992827
3.486888990117726
3.434010176862044
3.398579925383334
3.3548875886680243
3.2777084210705647
3.1977210550261725
3.128569958666291
3.050857420200236
2.9785860075310717
2.893573893994522
2.822083977296111
2.727719667808376
2.6781684860830466
2.580342410647413
2.5753580644337495
2.4812377053026857
2.5522577183871467
2.466190049310053
2.3915258517392473
2.3144972108344186
2.2120128986927896
2.139524364954722
2.019448763016328
1.9527651208947918
1.8274178278512803
1.7697475851250928
1.6416763011874773
1.5955777704240124
1.4710750366073568
1.4333091989136435
1.3135735227097374
1.273383988130544
1.1576797137247763
1.1383991366661703
0.9745525147926241
0.7717794763745723
0.7926074707962577
0.4777970649855992
0.24908861932250448
0.22431165906616415
0.2697216707072001
0.36690702616713705
0.396244818336991
0.396244818336991
0.3320848573343923
0.22085670160295426
0.0033650328534875484
-0.4538405267660124
-0.9110460863855123
-1.3682516460050125
-1.8254572056245122
-2.1631953675035285
-1.5498318961957345
-1.8802060789223225
-1.8234809334931756
-1.937831071699602
-2.009205084819101
-2.0779336088971716
-2.1534591348702246
-2.2359468157531697
-2.3179302500859773
-2.394012309701115
-2.4839110844086734
-2.5679074354207367
-2.6527593316244977
-2.7449939639203462
-2.832478831479773
-2.9279375624466626
-3.0207729439800333
-3.118686244830397
-3.216009800765066
-3.3110764371188073
-3.4089541470999083
-3.49778169980123
-3.589278404783209
-3.6784409507765456
-3.7680303164744333
-3.8713581217096618
-3.9782873501254667
-4.108621302164669
-4.254363539511327
-4.411828783724686
-4.580813332021368
-4.749747507541406
-4.909096315891165
-5.0558087567742405
-5.185567868454388
-5.298046993852376
-5.39386921413858
-5.477959771019547
-5.551723218890745
-5.617648358514218
-5.678234171619178
-5.734086640208251
-5.787890394240222
-5.838909166686168
-5.889121293295403
-5.939457582361367
-5.988517016297178
-6.036931719126424
-6.078320499790825
-6.122612064856343
-6.163927309518302
-6.201624989732847
-6.237117418297299
-6.271514172953777
-6.305740232035172
-6.339936289498285
-6.374127649391083
-6.408315968199517
-6.439414152888146
-6.464130420519869
-6.488845814106098
-6.513560579952321
-6.538274970678927
-6.56298919336286
-6.587703360412561
-6.612417513053529
-6.640323823460006
-6.676900268229565
-6.713676589201988
-6.751190891529742
-6.788705193857496
-6.826219496185249
-6.860836519396852
-6.8953425993681385
-6.925406811348079
-6.945727058442277
-6.9660473055364776
-6.988780981371541
-7.016808908398026
-7.044836835424508
-7.07286476245099
-7.100892689477476
-7.144626366077432
-7.188961450646598
-7.226346294525482
-7.23806951400291
-7.249792733480336
-7.269480746292731
-7.294194560326223
-7.318908374359707
-7.34362218839319
-7.384605002752768
-7.427135752484813
-7.46628566203582
-7.504386125337445
-7.542486588639062
-7.580587287196903
-7.618688168271343
-7.656789049345767
-7.694889930420195
-7.732990811494626
-7.771091692569054
-7.80919257364348
-7.847293454717904
-7.885394335792328
-7.923495216866759
-7.961596097941205
-7.99969697901565
-8.037797860090244
-8.07589874116469
-8.113999622239131
-8.152100503313573
-8.190201384388018
-8.22830226546246
-8.266403146536906
-8.304504027611348
-8.342606122582229
-8.380716305511683
-8.418836161178536
-8.456950703676224
-8.495053977709368
-8.533158457286145
-8.571267646777692
-8.609373164322186
-8.647476410866275
-8.68559597822739
-8.723737437847483
-8.761886194461098
-8.800056385912637
-8.838264242060493
-8.876481448502215
-8.914716198861129
-8.953021483369135
-8.991322633770505
-9.029508831188267
-9.066627433290424
-9.10345796362424
-9.14200224990968