3.2613996586198484
3.2613996586198484
3.2613996586198484
3.2613996586198484
3.2613996586198484
3.2613996586198484
3.2613996586198484
3.2613996586198484
3.2613996586198484
3.2613996586198484
3.2613996586198484
3.2613996586198484
3.2613996586198484
3.2613996586198484
3.2613996586198484
3.2613996586198484
3.2613996586198484
3.2613996586198484
3.2613996586198484
3.2613996586198484
3.2613996586198484
3.2613996586198484
3.2613996586198484
3.2613996586198484
3.2613996586198484
3.2613996586198484
3.2613996586198484
3.3250929073294646
3.3250929073294646
3.2613996586198484
3.2613996586198484
3.2613996586198484
3.2613996586198484
3.2613996586198484
3.2613996586198484
3.239438725246968
3.239438725246968
2.9632193001590306
3.017196759889986
3.3050643601897427
3.204815537397434
3.2232531808207296
3.349835702735235
2.9409339256364966
2.600469498086297
2.6431832626179643
2.6695587596240093
2.8612762562642766
3.052993752904544
2.7417025180077665
3.1796468575049968
3.224808681062533
3.0330911844222657
3.0375454184633712
3.2292629151036394
3.426801491215346
3.569567114172373
3.7216409216685857
3.624115297580283
3.4893158544097487
3.4034948083502083
3.4359204403992827
3.486888990117726
3.434010176862044
3.398579925383334
3.3548875886680243
3.2777084210705647
3.1977210550261725
3.128569958666291
3.050853873259179
2.9785781675283456
2.893558905938229
2.822047962496831
2.72760108482333
2.678083449566582
2.580133362502749
2.575142519761753
2.480937825172553
2.5511781805260503
2.464963606628578
2.390133072613262
2.312995515437755
2.2101837100724175
2.137688518957979
2.017526369322298
1.9509841200096776
1.8254353566551471
1.7680121902405985
1.6401157979561845
1.5935828417313291
1.4721792051296583
1.4315198748905686
1.3081132997720526
1.2668301200608088
1.145837872163505
1.1309078817679503
0.9816308371819056
0.7829332081167372
0.795161245323431
0.47811633597823855
0.25252754240197417
0.2261889394087186
0.2697216707072001
0.36690702616713705
0.396244818336991
0.396244818336991
0.3320848573343923
0.22085670160295426
0.0033650328534875484
-0.4538405267660124
-0.9110460863855123
-1.3682516460050125
-1.8254572056245122
-2.2655755040818812
-1.5317036527887495
-1.887374836292502
-1.8257353408799994
-1.9459101396809424
-2.018406679393939
-2.0845182059752427
-2.162076035756706
-2.243628002606236
-2.3242488132769545
-2.4003304319351373
-2.4896842014596383
-2.5724919742756254
-2.6567854708978706
-2.7482057684135692
-2.8345785346353165
-2.9290633977567393
-3.020916468655634
-3.1179276448367106
-3.2145735949286376
-3.3093377090730334
-3.407065989560883
-3.4960075746862582
-3.587631020223614
-3.676415905286962
-3.764973332044466
-3.8662143395270663
-3.970387659134126
-4.097631037394111
-4.240183667488381
-4.395515889416297
-4.563780513020483
-4.733153797568627
-4.894110035856607
-5.043187244204149
-5.1754686484322185
-5.290300842547891
-5.388123957765771
-5.473781768986443
-5.5487559668940065
-5.6155866968967905
-5.676775743724775
-5.733032663087831
-5.787122814589544
-5.838353076625214
-5.888739406897967
-5.939206646167161
-5.988369654083477
-6.036870190812928
-6.078306830118612
-6.122610800617982
-6.163926587717747
-6.201624579616388
-6.237117187530309
-6.271514045484127
-6.305740163801973
-6.339936254910804
-6.374127633325745
-6.408315961840625
-6.439414151060181
-6.464130420246153
-6.488845814106098
-6.513560579952321
-6.538274970678927
-6.56298919336286
-6.587703360412561
-6.612417513053529
-6.640323823460006
-6.676900268229565
-6.713676589201988
-6.751190891529742
-6.788705193857496
-6.826219496185249
-6.860836519396852
-6.8953425993681385
-6.925406811348079
-6.945727058442277
-6.9660473055364776
-6.988780981371541
-7.016808908398026
-7.044836835424508
-7.07286476245099
-7.100892689477476
-7.144626366077432
-7.188961450646598
-7.226346294525482
-7.23806951400291
-7.249792733480336
-7.269480746292731
-7.294194560326223
-7.318908374359707
-7.34362218839319
-7.384605002752768
-7.427135752484813
-7.46628566203582
-7.504386125337445
-7.542486588639062
-7.580587287196903
-7.618688168271343
-7.656789049345767
-7.694889930420195
-7.732990811494626
-7.771091692569054
-7.80919257364348
-7.847293454717904
-7.885394335792328
-7.923495216866759
-7.961596097941205
-7.99969697901565
-8.037797860090244
-8.07589874116469
-8.113999622239131
-8.152100503313573
-8.190201384388018
-8.22830226546246
-8.266403146536906
-8.304504027611348
-8.342606122582229
-8.380716305511683
-8.418836161178536
-8.456950703676224
-8.495053977709368
-8.533158457286145
-8.571267646777692
-8.609373164322186
-8.647476410866275
-8.68559597822739
-8.723737437847483
-8.761886194461098
-8.800056385912637
-8.838264242060493
-8.876481448502215
-8.914716198861129
-8.953021483369135
-8.991322633770505
-9.029508831188267
-9.066627433290424
-9.10345796362424
-9.14200224990968