3.2613996586198484
3.2613996586198484
3.2613996586198484
3.2613996586198484
3.2613996586198484
3.2613996586198484
3.2613996586198484
3.2613996586198484
3.2613996586198484
3.2613996586198484
3.2613996586198484
3.2613996586198484
3.2613996586198484
3.2613996586198484
3.2613996586198484
3.2613996586198484
3.2613996586198484
3.2613996586198484
3.2613996586198484
3.2613996586198484
3.2613996586198484
3.2613996586198484
3.2613996586198484
3.2613996586198484
3.2613996586198484
3.2613996586198484
3.2613996586198484
3.3250929073294646
3.3250929073294646
3.2613996586198484
3.2613996586198484
3.2613996586198484
3.2613996586198484
3.2613996586198484
3.2613996586198484
3.239438725246968
3.239438725246968
2.9632193001590306
3.017196759889986
3.3050643601897427
3.204815537397434
3.2232531808207296
3.349835702735235
2.9409339256364966
2.600469498086297
2.6431832626179643
2.6695587596240093
2.8612762562642766
3.052993752904544
2.7417025180077665
3.1796468575049968
3.224808681062533
3.0330911844222657
3.0375454184633712
3.2292629151036394
3.426801491215346
3.569567114172373
3.7216409216685857
3.624115297580283
3.4893158544097487
3.4034948083502083
3.4359204403992827
3.486888990117726
3.434010176862044
3.398579925383334
3.3548875886680243
3.2777084210705647
3.1977210550261725
3.128569958666291
3.050853873259179
2.9785781675283456
2.893558905938229
2.822047962496831
2.727582019888337
2.6780636530078707
2.580040645487497
2.5750439116212553
2.4807632508002766
2.5505732841707176
2.464279180418131
2.3892146510234813
2.311917438158873
2.2087874826665232
2.136258241147418
2.015935497548668
1.949478137910212
1.8237264562018898
1.7664599062253517
1.6387337624586396
1.5920579787908506
1.471841299160123
1.429289348051837
1.305485205422356
1.2631255443151377
1.1348019197030583
1.1204047649134548
0.9855894195386485
0.7953058554923434
0.7926224560788615
0.46192792247877235
0.2529293242895116
0.2428765101430854
0.273193985124831
0.36690702616713705
0.396244818336991
0.396244818336991
0.3320848573343923
0.22085670160295426
0.0033650328534875484
-0.4538405267660124
-0.9110460863855123
-1.3682516460050125
-1.8254572056245122
-2.2826627652440123
-1.6626583568708724
-1.8993297305858474
-1.8372995185827328
-1.963969588982211
-2.032604630828081
-2.093569679529703
-2.175030025701909
-2.2539019859489544
-2.331870420851071
-2.4077351127592697
-2.4953941952429024
-2.575723150146209
-2.6587916343669353
-2.7483556166611858
-2.8324387693136193
-2.9250409316810804
-3.0149805714177043
-3.1102929908317396
-3.2058104427842657
-3.300150090941549
-3.397772368344293
-3.4870931144938933
-3.5791160046117136
-3.6676547732467384
-3.755341976954799
-3.854495437550872
-3.9558563795092367
-4.080020173975797
-4.219562605908146
-4.373481516841265
-4.542117335605097
-4.7133229467853335
-4.877576770652887
-5.030445624247075
-5.166178035502343
-5.283865292139834
-5.383777328544586
-5.470859574868468
-5.546815641108827
-5.614354973801774
-5.676098396353495
-5.732753692998671
-5.787047806791466
-5.8383384644709615
-5.8887344087908025
-5.9392040829354364
-5.988368137613156
-6.0368693304065255
-6.078306422161645
-6.122610617302107
-6.1639265117752045
-6.201624552383803
-6.2371171799896015
-6.271514044167767
-6.305740163709583
-6.339936254910804
-6.374127633325745
-6.408315961840625
-6.439414151060181
-6.464130420246153
-6.488845814106098
-6.513560579952321
-6.538274970678927
-6.56298919336286
-6.587703360412561
-6.612417513053529
-6.640323823460006
-6.676900268229565
-6.713676589201988
-6.751190891529742
-6.788705193857496
-6.826219496185249
-6.860836519396852
-6.8953425993681385
-6.925406811348079
-6.945727058442277
-6.9660473055364776
-6.988780981371541
-7.016808908398026
-7.044836835424508
-7.07286476245099
-7.100892689477476
-7.144626366077432
-7.188961450646598
-7.2263462945254835
-7.2380695140029125
-7.24979273348034
-7.269480746292737
-7.294194560326231
-7.318908374359715
-7.343622188393198
-7.384605002752776
-7.427135752484821
-7.466285662035828
-7.504386125337453
-7.54248658863907
-7.580587287196911
-7.618688168271351
-7.656789049345775
-7.694889930420203
-7.732990811494634
-7.771091692569062
-7.809192573643488
-7.847293454717912
-7.885394335792336
-7.923495216866767
-7.961596097941213
-7.999696979015658
-8.037797860090244
-8.07589874116469
-8.113999622239131
-8.152100503313573
-8.190201384388018
-8.22830226546246
-8.266403146536906
-8.304504027611348
-8.342606122582229
-8.380716305511683
-8.418836161178536
-8.456950703676224
-8.495053977709368
-8.533158457286145
-8.571267646777692
-8.609373164322186
-8.647476410866275
-8.68559597822739
-8.723737437847483
-8.761886194461098
-8.800056385912637
-8.838264242060493
-8.876481448502215
-8.914716198861129
-8.953021483369135
-8.991322633770505
-9.029508831188267
-9.066627433290424
-9.10345796362424
-9.14200224990968