3.2613996586198484
3.2613996586198484
3.2613996586198484
3.2613996586198484
3.2613996586198484
3.2613996586198484
3.2613996586198484
3.2613996586198484
3.2613996586198484
3.2613996586198484
3.2613996586198484
3.2613996586198484
3.2613996586198484
3.2613996586198484
3.2613996586198484
3.2613996586198484
3.2613996586198484
3.2613996586198484
3.2613996586198484
3.2613996586198484
3.2613996586198484
3.2613996586198484
3.2613996586198484
3.2613996586198484
3.2613996586198484
3.2613996586198484
3.2613996586198484
3.3250929073294646
3.3250929073294646
3.2613996586198484
3.2613996586198484
3.2613996586198484
3.2613996586198484
3.2613996586198484
3.2613996586198484
3.239438725246968
3.239438725246968
2.9632193001590306
3.017196759889986
3.3050643601897427
3.204815537397434
3.2232531808207296
3.349835702735235
2.9409339256364966
2.600469498086297
2.6431832626179643
2.6695587596240093
2.8612762562642766
3.052993752904544
2.7417025180077665
3.1796468575049968
3.224808681062533
3.0330911844222657
3.0375454184633712
3.2292629151036394
3.426801491215346
3.569567114172373
3.7216409216685857
3.624115297580283
3.4893158544097487
3.4034948083502083
3.4359204403992827
3.486888990117726
3.434010176862044
3.398579925383334
3.3548875886680243
3.2777084210705647
3.1977210550261725
3.128569958666291
3.050853873259179
2.9785781675283456
2.893558905938229
2.822047962496831
2.727582019888337
2.6780636530078707
2.5800399599623285
2.5750432440243785
2.480760320602336
2.5505593308021006
2.4642588781811785
2.389173996592331
2.311860513338777
2.208700761443003
2.1361637135394647
2.0158172715036877
1.9493611475840955
1.8235858997045078
1.7663277773481625
1.638605751083519
1.5919172456712392
1.471644480271997
1.4290733992234357
1.305496114503588
1.2629607637398044
1.1334918172362356
1.118631737370135
0.9856691188166026
0.796763416569535
0.7914493356357303
0.4583128493049132
0.253039103537958
0.24656171098434262
0.27386796319258355
0.36690702616713705
0.396244818336991
0.396244818336991
0.3320848573343923
0.22085670160295426
0.0033650328534875484
-0.4538405267660124
-0.9110460863855123
-1.3682516460050125
-1.8254572056245122
-2.2826627652440123
-1.7231037109216534
-1.902768547542747
-1.8499829367883875
-1.9774153153822498
-2.040005267887979
-2.098791090217858
-2.1821386508682017
-2.259158477461328
-2.335964298517942
-2.411849056006057
-2.4985684775686514
-2.577706731386171
-2.6601768287954597
-2.7487625505883537
-2.8317232680432833
-2.9233647585916884
-3.0122458295680006
-3.1065911280112415
-3.2013782313628245
-3.2953183629083616
-3.392750871467605
-3.482172686013986
-3.574371863795452
-3.6628162098564494
-3.7500746620885317
-3.848191948847426
-3.9482078901874393
-4.070956427545445
-4.209153739978181
-4.362484430161168
-4.531378623610704
-4.703577950145742
-4.869589680412928
-5.0244408179073625
-5.1619322843453075
-5.281153706999554
-5.382292622480726
-5.470167716553083
-5.546539013065855
-5.614265201245757
-5.676075799368952
-5.732745900533046
-5.787043605745813
-5.838336358851474
-5.88873345605457
-5.939203691260377
-5.988367966208522
-6.036869247124209
-6.078306389383497
-6.122610608423021
-6.163926510018291
-6.201624552209093
-6.2371171799896015
-6.271514044167766
-6.305740163709583
-6.339936254910803
-6.374127633325745
-6.408315961840625
-6.439414151060181
-6.464130420246153
-6.488845814106098
-6.513560579952321
-6.538274970678927
-6.56298919336286
-6.587703360412561
-6.612417513053529
-6.640323823460006
-6.676900268229565
-6.713676589201988
-6.751190891529742
-6.788705193857496
-6.826219496185249
-6.860836519396852
-6.8953425993681385
-6.925406811348079
-6.945727058442277
-6.9660473055364776
-6.988780981371541
-7.016808908398026
-7.044836835424508
-7.07286476245099
-7.100892689477476
-7.144626366077432
-7.188961450646598
-7.226346294525483
-7.2380695140029125
-7.249792733480339
-7.269480746292736
-7.294194560326231
-7.318908374359715
-7.343622188393197
-7.384605002752776
-7.427135752484821
-7.466285662035828
-7.504386125337453
-7.54248658863907
-7.580587287196911
-7.618688168271349
-7.6567890493457735
-7.694889930420201
-7.732990811494632
-7.77109169256906
-7.809192573643488
-7.847293454717912
-7.885394335792336
-7.923495216866767
-7.961596097941213
-7.999696979015658
-8.037797860090244
-8.07589874116469
-8.113999622239131
-8.152100503313573
-8.190201384388018
-8.22830226546246
-8.266403146536906
-8.304504027611348
-8.342606122582229
-8.380716305511683
-8.418836161178536
-8.456950703676224
-8.495053977709368
-8.533158457286145
-8.571267646777692
-8.609373164322186
-8.647476410866275
-8.68559597822739
-8.723737437847483
-8.761886194461098
-8.800056385912637
-8.838264242060493
-8.876481448502215
-8.914716198861129
-8.953021483369135
-8.991322633770505
-9.029508831188267
-9.066627433290424
-9.10345796362424
-9.14200224990968