0.0
0.0
0.0
0.0
0.0
0.0
0.0
0.0
0.0
0.0
0.0
0.0
0.0
0.0
0.0
0.0
0.0
0.0
0.0
0.0
0.0
0.0
0.0
0.0
0.0
0.0
0.0
0.0
0.0
0.0
0.0
0.0
0.0
0.0
0.0
0.0
0.0
0.0
0.0
0.0
0.0
0.0
0.0
0.0
0.0
0.0
0.0
0.0
0.0
0.0
0.0
0.0
0.0
0.0
0.0
0.0
0.0
0.0
0.0
0.0
0.0
0.0
0.0
0.0
0.0
0.0
0.0
0.0
0.0
0.0
0.0
0.0
0.0
0.0
0.0
0.0
0.0
0.0
0.0
0.0
0.0
0.0
0.0
0.0
0.0
0.0
0.0
0.0
0.0
0.0
0.0
0.0
0.0
0.0
0.0
0.1449482436114465
0.1474728992165843
0.13382157434300826
0.12558050148565048
0.11656260958469321
0.11530426289610478
0.11679760734230141
0.11989064410056287
0.12414718318376101
0.12945212908739528
0.16162287045557064
0.1974919937812522
0.25471979578471454
0.3309531292729027
0.42099400292828865
0.5215257491139226
0.6280814883154786
0.7367005638159554
0.8432509397930615
0.9440663688123684
1.0380802645700355
1.1260984581325508
1.2063885463646333
1.2766745519605351
1.3346352691373744
1.3787135623422027
1.4078790725669257
1.4227358671631365
1.4256933641802367
1.4196904207903234
1.4070718630354393
1.3896014081159995
1.3696444420264826
1.3498078415021533
1.3316903086916998
1.315273208809387
1.3006241374278409
1.2873662839791398
1.274995216296727
1.263343237914741
1.2525165718878348
1.2428293104772048
1.2344516358004312
1.2271555945395807
1.2208030902050107
1.2155032612308188
1.2110725359173786
1.2072141059692296
1.2038527409879012
1.2008546138774094
1.1980279343307814
1.1953301202667637
1.1927884873308092
1.1903968749663594
1.1881495411325964
1.1860179795253034
1.1839446089595307
1.181904602938222
1.1799189362158657
1.1780005202468269
1.1761473720412816
1.1743575900958443
1.1726225629762275
1.1709202511643186
1.1692374532537457
1.1676162097910263
1.166095638033304
1.1646730300340407
1.1633458863376684
1.1621107291322854
1.1609248826369818
1.1597481902731723
1.1585805436948824
1.1574218364697684
1.1562719892700897
1.155141219174214
1.154060427911118
1.1530494992408462
1.152107093486768
1.1512319510921964
1.150412939007258
1.1496188463376156
1.1488286834658463
1.1478954857804329
1.14686663598011
1.1460679660049695
1.1450103083110963
1.1441367864275485
1.143136195827417
1.1420071850663465
1.1408997864170933
1.1398301007800187
1.1388417228971692
1.1379617530188424
1.1371725994915676
1.1364414585360019
1.1357387873950604
1.1350231457443969
1.1342666845473002
1.1334320763872638
1.1324964186349495
1.1314947564703686
1.1305199003843658
1.1296427022510778
1.1288827745755279
1.1282472868346327
1.1277032049011786
1.1271602129601195
1.12650432104523
1.1257106379054054
1.1248214113751807
1.1238637607430515
1.1228420510124422
1.1218005638597115
1.1207862164798457
1.1197937293174998
1.1188113338546815
1.117836218182486
1.116868304260999
1.1159075157139542
1.114953776747516
1.1140070122792805
1.11306714837927
1.1121341122468482
1.1112078321882102
1.110288237594423
1.1093752589200052
1.1084688276620278
1.1075688763397198
1.1066753384745698
1.105788148570901
1.1049072420969128
1.1040325554661734
1.1031640260195492
1.1023015920075614
1.1014451925731568
1.100594767734878
1.0997502583704297
1.098911606200622
1.0980787537736827
1.0972516444499332
1.0964302223868114
1.0956144325242356
1.0948042205703004
1.0939995329872938
1.09320031697803
1.0924065204724849
1.0916180921147307
1.0908349812501594
1.0900571379129884
1.0892845128140385
1.0885170573287823
1.0877547234856502
1.0869974639545896
1.086245232034132
1.0854979799754907
1.0847540495889045
1.0824396738089905