0.0
0.0
0.0
0.0
0.0
0.0
0.0
0.0
0.0
0.0
0.0
0.0
0.0
0.0
0.0
0.0
0.0
0.0
0.0
0.0
0.0
0.0
0.0
0.0
0.0
0.0
0.0
0.0
0.0
0.0
0.0
0.0
0.0
0.0
0.0
0.0
0.0
0.0
0.0
0.0
0.0
0.0
0.0
0.0
0.0
0.0
0.0
0.0
0.0
0.0
0.0
0.0
0.0
0.0
0.0
0.0
0.0
0.0
0.0
0.0
0.0
0.0
0.0
0.0
0.0
0.0
0.0
0.0
0.0
0.0
0.0
0.0
0.0
0.0
0.0
0.0
0.0
0.0
0.0
0.0
0.0
0.0
0.0
0.0
0.0
0.0
0.0
0.0
0.0
0.0
0.0
0.0
0.0
0.0
0.0
0.0
0.0
0.0
0.0
0.0
0.0
0.0
0.0
0.0
0.0
0.0
0.0
0.0
0.0
0.3361816660136491
0.4178700837807616
0.5252454030238422
0.6343571371824257
0.7390908775609238
0.833477804101023
0.9144411515680111
0.9816696987400187
1.0331002911107963
1.0681398886333053
1.0878143181123965
1.0940150133318858
1.0893106886013422
1.0773436236689897
1.061452943909547
1.0440755479533321
1.0272596750885423
1.0109245378388378
0.9952335720944562
0.9807020905873987
0.9674546797048602
0.9554643956879231
0.9447756880626224
0.9351111916243628
0.926100760622332
0.9176207800544347
0.9097473619318932
0.9027080024195419
0.896625299795571
0.8913318233227031
0.8867256228449439
0.882885044135622
0.8796761552113642
0.8768829925068656
0.8744507251286243
0.8722822672398041
0.8702385212936149
0.8682885192927993
0.8664519621623626
0.864724308663596
0.8631013547478369
0.8615624766727998
0.8600660213366337
0.8585939993134628
0.8571615361085392
0.8557779337794321
0.8544417311788526
0.8531515345030207
0.8519011226346375
0.8506745841208512
0.8494623446368254
0.8482946758305064
0.8471997527857533
0.8461755820413893
0.8452203249566366
0.8443314759004074
0.8434782958919843
0.8426318485007327
0.8417920536834416
0.8409588327792324
0.8401321181794218
0.8393192351500433
0.838542395331879
0.8378158865399107
0.8371387233795998
0.8365099876138586
0.8359216787375613
0.8353513588484988
0.8347840446039304
0.8341140703688452
0.8333752921542734
0.8328022059713124
0.8320430129193185
0.8314162968034565
0.8306985118071949
0.8298886298409069
0.8290943912500154
0.8283273143837926
0.8276186489958107
0.8269878202782781
0.8264221953258132
0.825898238741776
0.8253947754850318
0.8248821018955361
0.8243402799405228
0.82374257941732
0.8230725903920738
0.8223554053187312
0.821657498684839
0.8210295989270369
0.8204857135206969
0.8200309598402866
0.8196417064658891
0.8192533406894631
0.8187842793142662
0.8182167140697509
0.8175809075137118
0.816896296126391
0.8161660065685098
0.8154217097537204
0.8146969633984356
0.8139879891900706
0.8132863698004361
0.8125900930429745
0.8118991013440503
0.8112133383497618
0.8105327481528142
0.8098572753841803
0.8091868655275577
0.8085214649022621
0.8078610206465465
0.807205480701326
0.8065547937943046
0.8059089094244859
0.8052677778470595
0.8046313500586532
0.803999577782936
0.8033724134565694
0.802749810215489
0.8021317218815129
0.8015181029492654
0.8009089085734066
0.8003040945561612
0.7997036173351371
0.7991074339714259
0.7985155021379762
0.7979277801082371
0.7973442267450568
0.7967648014898372
0.796189464351932
0.7956181758982848
0.7950508972432982
0.7944875900389332
0.7939282164650235
0.7933727392198086
0.7928211215106746
0.7922733270450978
0.7917293200217873
0.79118906512202
0.7906525275011632
0.7901196727802062
0.7895904667191614
0.7890642954314165
0.787474560447193