0.0
0.0
0.0
0.0
0.0
0.0
0.0
0.0
0.0
0.0
0.0
0.0
0.0
0.0
0.0
0.0
0.0
0.0
0.0
0.0
0.0
0.0
0.0
0.0
0.0
0.0
0.0
0.0
0.0
0.0
0.0
0.0
0.0
0.0
0.0
0.0
0.0
0.0
0.0
0.0
0.0
0.0
0.0
0.0
0.0
0.0
0.0
0.0
0.0
0.0
0.0
0.0
0.0
0.0
0.0
0.0
0.0
0.0
0.0
0.0
0.0
0.0
0.0
0.0
0.0
0.0
0.0
0.0
0.0
0.0
0.0
0.0
0.0
0.0
0.0
0.0
0.0
0.0
0.0
0.0
0.0
0.0
0.0
0.0
0.0
0.0
0.0
0.0
0.0
0.0
0.0
0.0
0.0
0.0
0.0
0.0
0.0
0.0
0.0
0.0
0.0
0.0
0.0
0.0
0.0
0.0
0.0
0.0
0.0
0.0
0.0
0.0
0.3454546254195507
0.43973153665187314
0.554918253258516
0.6643235338320305
0.759594243790879
0.8290678538523196
0.8725306010624508
0.8982220552362744
0.9114562983771286
0.9153401616020216
0.9119477258693354
0.9011799772187138
0.8846276012595962
0.8671370798827972
0.8506633606594816
0.8356873194394122
0.8225720911677437
0.8111175994288585
0.8010198895584862
0.7921752422831321
0.7842964313696891
0.7770534672524491
0.7703293463812451
0.7641687132254571
0.7587302369006192
0.7540856514082539
0.7500863897795059
0.7466396333404782
0.7437901919031666
0.7414269250556222
0.7393830608726943
0.7376135312329138
0.7360441505846077
0.7345722125245759
0.7331743780641851
0.7318638475771604
0.730636406077454
0.729488173850639
0.7284038090601321
0.7273534789514589
0.7263243253579154
0.7253267163308013
0.7243668268707228
0.7234433092058993
0.722554883271033
0.7216969831760705
0.7208584909755377
0.7200327460500737
0.7192401891892729
0.7184995659877851
0.7178090663459726
0.7171670235919458
0.7165713686257316
0.7160012231682882
0.7154371391098178
0.714879040305269
0.7143268519890927
0.7137805054056511
0.7132447956714449
0.7127342394319299
0.7122580137759801
0.7118152326024915
0.7114050747346917
0.7110221342413644
0.7106516871454355
0.7102839828948861
0.709850720989385
0.7093741702458278
0.7090054804568269
0.7085182229208439
0.7081171059299257
0.7076589030259693
0.7071434423596683
0.7066395548056155
0.7061544302692359
0.7057075976898846
0.705310948805688
0.7049561935066985
0.7046283335939191
0.7043139938820013
0.703994608165705
0.7036578419898136
0.7032872758786355
0.7028730539398012
0.7024310213069118
0.7020022455782235
0.7016176538383999
0.7012854274953532
0.7010083002835293
0.7007715730631163
0.7005358378842292
0.7002517090114487
0.699908769988792
0.6995257280178343
0.6991146352499364
0.698677669968704
0.6982339943204497
0.6978036163728019
0.6973841910404748
0.6969706769016054
0.6965618615969935
0.6961576918892468
0.6957581155875574
0.6953630810882613
0.6949725374249144
0.6945864344452722
0.6942047227941218
0.6938273538965571
0.693454279941683
0.6930854538667375
0.6927208293416172
0.6923603607537939
0.6920040031936135
0.6916517124399615
0.6913034449462868
0.6909591578269739
0.6906188088440509
0.6902823563942246
0.6899497594962342
0.6896209777785123
0.6892959714671457
0.6889747013741278
0.6886571288858917
0.6883432159521204
0.6880329250748211
0.6877262192976596
0.687423062195548
0.6871234178644751
0.6868272509115756
0.686534526445431
0.6862452100665958
0.6859592678583413
0.6856766663776136
0.6853973726461977
0.6851213541420839
0.684848578791029
0.6845790149583099
0.6843126314406328
0.6840493973860691
0.6837890949792385
0.6830428372431077