0.0
0.0
0.0
0.0
0.0
0.0
0.0
0.0
0.0
0.0
0.0
0.0
0.0
0.0
0.0
0.0
0.0
0.0
0.0
0.0
0.0
0.0
0.0
0.0
0.0
0.0
0.0
0.0
0.0
0.0
0.0
0.0
0.0
0.0
0.0
0.0
0.0
0.0
0.0
0.0
0.0
0.0
0.0
0.0
0.0
0.0
0.0
0.0
0.0
0.0
0.0
0.0
0.0
0.0
0.0
0.0
0.0
0.0
0.0
0.0
0.0
0.0
0.0
0.0
0.0
0.0
0.0
0.0
0.0
0.0
0.0
0.0
0.0
0.0
0.0
0.0
0.0
0.0
0.0
0.0
0.0
0.0
0.0
0.0
0.0
0.0
0.0
0.0
0.0
0.0
0.0
0.0
0.04287680046882581
0.05239459826447204
0.12504288459055715
0.1483487257235181
0.20091392250143772
0.2775357220507904
0.33292015423240445
0.4062725508981112
0.41225778494599835
0.44691797091082713
0.45412271514130276
0.49053522264627153
0.5558019975215287
0.6696235667722344
0.8425490804961641
1.0720494708062993
1.3105422498589405
1.505006952480265
1.6348121799804494
1.7034250135994058
1.7377650993238556
1.7694431904579997
1.7954712046161458
1.8327917806609448
1.888520895305338
1.9507286734779863
2.0060643148497657
2.062432524594243
2.1172451035824675
2.173181592193723
2.2283774357777455
2.2827362502210944
2.3365780159715905
2.3893504377619332
2.4409028023678188
2.4910304779515187
2.539545184696032
2.5861064525000286
2.630441403775888
2.672187521800244
2.7112521541656323
2.7477285848406052
2.781616064322612
2.8130752670103294
2.8424393642693215
2.869601378228483
2.894337767860501
2.916257056204665
2.934458401412639
2.9479689898730923
2.956175300579057
2.9587747790606187
2.956145817823466
2.9494299099509895
2.940119067683962
2.929528074712986
2.918953768696858
2.9091167724330718
2.900354311492733
2.892782686155211
2.886268014600313
2.880592390224927
2.8755506282185372
2.8709615326388347
2.8667015457052574
2.862659233600868
2.858748290776435
2.8549223493866602
2.8510662502729267
2.847326900119786
2.8437025659118
2.84024676827959
2.8369965473978906
2.8339141554700187
2.830974354829752
2.8281785495523533
2.8254693554957013
2.8227970609566415
2.820161669770808
2.817634770661223
2.8152693758076794
2.813064982696665
2.811020907972417
2.809110107823297
2.807253141010582
2.8053921394757375
2.803148837623533
2.800648712679906
2.7987232641401643
2.796196751645574
2.7941441010218275
2.7917385186975334
2.7889704275062686
2.7862391476190838
2.783589971056241
2.78114218536387
2.7789716764222976
2.7770347636540293
2.7752461226626224
2.7735275762895144
2.771768380676353
2.769892178912697
2.7677969503606343
2.7654191770903456
2.762874483548906
2.7603988806725273
2.758171369833685
2.7562417004538737
2.754627430171385
2.7532479752326973
2.751864533475922
2.750192560690143
2.748170526833899
2.745905415866849
2.7434656205729833
2.7408629300062435
2.7382100317363545
2.73562536912227
2.7330954076220713
2.730590354362117
2.728103101229144
2.7256334537017533
2.723181221529808
2.7207462159946103
2.718328250237236
2.715927140370502
2.7135427054162045
2.7111747672440063
2.708823150511951
2.7064876826085205
2.7041681935962134
2.7018645161565753
2.69957648553665
2.697303939496802
2.69504671825942
2.6928046644027446
2.69057761549754
2.6883653648340977
2.6861676617377652
2.683984337228181
2.6818153427474276
2.6796605993580402
2.6775199852115312
2.6753934533687667
2.6732809197081027
2.671182076925351
2.6690965294427733
2.6670240247054213
2.6649642902055537
2.6629168616782954
2.6608814561821794
2.6588580265906274
2.656846160438886
2.6548455716913972
2.652857125664964
2.650887047831915
2.648942100107037
2.6470152662686197
2.6451219748406936
2.643187539322177
2.6356271000657436