0.0
0.0
0.0
0.0
0.0
0.0
0.0
0.0
0.0
0.0
0.0
0.0
0.0
0.0
0.0
0.0
0.0
0.0
0.0
0.0
0.0
0.0
0.0
0.0
0.0
0.0
0.0
0.0
0.0
0.0
0.0
0.0
0.0
0.0
0.0
0.0
0.0
0.0
0.0
0.0
0.0
0.0
0.0
0.0
0.0
0.0
0.0
0.0
0.0
0.0
0.0
0.0
0.0
0.0
0.0
0.0
0.0
0.0
0.0
0.0
0.0
0.0
0.0
0.0
0.0
0.0
0.0
0.0
0.0
0.0
0.0
0.0
0.0
0.0
0.0
0.0
0.0
0.0
0.0
0.0
0.0
0.0
0.0
0.0
0.0
0.0
0.0
0.0
0.0
0.0
0.0
0.0
0.0
0.0
0.1103743857751297
0.13452544191388607
0.19624042806420866
0.2626762282984286
0.31281069722534915
0.38806809980935214
0.39182675790326055
0.41992458430157353
0.4289651481127925
0.4643762897336133
0.5312419938298637
0.6433208389417742
0.8139699791577824
1.0431688925815568
1.2830935504548573
1.4790720761805298
1.6098866519417105
1.6794214664755795
1.7142787810747984
1.7456837870963868
1.7719875686803341
1.808194506888998
1.8627670668018694
1.9247311650312169
1.9808657357792132
2.0376715553043185
2.0935234440383876
2.1507212503704554
2.207376291866862
2.263483995388502
2.3194135188003053
2.3746984095312382
2.4289671002379447
2.482145807750937
2.5341122143415005
2.5843678929578573
2.632755181324825
2.67905187520901
2.7227568661702186
2.7640077067050663
2.8028591371106466
2.8393950467776228
2.873937801101808
2.9063892215110823
2.9366516570991377
2.9640285103792237
2.987584636215914
3.0063340440668846
3.0193599824900925
3.0261899773021055
3.027173191045217
3.0233342420839904
3.01604612707434
3.0069832614409626
2.9974529183153615
2.98837040972403
2.980196859088787
2.9730625334276923
2.9669110430980155
2.961570016205358
2.956839739837279
2.9525388454359494
2.9485151529988136
2.9446549472750396
2.9408565109309603
2.9370881842324885
2.9334090565566093
2.929832386617828
2.926359291567045
2.9230478615375852
2.9197962197320053
2.9167051847731447
2.913749806920927
2.91093350325817
2.9081966813559297
2.9054873981926774
2.90280634890358
2.9002305143234683
2.897817598816448
2.8955683177524967
2.8934830571763928
2.891533986298721
2.889637196461796
2.887730786587395
2.8854122745170394
2.8828132819565218
2.8808192181568324
2.8782350008989055
2.8761505548395783
2.8736863952251634
2.8708284315618213
2.8680022625124826
2.86525690432466
2.86272060329707
2.860475958448701
2.85847805107623
2.856637129458895
2.854870592564853
2.853060818409867
2.8511262153898382
2.8489578098062167
2.84648695734529
2.8438122382457616
2.8411982397780675
2.8388499892539016
2.8368272736057256
2.835154163804727
2.8337379909037885
2.8323204492517986
2.830574210515106
2.8284249861436304
2.8260057415082254
2.823399746262603
2.8206196343831724
2.817785736999696
2.8150244569323597
2.812321334388485
2.809644564831263
2.806986560586176
2.8043471143794076
2.8017260235319923
2.7991230870324677
2.7965381058861096
2.7939708843007462
2.7914212296182055
2.7888889522475964
2.7863738656003822
2.783875786027174
2.7813945327561997
2.778929927833379
2.7764817960639783
2.7740499649557666
2.7716342646630885
2.7692345278669723
2.7668505818698166
2.76448220657274
2.762129134869154
2.7597911871162815
2.7574683125341526
2.755160427848154
2.752867403928538
2.750589191840092
2.748325702738479
2.746076608726991
2.743841487355166
2.7416200692359527
2.739412063421358
2.737216973512992
2.735034497386265
2.7328645853652436
2.730706796246283
2.7285608248864293
2.726427603669897
2.72431381418011
2.7222267093867316
2.720158777875503
2.71812651076315
2.7160459561338053
2.7077988499587073