0.0
0.0
0.0
0.0
0.0
0.0
0.0
0.0
0.0
0.0
0.0
0.0
0.0
0.0
0.0
0.0
0.0
0.0
0.0
0.0
0.0
0.0
0.0
0.0
0.0
0.0
0.0
0.0
0.0
0.0
0.0
0.0
0.0
0.0
0.0
0.0
0.0
0.0
0.0
0.0
0.0
0.0
0.0
0.0
0.0
0.0
0.0
0.0
0.0
0.0
0.0
0.0
0.0
0.0
0.0
0.0
0.0
0.0
0.0
0.0
0.0
0.0
0.0
0.0
0.0
0.0
0.0
0.0
0.0
0.0
0.0
0.0
0.0
0.0
0.0
0.0
0.0
0.0
0.0
0.0
0.0
0.0
0.0
0.0
0.0
0.0
0.0
0.0
0.0
0.0
0.0
0.0
0.0
0.0
0.09341202471959169
0.1113632161952016
0.16497698387662454
0.24482626029550153
0.29720286014789676
0.3755374716687923
0.37740957041044304
0.39902317676524085
0.41038386862546566
0.44620885443632646
0.5108496065217829
0.6199798872413336
0.7884241245894257
1.0169822415090657
1.2576285557235423
1.45437834444131
1.5856502121776404
1.6557629134379162
1.691068268653145
1.7223383521018318
1.748928345268494
1.7840911628350906
1.837550848701134
1.8991723069706137
1.9559236800108415
2.012911979882155
2.0698089825130452
2.1282489290271562
2.186270854968111
2.2440784129792837
2.302020776392786
2.359571426299532
2.4165957121939807
2.4729694893755894
2.528488939814177
2.582669654351228
2.6352737852911545
2.6860710675903277
2.7347961387684405
2.7813904495890722
2.825820056327646
2.8681856439647837
2.9085471980547237
2.947132663176952
2.9837177007284414
3.0177091489598222
3.047951398177766
3.0732560180498285
3.0924375188281807
3.1049093234976697
3.11075242125672
3.1109358262099867
3.106863374386296
3.1001967456909854
3.0924878891201737
3.0848285177524413
3.0777876405421787
3.071629835942518
3.066336425158838
3.0617575011995277
3.0576591667354207
3.053936901401109
3.0504412531537874
3.0470602788738477
3.0436931931492284
3.040310701693176
3.036950679134376
3.0336307045822744
3.030354015832424
3.0271738525052085
3.0241655035472004
3.0212934857074174
3.018547298252636
3.015933915934397
3.0133923793618007
3.0108690279707244
3.0083638170820564
3.0058160378794296
3.0034272379356146
3.0012001751588997
2.9991370690792754
2.9972097956836703
2.9953298446005707
2.9934307121540535
2.991082861583835
2.9884228539596407
2.9863971635642956
2.9838325076986
2.9817933374632615
2.9793420478100754
2.976456076642558
2.973590255982074
2.97079800943012
2.9682181666027563
2.965941979091205
2.9639242881008925
2.962071199259922
2.960295616876769
2.9584724126576853
2.956513784748771
2.9543025874189306
2.951763713451458
2.949001628013893
2.9462992003330246
2.943877738337186
2.9418032665084417
2.9401039618716562
2.9386825569466657
2.9372638861715843
2.9354974543097128
2.933302512808679
2.9308034654874366
2.928079757521326
2.9251432658087473
2.9221283933352034
2.919178505548504
2.916281455213232
2.91341247019249
2.910563426181929
2.907734100274148
2.904924274548036
2.9021337329317447
2.8993622615748373
2.8966096501155447
2.8938756916049058
2.8911601824330004
2.8884629222571743
2.8857837139322093
2.8831223634423715
2.88047867983527
2.877852475157477
2.8752435643918366
2.8726517653957013
2.8700768987633434
2.8675187793112262
2.864977171016036
2.8624517875316156
2.859942436412834
2.8574490634148804
2.85497157945941
2.8525098463905296
2.8500638120829986
2.847633381452387
2.8452182028655737
2.8428178232915005
2.840431953867945
2.8380602823968393
2.835702276242783
2.8333576113969725
2.8310262345454227
2.828707672108428
2.826401597445413
2.8241090171405703
2.8218371137577303
2.8195936760030227
2.8173706501149143
2.815185659042507
2.8129430187695954
2.803892363792319