0.0
0.0
0.0
0.0
0.0
0.0
0.0
0.0
0.0
0.0
0.0
0.0
0.0
0.0
0.0
0.0
0.0
0.0
0.0
0.0
0.0
0.0
0.0
0.0
0.0
0.0
0.0
0.0
0.0
0.0
0.0
0.0
0.0
0.0
0.0
0.0
0.0
0.0
0.0
0.0
0.0
0.0
0.0
0.0
0.0
0.0
0.0
0.0
0.0
0.0
0.0
0.0
0.0
0.0
0.0
0.0
0.0
0.0
0.0
0.0
0.0
0.0
0.0
0.0
0.0
0.0
0.0
0.0
0.0
0.0
0.0
0.0
0.0
0.0
0.0
0.0
0.0
0.0
0.0
0.0
0.0
0.0
0.0
0.0
0.0
0.0
0.0
0.0
0.0
0.0
0.0
0.0
0.0
0.0
0.0
0.0
0.0
0.1613497203038381
0.20616491689026875
0.3196373821684157
0.3057573413019524
0.30368549944067863
0.32799254934963984
0.3456129565605006
0.3906354647020151
0.4797043560992575
0.6314819229378523
0.8610390745857518
1.1230416378604915
1.3441988698669909
1.4915952556063554
1.5701242213227593
1.6080217732639404
1.6386202544365474
1.6629342612538356
1.6934714757546534
1.742588019797991
1.80044395312184
1.8537094512919703
1.9064493579779407
1.9591605877545255
2.0129367434339036
2.0657108510233213
2.117718918051739
2.1692307317368402
2.21964354112823
2.268709795959263
2.3163876471283187
2.362290793756151
2.406143476204755
2.447688173269196
2.486517135277796
2.5225367190310584
2.5556304276822517
2.585834549654525
2.613294814383339
2.6382430257795075
2.6607707018644353
2.6807939891974737
2.697928437402213
2.7113589407735565
2.7202838368278575
2.7240193563833723
2.7223620106188933
2.715776338510518
2.7055743503796648
2.6930899921878666
2.6799088791611765
2.667191401166219
2.655668643065757
2.6455943977812826
2.636943566715366
2.629574827898305
2.6232325734952435
2.617518676383177
2.6123639624510946
2.607601961828495
2.6031001661154503
2.59876791213661
2.5945565529207655
2.590488842759428
2.586568689858673
2.58279076012744
2.5792028491730807
2.575836910683123
2.5726530290863328
2.569624550500818
2.5667504262672
2.5639736556048134
2.5612452039521045
2.558564120883973
2.555998153326417
2.5535966713378033
2.551357685874978
2.5492792065236416
2.547334103660994
2.5454452270335595
2.5435572450245822
2.5413062736330163
2.5388151447930296
2.5368820655488244
2.534319028149266
2.5321957682537333
2.529763693715359
2.527022464646294
2.52433344450952
2.521736316714593
2.519336703851276
2.517199688930945
2.515282363627636
2.5135051536966238
2.5117960607314367
2.5100545918214974
2.508212804936748
2.5061801129845778
2.503901756708036
2.501463917022147
2.4990920004927655
2.496957663405658
2.495108616425855
2.4935617849039726
2.4922358152085646
2.4909102842886184
2.489308890852592
2.4873719496647735
2.4852019919716186
2.482864598145763
2.480370926194582
2.4778289323144147
2.475352261012326
2.472927962677727
2.47052746102638
2.4681439343035394
2.4657771936496156
2.4634270543866656
2.4610933333865255
2.458775849381865
2.456474424030663
2.4541888818536672
2.4519190501735277
2.449664759055549
2.447425841250011
2.4452021321360085
2.442993469666756
2.4407996943163193
2.4386206490277216
2.436456179162072
2.4343061324023942
2.4321703517208633
2.4300486376673742
2.427940748537033
2.4258465209782587
2.4237659073448627
2.4216988309240866
2.419645173783709
2.417604890018381
2.4155778982770615
2.413563902966261
2.4115625235624827
2.4095735169203554
2.4075966208904185
2.4056313889177106
2.403677548402463
2.40173505363164
2.3998035077411903
2.39788263432185
2.3959732590945526
2.3940813599214903
2.392213443493435
2.3903627556920126
2.3885442230866207
2.386692208969018
2.3797699794604568