0.0
0.0
0.0
0.0
0.0
0.0
0.0
0.0
0.0
0.0
0.0
0.0
0.0
0.0
0.0
0.0
0.0
0.0
0.0
0.0
0.0
0.0
0.0
0.0
0.0
0.0
0.0
0.0
0.0
0.0
0.0
0.0
0.0
0.0
0.0
0.0
0.0
0.0
0.0
0.0
0.0
0.0
0.0
0.0
0.0
0.0
0.0
0.0
0.0
0.0
0.0
0.0
0.0
0.0
0.0
0.0
0.0
0.0
0.0
0.0
0.0
0.0
0.0
0.0
0.0
0.0
0.0
0.0
0.0
0.0
0.0
0.0
0.0
0.0
0.0
0.0
0.0
0.0
0.0
0.0
0.0
0.0
0.0
0.0
0.0
0.0
0.0
0.0
0.0
0.0
0.0
0.0
0.0
0.0
0.0
0.0
0.0
0.0
0.0
0.0
0.0
0.0
0.0
0.0
0.0
0.0
0.0
0.0
0.0
1.3290078920814246
1.3932885384819103
1.4823959437117151
1.5229368429973578
1.5523163743042765
1.5735677008329803
1.5972018640008414
1.6395279669375942
1.6915588296672934
1.7387743802055087
1.7842310662258989
1.8294177043409185
1.874724484363429
1.9179518501193478
1.9594839613000732
1.999544167683187
2.0371762683269345
2.0723504551820557
2.105214302652713
2.135221095562548
2.162251451393483
2.186183486323311
2.2067418245347854
2.223973292969799
2.2379366402652074
2.2487858864475156
2.256948181788638
2.2627980078319716
2.266582001242676
2.268260187834527
2.267871292859953
2.264945780906178
2.259093369402198
2.250182641039721
2.23829665201393
2.2241819358909973
2.2088425480838585
2.193363091851544
2.178569329018999
2.1652424880825216
2.153762139928086
2.14405215184317
2.1359063421623046
2.129037769490178
2.1231573732725866
2.118013182575089
2.1134080139625016
2.109189107976921
2.1052384947299663
2.1014754478849116
2.0978544085954636
2.0943868823828495
2.091069901616447
2.0878945511111633
2.0848934023606938
2.0820872200366183
2.0794413593218612
2.0769325840502866
2.074557844549255
2.0722712510158967
2.070033550182616
2.067842915801249
2.0657507896284546
2.0637941400696636
2.0619701690229344
2.0602762967963684
2.0586907398637773
2.0571531629349815
2.055621608187519
2.0538135668186444
2.0518235186287113
2.050274150346716
2.0482275635889575
2.0465343544684282
2.0445949182223297
2.0424080274802656
2.0402629522583777
2.0381911446847587
2.036276925723723
2.0345724345561336
2.033043493936889
2.031626596402198
2.030264397305468
2.028876698706748
2.0274094206381554
2.025790301768835
2.023975391596285
2.0220330682042666
2.0201430828742635
2.0184424506089744
2.016969177874532
2.0157369138653087
2.01468115824346
2.0136265072814044
2.0123524669630135
2.010811197976046
2.009084487987738
2.0072247273223995
2.005240629652172
2.0032181343049626
2.0012479493443425
1.999319789050625
1.9974108652799782
1.9955157343887717
1.993634243375765
1.991766242592001
1.989911583642554
1.9880701196333765
1.9862417060202833
1.9844262005594495
1.9826234632592163
1.9808333563331408
1.9790557441542769
1.9772904932106268
1.975537472061738
1.973796551296412
1.972067603491482
1.9703505031715265
1.968645126745384
1.966951346983553
1.9652690030512547
1.9635979004593955
1.9619379068437175
1.9602889818294462
1.9586510620100637
1.9570240511299841
1.9554079101876982
1.953802572385508
1.952207801069825
1.9506232921102793
1.949048850539302
1.9474842667025352
1.9459291845740299
1.944383385884871
1.9428468328335438
1.9413192091745382
1.939800292605798
1.9382907262910756
1.936795232256049
1.9353189669132351
1.9338565550878763
1.9324199281169576
1.9309656640199613
1.9259317385938544