0.0
0.0
0.0
0.0
0.0
0.0
0.0
0.0
0.0
0.0
0.0
0.0
0.0
0.0
0.0
0.0
0.0
0.0
0.0
0.0
0.0
0.0
0.0
0.0
0.0
0.0
0.0
0.0
0.0
0.0
0.0
0.0
0.0
0.0
0.0
0.0
0.0
0.0
0.0
0.0
0.0
0.0
0.0
0.0
0.0
0.0
0.0
0.0
0.0
0.0
0.0
0.0
0.0
0.0
0.0
0.0
0.0
0.0
0.0
0.0
0.0
0.0
0.0
0.0
0.0
0.0
0.0
0.0
0.0
0.0
0.0
0.0
0.0
0.0
0.0
0.0
0.0
0.0
0.0
0.0
0.0
0.0
0.0
0.0
0.0
0.0
0.0
0.0
0.0
0.0
0.0
0.0
0.0
0.0
0.0
0.0
0.0
0.0
0.0
0.0
0.0
0.0
0.0
0.0
0.0
0.0
0.0
0.0
0.0
0.0
1.467868535616569
1.432057521859582
1.4741978370682287
1.506328306890489
1.5309938144755593
1.5569861047009166
1.6029226373182963
1.6598344144451556
1.7123576468854707
1.7638384333386266
1.816732404380951
1.8707582465742256
1.9238396133276168
1.9766669569404949
2.029454997535849
2.0812173602116113
2.1319449109217974
2.1815378165682926
2.22965508167767
2.2760130034874515
2.3201820000340323
2.361925035365186
2.400720567152823
2.4365412112130564
2.469371739619903
2.499316950160695
2.526602930718242
2.5513401806133755
2.573431725081307
2.592407212784932
2.6076338903042715
2.618162789618559
2.6232095490147875
2.6224155870820285
2.616234424075596
2.606149351976984
2.5935698938506673
2.5802015933951625
2.5672462409349737
2.5555056386708466
2.5452387731393045
2.5364353393798527
2.528962399109476
2.5225447788190807
2.5167749769203964
2.51157418179176
2.506771740723125
2.5022339572577375
2.4978697377813615
2.4936301461928903
2.4895376670258598
2.4855958702817404
2.4817991279705143
2.478194821676795
2.47481446941409
2.4716178542202805
2.4685781053936484
2.4656939054346036
2.4629081955619383
2.4601719377834743
2.4574840614867384
2.4549119341991155
2.452504532449946
2.450259656633441
2.44817512685798
2.4462237564265465
2.4443286003204268
2.442434614009126
2.4401820320780043
2.4377056746992576
2.4357740548786193
2.433227115953477
2.431117681823198
2.428701795138298
2.4259791764910106
2.4233088759908004
2.4207302449493615
2.4183480884008
2.41622693387757
2.414324100949908
2.4125605488278756
2.4108648036294245
2.4091371424370194
2.4073101880948458
2.4052941225257127
2.4030346813339807
2.400617381804808
2.398265762737724
2.3961499710682683
2.394317205203158
2.392784164143749
2.391470179963304
2.3901568062239917
2.3885702437788656
2.3866514079669634
2.3845019821396116
2.3821870180057303
2.3797176104946756
2.3772007089606277
2.3747488609723892
2.3723492227995218
2.3699734856259966
2.367614886421815
2.3652732298701085
2.3629483250046577
2.360639982599122
2.358348015469442
2.356072239521528
2.3538124736837336
2.3515685398411685
2.349340262771804
2.347127470084298
2.3449299921574975
2.342747662081551
2.340580315600591
2.3384277910569264
2.3362899293364086
2.3341665737708257
2.3320575631964955
2.329962694713458
2.3278817238458838
2.325814483629739
2.3237609214694084
2.321720956174313
2.319694465955041
2.3176814002233157
2.3156816735442374
2.313694989223856
2.311720966941957
2.30975936211035
2.307809911593449
2.3058721705235414
2.3039458657527754
2.302030948069257
2.3001270221103547
2.2982338112212837
2.2963521241511313
2.294487847011286
2.2926473874666975
2.290824079703826
2.28903264782005
2.2872103099817522
2.2805687734567424