0.0
0.0
0.0
0.0
0.0
0.0
0.0
0.0
0.0
0.0
0.0
0.0
0.0
0.0
0.0
0.0
0.0
0.0
0.0
0.0
0.0
0.0
0.0
0.0
0.0
0.0
0.0
0.0
0.0
0.0
0.0
0.0
0.0
0.0
0.0
0.0
0.0
0.0
0.0
0.0
0.0
0.0
0.0
0.0
0.0
0.0
0.0
0.0
0.0
0.0
0.0
0.0
0.0
0.0
0.0
0.0
0.0
0.0
0.0
0.0
0.0
0.0
0.0
0.0
0.0
0.0
0.0
0.0
0.0
0.0
0.0
0.0
0.0
0.0
0.0
0.0
0.0
0.0
0.0
0.0
0.0
0.0
0.0
0.0
0.0
0.0
0.0
0.0
0.0
0.0
0.0
0.0
0.0
0.0
0.0
0.0
0.0
0.10974899354846199
0.11105731104478968
0.27813670686733993
0.25523952355126883
0.2455203304544218
0.24585883171779854
0.2506715955632773
0.2716897363878654
0.3180527368484254
0.39198108306037466
0.47252146858090466
0.4893953673651806
0.7286853675029745
1.4019667470723833
1.387043236437808
1.428154557700286
1.4607323355266086
1.4874914505757453
1.5149496273253875
1.5620335650464041
1.620830299925457
1.6759251007948646
1.7301930807637669
1.7868858471944533
1.8453223846557734
1.90377770448476
1.9630494368677167
2.0232202971585407
2.0835338666657557
2.144179452929039
2.2051152606785545
2.265940965502902
2.3265146453905325
2.3865169679546234
2.4456209124444834
2.5034897315152294
2.5598339360787405
2.6145110392524726
2.667559024245804
2.7191897810677963
2.7693016246608453
2.817818920128025
2.8641674464306113
2.907220913658155
2.9454056431746123
2.977043754760198
3.0009184549840473
3.0165914156894695
3.024804460786323
3.0270512270374317
3.0252582720160466
3.0212417643669585
3.0163949674143793
3.0115772697334187
3.007292426865042
3.0036237831979524
3.0004428624987867
2.997677311516361
2.9951532361193856
2.9927502427774444
2.9903146769239712
2.987792889899425
2.9851460164837995
2.9824207306394217
2.9796724986994385
2.9769110570361943
2.9742140140696094
2.97163977103325
2.9691571570393953
2.966758294206551
2.964440482156353
2.962141307257956
2.9598182766684005
2.957460412552512
2.9551703360051143
2.953018376627672
2.9510238723189968
2.949192396335531
2.9474971762414794
2.9458468010189733
2.9441710598667306
2.9420167154165164
2.9395191249247308
2.9375367053279002
2.9351158018299297
2.9332393324507158
2.93091897523147
2.9281184523146435
2.9253184012968747
2.922576504519803
2.920041763693842
2.9178148971546936
2.9158525350603246
2.914058700962156
2.9123433787906583
2.910575539778532
2.9086616997886447
2.906477330235526
2.9039404063716785
2.901159130105578
2.8984308097451827
2.895991049114644
2.8939119589780553
2.892226471338162
2.8908348568983566
2.8894493101007854
2.887700417318274
2.8855011281529883
2.882980791076694
2.8802222944296703
2.8772378574568895
2.874168611638571
2.871165983230832
2.8682143732287537
2.8652768573888583
2.8623448831146967
2.8594184997728487
2.856497630110065
2.8535821741809877
2.8506828825732518
2.8478042058794
2.8449459055055484
2.842107746923447
2.8392894995780873
2.836490936797939
2.833711835707753
2.830951977143811
2.828211145571568
2.8254891290055806
2.8227857189307928
2.820100710139755
2.817433891821908
2.814785000636635
2.812153721399282
2.8095398372829226
2.806943275678939
2.8043639279794927
2.801801634877741
2.799256326848667
2.7967278898197447
2.7942159433073366
2.7917200020919597
2.789239752130623
2.786774855494169
2.7843247459229152
2.7818890745530513
2.779467773754776
2.7770603400474836
2.774666423604497
2.7722870606568004
2.769929691559197
2.767602372071902
2.765296739082101
2.7630309937250597
2.7607048525171995
2.7515348534263855