0.0
0.0
0.0
0.0
0.0
0.0
0.0
0.0
0.0
0.0
0.0
0.0
0.0
0.0
0.0
0.0
0.0
0.0
0.0
0.0
0.0
0.0
0.0
0.0
0.0
0.0
0.0
0.0
0.0
0.0
0.0
0.0
0.0
0.0
0.0
0.0
0.0
0.0
0.0
0.0
0.0
0.0
0.0
0.0
0.0
0.0
0.0
0.0
0.0
0.0
0.0
0.0
0.0
0.0
0.0
0.0
0.0
0.0
0.0
0.0
0.0
0.0
0.0
0.0
0.0
0.0
0.0
0.0
0.0
0.0
0.0
0.0
0.0
0.0
0.0
0.0
0.0
0.0
0.0
0.0
0.0
0.0
0.0
0.0
0.0
0.0
0.0
0.0
0.0
0.0
0.0
0.0
0.0
0.0
0.0
0.0
0.0
0.0
0.0
0.0
0.0
0.0
0.0
0.0
0.0
0.0
0.0
0.0
0.0
0.0
0.0
1.4153593757720955
1.3347323102869528
1.3685475648663148
1.3934518244682663
1.416657563572685
1.4596191975998283
1.5146478364425604
1.566004212898267
1.6152513959655193
1.6665868005631037
1.7186714250173312
1.7698155676599718
1.8209358869180767
1.871733212030745
1.921292074002312
1.9697685656909687
2.016983009851371
2.0626165032108514
2.106248556401361
2.147528568878905
2.18624506425431
2.221919397535303
2.2544667542928707
2.283660229879551
2.3097080652772783
2.3327087004023146
2.3528397757266215
2.370301129317404
2.384733693068303
2.39549977046961
2.401756415145071
2.402854161201465
2.3984796479620547
2.3892837401877913
2.3765698463739704
2.361913815998156
2.3469275236412597
2.3327977061287974
2.3201677289572387
2.3093272460947336
2.300051492745523
2.29221807334367
2.285520340608514
2.2796686901516634
2.2744266312809063
2.269609932720977
2.2650790910123413
2.2607412349912797
2.2565458872571678
2.252510809026866
2.2486360569837536
2.244927018379674
2.241422893939081
2.238147493031838
2.235060181849228
2.232133725388423
2.229364289318615
2.226698260321932
2.2240899090880553
2.22153720292402
2.2190999749385
2.216821086187281
2.214697172269557
2.212725083004747
2.2108792766399046
2.20908950727761
2.2073063186212947
2.205201981430375
2.2028878315059695
2.201084404084015
2.1987050986233974
2.1967356871763655
2.1944803910692268
2.1919385994839136
2.189445992221982
2.187039185247202
2.1848159854848226
2.1828366546170788
2.1810613311081335
2.1794162096786014
2.177834621962333
2.1762235081705907
2.1745200748488256
2.17264055989048
2.1705342650811508
2.168280828857873
2.166088718263771
2.16411661158655
2.1624084439195386
2.160979802935729
2.1597556180695925
2.1585324034269027
2.1570548703864874
2.1552678750209626
2.153266253824997
2.1511107161312286
2.1488115470314724
2.146468361575512
2.144186068434088
2.1419527045904214
2.1397418847624765
2.1375473001654774
2.1353687620808737
2.1332060860108437
2.1310590892416883
2.128927591120526
2.1268114140266627
2.124710383304388
2.1226243271976117
2.120553076786315
2.118496465924733
2.1164543311812163
2.114426511779723
2.1124128495428813
2.1104131888365742
2.108427376515802
2.1064552618367944
2.1044966900336717
2.102551467706122
2.100619362887131
2.0987002156865833
2.096793972610889
2.094900553704612
2.093019841323613
2.0911517840751346
2.0892962984398897
2.0874531048782923
2.085621846259566
2.0838022916589063
2.0819941932047565
2.0801971343573684
2.0784108579734055
2.076635315100595
2.0748701355713117
2.0731150587143365
2.0713708271907363
2.069642892641565
2.0679371976451213
2.0662475438882777
2.064587643240313
2.0629037964248926
2.0570410815972315