0.0
0.0
0.0
0.0
0.0
0.0
0.0
0.0
0.0
0.0
0.0
0.0
0.0
0.0
0.0
0.0
0.0
0.0
0.0
0.0
0.0
0.0
0.0
0.0
0.0
0.0
0.0
0.0
0.0
0.0
0.0
0.0
0.0
0.0
0.0
0.0
0.0
0.0
0.0
0.0
0.0
0.0
0.0
0.0
0.0
0.0
0.0
0.0
0.0
0.0
0.0
0.0
0.0
0.0
0.0
0.0
0.0
0.0
0.0
0.0
0.0
0.0
0.0
0.0
0.0
0.0
0.0
0.0
0.0
0.0
0.0
0.0
0.0
0.0
0.0
0.0
0.0
0.0
0.0
0.0
0.0
0.0
0.0
0.0
0.0
0.0
0.0
0.0
0.0
0.0
0.0
0.0
0.0
0.0
0.0
0.0
0.0
0.0
0.0
0.0
0.0
0.0
0.0
0.0
0.0
0.0
0.0
0.0
0.0
0.0
0.0
1.3275118254832758
1.2623020680547263
1.2972928196796571
1.3223021274906943
1.3440438832016315
1.3852471013080685
1.4390154984389594
1.489542052433393
1.5373770923841816
1.587316287609005
1.6376791790447804
1.6870268564370505
1.7363334503073475
1.7850475828315038
1.8321673598994077
1.8780347275143123
1.9224817053361105
1.96496574000451
2.0051603570755328
2.042786249968876
2.0775656054266154
2.109165362363785
2.1373295407941892
2.1620995404809373
2.183437876341886
2.2016424119311475
2.216981887499682
2.2296101677732567
2.2393563583334273
2.2456121586976274
2.247739829978871
2.2451699979366486
2.2378426515809453
2.2263608760587568
2.212061539630736
2.196449303762756
2.1809448690061988
2.1666508157695956
2.153969995989849
2.1431590917808565
2.134081140335182
2.126450038850718
2.1199503078887005
2.1143095346520986
2.109288078909216
2.1047015066665167
2.100413344933742
2.0963330724139615
2.0924101879312635
2.0886565106930295
2.085068388009273
2.081635863211302
2.0783937587579357
2.0753640412354843
2.0725089762246007
2.0698032456965776
2.0672432770109292
2.0647794318661736
2.062369353558729
2.0600110626733503
2.057759813774995
2.055655183920082
2.0536939942146546
2.051873296045573
2.0501695040089185
2.048517721716511
2.0468726006983813
2.044931279930023
2.042795954674243
2.041133203722489
2.0389385908305084
2.0371230310871034
2.035044208074348
2.0327013554385247
2.030404255997256
2.0281865585046877
2.0261383507454225
2.0243151423296597
2.0226801533120193
2.0211653426137097
2.019709313245207
2.01822635503428
2.016658707381031
2.0149292961604646
2.012991431572096
2.0109183646765345
2.008901947509977
2.0070881650576626
2.0055173367613928
2.0042037669236983
2.003078469397981
2.00195440456776
2.0005967909417675
1.9989549213151028
1.997116082469727
1.9951361832724652
1.993024677552613
1.990873105198406
1.9887778891333014
1.9867280299059413
1.984699276635715
1.982685827130278
1.9806875019680024
1.978704125726982
1.9767355247448715
1.974781527370161
1.9728419648511009
1.9709166712711335
1.9690054834861241
1.967108241063317
1.9652247862219707
1.9633549637756085
1.9614986210758358
1.959655607957673
1.9578257766863532
1.9560089819054016
1.9542050805581086
1.9524139260294688
1.950635336481991
1.9488690948832788
1.9471150502079175
1.9453731488330768
1.943643312994298
1.9419254304865352
1.9402194497355658
1.938525289956993
1.9368426914164314
1.9351713236419643
1.9335109716472925
1.9318614052275516
1.9302222403250324
1.9285932384996398
1.9269743515848927
1.9253652384075692
1.9237656573516837
1.922176279190641
1.9206020660897154
1.9190484298686885
1.91750970616636
1.9159984164128248
1.9144683704541134
1.9093066045529328