0.0
0.0
0.0
0.0
0.0
0.0
0.0
0.0
0.0
0.0
0.0
0.0
0.0
0.0
0.0
0.0
0.0
0.0
0.0
0.0
0.0
0.0
0.0
0.0
0.0
0.0
0.0
0.0
0.0
0.0
0.0
0.0
0.0
0.0
0.0
0.0
0.0
0.0
0.0
0.0
0.0
0.0
0.0
0.0
0.0
0.0
0.0
0.0
0.0
0.0
0.0
0.0
0.0
0.0
0.0
0.0
0.0
0.0
0.0
0.0
0.0
0.0
0.0
0.0
0.0
0.0
0.0
0.0
0.0
0.0
0.0
0.0
0.0
0.0
0.0
0.0
0.0
0.0
0.0
0.0
0.0
0.0
0.0
0.0
0.0
0.0
0.0
0.0
0.0
0.0
0.0
0.0
0.0
0.0
0.0
0.0
0.0
0.0
0.0
0.0
0.0
0.0
0.0
0.0
0.0
0.0
0.0
0.0
0.0
0.0
0.0
1.3713160559900273
1.2965698955808123
1.3307970510453122
1.3551296405960194
1.3757807220745597
1.4152117917249656
1.4667988720080853
1.5152845129910724
1.5600725399415911
1.60665553792335
1.6527470912934938
1.6973537821120412
1.741414822354755
1.7841785397835657
1.8250461656306647
1.8640384270713803
1.9008406059560357
1.9351523137541455
1.9668740360726584
1.9958052018218153
2.0215485273044616
2.0439953883137374
2.06297541184401
2.0785797244996704
2.0909281026996798
2.10048959941828
2.10749304603715
2.1122184261731283
2.114518075563863
2.1141672871927506
2.110713303809375
2.1037657942715877
2.093312573754767
2.079991905568945
2.06492113479803
2.0493091658042384
2.0342298114908277
2.0206238511165053
2.0089538296327936
1.9991635097135738
1.9910374877568755
1.9842657638856023
1.9785373052383948
1.9735793335715721
1.9691745604048565
1.965156728548919
1.9614033118428715
1.9578336746100162
1.9544029519297028
1.9511212524408887
1.9479852632278503
1.9449861092011507
1.9421541230308235
1.9395084464059538
1.9370159857543
1.9346545098157777
1.9324208779145722
1.9302717003642358
1.9281699353188362
1.9261137561764277
1.9241513189067025
1.922317107452546
1.9206082727832368
1.91902219893758
1.917538329366312
1.9161000835526298
1.91466827675933
1.9129788169656834
1.9111201416286463
1.909674207819674
1.9077649290747392
1.906186480757151
1.9043795286554528
1.902343244601372
1.9003472774707166
1.8984207657026222
1.8966419185720422
1.8950589076161963
1.8936397058775545
1.8923251617065198
1.8910619745136277
1.8897757473306236
1.8884164298818589
1.8869172243562569
1.8852376543767781
1.8834412304823103
1.8816942875561347
1.880123299530309
1.8787630559053274
1.8776258657991252
1.8766520048082225
1.8756795985818162
1.8745053817859652
1.873085510758224
1.871495676052998
1.8697843974705075
1.8679598991752207
1.8661013666035873
1.8642921835682593
1.862522824599755
1.8607723196562032
1.8590356495337017
1.857312653965638
1.8556031761917275
1.8539070610243982
1.852224155066271
1.8505543074771342
1.8488973699178717
1.847253196495927
1.8456216437122335
1.8440025704095893
1.8423958377224061
1.840801309027799
1.8392188498979787
1.8376483280538918
1.836089613319999
1.8345425775600888
1.8330070896722093
1.8314829884481332
1.8299700825975869
1.828468237494822
1.8269774020270906
1.8254975043914858
1.824028443270481
1.822570169259185
1.821122608042541
1.81968553243143
1.8182586550125617
1.8168417873490457
1.8154347283089507
1.81403714567442
1.812648831749618
1.811269741414843
1.8098995798668973
1.8085381370053863
1.807185977300878
1.8058473146453158
1.8045267432183745
1.803219425672853
1.8019360186967146
1.800639340217374
1.796356231622406