0.0
0.0
0.0
0.0
0.0
0.0
0.0
0.0
0.0
0.0
0.0
0.0
0.0
0.0
0.0
0.0
0.0
0.0
0.0
0.0
0.0
0.0
0.0
0.0
0.0
0.0
0.0
0.0
0.0
0.0
0.0
0.0
0.0
0.0
0.0
0.0
0.0
0.0
0.0
0.0
0.0
0.0
0.0
0.0
0.0
0.0
0.0
0.0
0.0
0.0
0.0
0.0
0.0
0.0
0.0
0.0
0.0
0.0
0.0
0.0
0.0
0.0
0.0
0.0
0.0
0.0
0.0
0.0
0.0
0.0
0.0
0.0
0.0
0.0
0.0
0.0
0.0
0.0
0.0
0.0
0.0
0.0
0.0
0.0
0.0
0.0
0.0
0.0
0.0
0.0
0.0
0.0
0.0
0.0
0.0
0.0
0.0
0.0
0.0
0.0
0.0
0.0
0.0
0.0
0.0
0.0
0.0
0.0
0.0
0.0
0.0
0.2855499201871097
0.3837620870437353
0.5000127959377552
0.6136607955280702
0.7171971652183323
0.8016245771027743
0.8581658627115318
0.8900152744940377
0.906506708472495
0.9130456150503233
0.9124701979369321
0.9062607373727842
0.8938697135275883
0.8770206690944344
0.8603259974675056
0.8445791544069804
0.8302394506374732
0.8176734135571236
0.8066917386240497
0.7970004538032128
0.7885014319451202
0.7809223070226994
0.7739485883588272
0.7674695663493095
0.7615298322648847
0.7562838321931291
0.7518020385167915
0.7479419678366586
0.7446145689128039
0.7418634749264836
0.7395816120465263
0.7376080620988604
0.7358993701330396
0.7343839363153146
0.7329625982041511
0.731612829262973
0.7303473854895464
0.7291622019441227
0.7280535354202704
0.7270065742294484
0.7259925152772226
0.7249989463440901
0.7240358796850094
0.7231092773904327
0.7222178378088547
0.721360324299701
0.7205323287593021
0.7197231202054073
0.7189262706281297
0.718161504813618
0.717446906179266
0.7167807202536163
0.7161613310859458
0.7155867353693092
0.7150367873167759
0.7144927255691824
0.7139544770772418
0.7134219700981536
0.7128951385163858
0.7123786056191144
0.7118863658955642
0.7114272619214191
0.7110004329360987
0.7106050812434063
0.7102359908680196
0.7098789669073207
0.7095246127719175
0.7091071124509186
0.7086479355445302
0.7082927230743364
0.7078233132242878
0.7074369290361242
0.7069955977297595
0.7064991707250983
0.7060139481290666
0.7055468498754133
0.7051166712955722
0.70473484818482
0.7043933874675286
0.7040778440885694
0.7037753406956831
0.7034680095195911
0.7031439853733386
0.7027874781179281
0.7023890189559051
0.701963864114497
0.7015515178467628
0.7011817126989432
0.7008622987963236
0.7005958877458937
0.7003683360398922
0.7001417583246008
0.6998686931200779
0.6995391462268009
0.6991711137886133
0.6987761918745816
0.6983564874712513
0.6979304163597061
0.6975171936775858
0.6971145635927647
0.6967176841406382
0.696325391005488
0.695937632698245
0.6955543587310365
0.6951755191766436
0.6948010647169586
0.6944309468130025
0.6940651176886479
0.6937035303147557
0.6933461383937178
0.6929928963443904
0.6926437592874073
0.6922986830308615
0.6919576240563446
0.6916205395053332
0.6912873871659105
0.6909581254598175
0.6906327134298192
0.69031111072738
0.6899932776006378
0.6896791748826687
0.6893687639800348
0.6890620068616052
0.6887588660476434
0.6884593045991549
0.6881632861074855
0.6878707746841636
0.6875817349509817
0.6872961320303085
0.6870139315356252
0.6867350995622817
0.6864596026784638
0.6861874079163698
0.6859184827635847
0.685652795154654
0.6853903134628457
0.6851310064920988
0.684874843469151
0.6846217940358187
0.6843718281754673
0.6841247409003656
0.6834124827173207