0.0
0.0
0.0
0.0
0.0
0.0
0.0
0.0
0.0
0.0
0.0
0.0
0.0
0.0
0.0
0.0
0.0
0.0
0.0
0.0
0.0
0.0
0.0
0.0
0.0
0.0
0.0
0.0
0.0
0.0
0.0
0.0
0.0
0.0
0.0
0.0
0.0
0.0
0.0
0.0
0.0
0.0
0.0
0.0
0.0
0.0
0.0
0.0
0.0
0.0
0.0
0.0
0.0
0.0
0.0
0.0
0.0
0.0
0.0
0.0
0.0
0.0
0.0
0.0
0.0
0.0
0.0
0.0
0.0
0.0
0.0
0.0
0.0
0.0
0.0
0.0
0.0
0.0
0.0
0.0
0.0
0.0
0.0
0.0
0.0
0.0
0.0
0.0
0.0
0.0
0.0
0.0
0.0
0.0
0.0
0.0
0.0
0.0
0.0
0.0
0.0
0.0
0.0
0.0
0.0
0.0
0.0
0.0
0.0
0.0
0.0
1.4189860445820637
1.3413050476172819
1.3756390763969357
1.4016144268552568
1.423952712081691
1.4643808925921462
1.5170883839918128
1.5674298039880838
1.6139820511087737
1.6628919538299718
1.7115566617256546
1.759357464000623
1.8073354056618651
1.8545908682038796
1.90048258805954
1.9451974786758028
1.9885672701330852
2.0302150730864046
2.06980479486562
2.1070708768530477
2.1417887298594875
2.1736340499781734
2.2024614177592547
2.2281353256524215
2.2505646665070835
2.2699972303816236
2.2868059645298824
2.301038300510861
2.3125753571796497
2.32096329486724
2.3254643090984026
2.3254868098790555
2.320808580909997
2.3119053713738356
2.299996465203503
2.2864351046704976
2.2727100534827507
2.2598797369756403
2.2485919057515664
2.238864626756197
2.230730741925825
2.2239266706749095
2.218156687174268
2.2131508388287284
2.2086911163997165
2.204609685000736
2.2007823135243876
2.1971275393012153
2.1936090665719066
2.1902461404196676
2.187035040440485
2.183966455364422
2.1810710861317095
2.1783680535830268
2.1758232354879246
2.17341370256589
2.1711359538265076
2.1689455746530033
2.1668047691422134
2.164711688896972
2.162715224301923
2.1608502253076094
2.159113601940804
2.157502488721578
2.155995796319181
2.1545360031317364
2.153082980093966
2.151369513859667
2.1494863150163996
2.148020926710827
2.1460883191386912
2.1444907529016817
2.142662963122343
2.1406048935134288
2.138588944342289
2.1366445174539743
2.134850319263577
2.1332545406037964
2.1318245719338176
2.1305006221085874
2.129228878054408
2.1279344589908664
2.126567052964836
2.1250596745581043
2.123372033546077
2.1215683423244145
2.1198156368226613
2.118240507653782
2.116877480960316
2.1157384795025185
2.1147633051241326
2.1137897280432654
2.1126145965739287
2.1111944971781633
2.1096054444213297
2.107896173299626
2.10607523171325
2.104221829342475
2.1024190227617106
2.1006572239204404
2.0989155190202893
2.0971888982814253
2.0954771872334312
2.093780215145296
2.0920978131010513
2.0904298142138082
2.088776054381411
2.0871363722251113
2.0855106090299182
2.0838986086865794
2.082300217635132
2.0807152848099792
2.0791436615864316
2.077585201728681
2.0760397613391524
2.074507198809067
2.0729873747464254
2.071480147042836
2.069985344304945
2.068502766074231
2.0670322678054207
2.0655737867898445
2.0641272400767408
2.0626925160140606
2.0612695536745416
2.059858267740011
2.0584584241795074
2.0570697310781396
2.0556919934405973
2.0543250043325147
2.052968430339188
2.0516220597579204
2.0502858386168166
2.048959471582015
2.0476427465460114
2.0463362019438365
2.045043893243047
2.043770221089274
2.042510501361009
2.0412749278855853
2.040025465973973
2.0357983030377738