0.0
0.0
0.0
0.0
0.0
0.0
0.0
0.0
0.0
0.0
0.0
0.0
0.0
0.0
0.0
0.0
0.0
0.0
0.0
0.0
0.0
0.0
0.0
0.0
0.0
0.0
0.0
0.0
0.0
0.0
0.0
0.0
0.0
0.0
0.0
0.0
0.0
0.0
0.0
0.0
0.0
0.0
0.0
0.0
0.0
0.0
0.0
0.0
0.0
0.0
0.0
0.0
0.0
0.0
0.0
0.0
0.0
0.0
0.0
0.0
0.0
0.0
0.0
0.0
0.0
0.0
0.0
0.0
0.0
0.0
0.0
0.0
0.0
0.0
0.0
0.0
0.0
0.0
0.0
0.0
0.0
0.0
0.0
0.0
0.0
0.0
0.0
0.0
0.0
0.0
0.0
0.0
0.0
0.0
0.0
0.0
0.0
0.05937785158874487
0.06101072997033639
0.26621911690876005
0.24338350416488186
0.23387620206158388
0.23427421739518245
0.2389213654588673
0.251394819850226
0.2878730633415031
0.34175456539305116
0.3947683380512808
0.35630529046433385
0.5115340448943826
1.4036506423432948
1.3927519281549958
1.4379780719497288
1.4704530706787504
1.4978711771155968
1.523181273432569
1.5663727648810484
1.6219530173721355
1.675513253047905
1.7256650734327814
1.7789015147163798
1.8324489322549395
1.8861528852093468
1.9410175804247483
1.9961253833471768
2.0511489966817584
2.106482835783773
2.16169988000128
2.216655883168347
2.271113852823146
2.324805003436074
2.3775264895212924
2.428765821481622
2.478341785728289
2.5258338197088945
2.571216344515767
2.6145718530036577
2.655848837006918
2.695217566248117
2.7322030389530068
2.76592432264503
2.79511871967996
2.818247842019772
2.8342181067070094
2.8426250281463163
2.84436260375464
2.8408509004198264
2.8340592441677965
2.8258995426269884
2.817665911182369
2.8101369509403096
2.8036064717814133
2.798057941708299
2.7933036982499377
2.7891556553008576
2.7854204196478913
2.7819298453181682
2.7785686725325287
2.7752392313198873
2.7719135765878606
2.768611025672469
2.7653730756673687
2.762216089843402
2.759199917405019
2.756367589845235
2.753684357274013
2.7509834556116055
2.7484069118694823
2.745899139089982
2.7434115208345156
2.740945159272718
2.7385734220889364
2.736351623607634
2.7342810288167345
2.732362527081276
2.730570345748601
2.7288256930789045
2.727070392294001
2.724925595574463
2.7225137714629377
2.720668740994657
2.718289139015426
2.7163791181769423
2.7141120978311792
2.7114727329482213
2.7088610552071333
2.7063231538239645
2.703979397613013
2.701907573998732
2.7000661066450533
2.698371443258807
2.6967466970226694
2.695082268979577
2.6933020657530746
2.691304583864643
2.6890257304648952
2.6865572681429537
2.684145256545152
2.6819803115544336
2.6801178323171384
2.678580207020903
2.67728164846791
2.675982969840532
2.67438093945069
2.672406717575903
2.6701775061297517
2.6677781861095387
2.665220789800691
2.6626163012182626
2.6600809209726983
2.6576012218085325
2.6551479240807065
2.6527140247703525
2.650299297507617
2.647903520925821
2.6455264759612023
2.6431679461564235
2.6408277187256557
2.638505584471831
2.6362013377062268
2.633914776170318
2.6316457009598087
2.6293939164507742
2.627159230227837
2.6249414530143196
2.622740398604295
2.620555883796026
2.618387728270875
2.616235747457183
2.614099714648831
2.6119793614979763
2.6098744992413927
2.60778505563961
2.6057109294599976
2.60365197856411
2.6016081332040835
2.5995792881230226
2.5975651243287916
2.5955652392341304
2.593579368433643
2.5916072291960406
2.5896483563183947
2.587702459287659
2.585769473549114
2.583848986207851
2.581940706311217
2.580045441346999
2.5781690987559904
2.57631807666908
2.574485661087053
2.572686471905113
2.5708507342408384
2.5639860888338424