0.0
0.0
0.0
0.0
0.0
0.0
0.0
0.0
0.0
0.0
0.0
0.0
0.0
0.0
0.0
0.0
0.0
0.0
0.0
0.0
0.0
0.0
0.0
0.0
0.0
0.0
0.0
0.0
0.0
0.0
0.0
0.0
0.0
0.0
0.0
0.0
0.0
0.0
0.0
0.0
0.0
0.0
0.0
0.0
0.0
0.0
0.0
0.0
0.0
0.0
0.0
0.0
0.0
0.0
0.0
0.0
0.0
0.0
0.0
0.0
0.0
0.0
0.0
0.0
0.0
0.0
0.0
0.0
0.0
0.0
0.0
0.0
0.0
0.0
0.0
0.0
0.0
0.0
0.0
0.0
0.0
0.0
0.0
0.0
0.0
0.0
0.0
0.0
0.0
0.0
0.0
0.0
0.0
0.0
0.0
0.0
0.0
0.0
0.0
0.0
0.0
0.0
0.0
0.0
0.0
0.0
0.0
0.0
0.0
0.0
1.4998088818645243
1.4666929057669633
1.5105783286228398
1.5411024564036417
1.5670890193376033
1.5909286903810482
1.6338258861306267
1.6890747498747434
1.741370210821877
1.7895200662320219
1.84063083982891
1.8914656474656746
1.9421176023076077
1.9936103114289425
2.0449730389111993
2.0957885688355464
2.1464829606674436
2.1965014075313904
2.2456032575633533
2.2938488197784768
2.3409126973474046
2.3864661111676075
2.430072453252625
2.471331444600636
2.5101158179304557
2.5462980105593522
2.5799765102044785
2.6112525508171185
2.64027762391994
2.6666429102970746
2.689590828172305
2.707984649744902
2.720708175149661
2.726854477160871
2.726417377266142
2.720358831374487
2.7103053163458264
2.6982427432796157
2.685932908015394
2.6744513882505774
2.6643486014858957
2.6557604439977465
2.6485077158198864
2.6423168882077746
2.6369092315594846
2.6320798088576414
2.627636988483289
2.623294044849344
2.619096506279049
2.614996666634963
2.6110205603847474
2.607175391580419
2.603458133423613
2.599920349522695
2.596597169107791
2.5934497971154875
2.5904523111627378
2.5876050584532484
2.5848506456767937
2.582139554993311
2.5794714205784475
2.5769162998013604
2.5745256187708754
2.5722981091359958
2.5702324016449634
2.568301292751025
2.566426245974042
2.5645505296556927
2.5623022672013445
2.559806017364824
2.5578784833562143
2.555322012455728
2.5532332249699263
2.5507983660525353
2.5480100715381884
2.5452654999883615
2.5426156557218325
2.5401681389674353
2.5379890545098296
2.536034428275083
2.5342230101964853
2.532481326708025
2.5307069828127933
2.5288307881589396
2.5267606003261895
2.5244409169835387
2.5219597358767314
2.5195464760859467
2.517375584551132
2.515495364078989
2.513922763547571
2.5125748311785365
2.511227407365943
2.5095998670822444
2.507631841186386
2.50542768388642
2.503054141106484
2.500522740673988
2.4979431679092734
2.4954306737932774
2.4929720592955205
2.4905383209207494
2.4881225284896575
2.4857244765998843
2.4833439644124016
2.4809807929771903
2.478634765541494
2.476305688619175
2.473993371918808
2.4716976282737617
2.4694182735741936
2.467155126700899
2.4649080094609515
2.4626767465250756
2.460461165366699
2.4582610962026252
2.4560763719349157
2.4539068280446488
2.4517522954811213
2.449612562654646
2.4474873757059603
2.445376560076407
2.443280057961837
2.441197782379661
2.439129605012867
2.437075470189805
2.435035286604688
2.4330087475830227
2.430995461467149
2.428995175146792
2.427007616663084
2.4250323291669997
2.423069031117716
2.4211176690238445
2.4191778370042814
2.4172492508406247
2.4153327338391013
2.413434276370543
2.4115603891480517
2.4097042873625694
2.407880897140823
2.40602349130652
2.3991514608641022