0.0
0.0
0.0
0.0
0.0
0.0
0.0
0.0
0.0
0.0
0.0
0.0
0.0
0.0
0.0
0.0
0.0
0.0
0.0
0.0
0.0
0.0
0.0
0.0
0.0
0.0
0.0
0.0
0.0
0.0
0.0
0.0
0.0
0.0
0.0
0.0
0.0
0.0
0.0
0.0
0.0
0.0
0.0
0.0
0.0
0.0
0.0
0.0
0.0
0.0
0.0
0.0
0.0
0.0
0.0
0.0
0.0
0.0
0.0
0.0
0.0
0.0
0.0
0.0
0.0
0.0
0.0
0.0
0.0
0.0
0.0
0.0
0.0
0.0
0.0
0.0
0.0
0.0
0.0
0.0
0.0
0.0
0.0
0.0
0.0
0.0
0.0
0.0
0.0
0.0
0.0
0.0
0.0
0.0
0.0
0.0
0.07018897552328182
0.1361676311419836
0.12669517416431855
0.11643856007222643
0.10562838483254312
0.10223552147126726
0.10231690409524506
0.1040017395473001
0.10592452972983633
0.10641310299863713
0.10529354686044129
0.10276846996935768
0.1376615346946896
1.3712194087932674
1.4387106743106024
1.5320012210924285
1.5758320081013941
1.60445965317181
1.6285689757817876
1.650022991329662
1.6902886311629686
1.7424889377009036
1.7917881236101436
1.8360703755444496
1.8829210731476953
1.9285863274093398
1.9736912653934808
2.0188530588529083
2.0629777253434476
2.106062956129206
2.1482967268433804
2.189159308859034
2.228421395414487
2.265850427647979
2.3013941073073063
2.3348044252345717
2.3656698543784214
2.39380932822539
2.4190364318096025
2.4413593575317205
2.4609621175319507
2.47795241460785
2.492597383363474
2.5046700892293554
2.5138081021988308
2.519102766434676
2.5199354902312057
2.515804612216146
2.507100752461216
2.494909223224823
2.4807128857429053
2.46611185573181
2.4523484857034834
2.4401132213986787
2.429710090676855
2.4209075698730693
2.413559141849718
2.4073362470506248
2.401936922517223
2.3971206191898875
2.3927053076112905
2.388557099442066
2.3845882512202925
2.3807512356738783
2.3770620414102095
2.3735206122510237
2.370119576168787
2.3668974914993104
2.3638815528843553
2.3610392312486814
2.3583453993004064
2.355796494793156
2.3533431360202584
2.3509432147377263
2.348594840133125
2.3463530385064866
2.3442571981075413
2.342304170908418
2.3404910120261087
2.338794199643259
2.3371491267285243
2.335510372190795
2.333576736648603
2.3314505684852267
2.329794050535409
2.327608783705105
2.3258004023951635
2.3237298858989632
2.3213968052848486
2.319109402006928
2.3169012440660253
2.3148619986006196
2.3130468322774123
2.311419075241627
2.3099109757616594
2.308461377649165
2.3069849801709665
2.305424276053391
2.3037025948913765
2.3017736140393446
2.2997103965145853
2.29770386016085
2.295899167075629
2.294336369846605
2.293029577414808
2.29191000631855
2.2907915152405165
2.289440721947394
2.2878073660215765
2.285978312616276
2.2840091890781062
2.281909526510139
2.279770396903559
2.27768758418024
2.275650134209144
2.2736339564667065
2.2716332932988093
2.2696479712483644
2.267677820617273
2.265722673250458
2.2637823627939984
2.2618567255844813
2.2599456005915153
2.258048829361787
2.2561662559645916
2.254297726938807
2.2524430912412536
2.250602200196402
2.2487749074473857
2.2469610689082775
2.245160542717407
2.243373189159843
2.24159886485101
2.2398373914159175
2.2380885556366863
2.23635220961864
2.234628301679701
2.2329167560746823
2.2312174629146106
2.229530372091186
2.2278554043544476
2.2261923035470197
2.2245407438097407
2.222900513413547
2.221271385547679
2.2196529817800266
2.2180450676602073
2.216447596247559
2.2148602317400767
2.2132827372568715
2.2117157775302907
2.210164242761218
2.208633452860903
2.2071178305124883
2.2056296474029384
2.2041199567652434
2.1987336152570864