0.0
0.0
0.0
0.0
0.0
0.0
0.0
0.0
0.0
0.0
0.0
0.0
0.0
0.0
0.0
0.0
0.0
0.0
0.0
0.0
0.0
0.0
0.0
0.0
0.0
0.0
0.0
0.0
0.0
0.0
0.0
0.0
0.0
0.0
0.0
0.0
0.0
0.0
0.0
0.0
0.0
0.0
0.0
0.0
0.0
0.0
0.0
0.0
0.0
0.0
0.0
0.0
0.0
0.0
0.0
0.0
0.0
0.0
0.0
0.0
0.0
0.0
0.0
0.0
0.0
0.0
0.0
0.0
0.0
0.0
0.0
0.0
0.0
0.0
0.0
0.0
0.0
0.0
0.0
0.0
0.0
0.0
0.0
0.0
0.0
0.0
0.0
0.0
0.0
0.0
0.0
0.0
0.0
0.0
0.0
0.0
0.0
0.052527187675863236
0.05617159259770658
0.27499879838136543
0.25574286030546145
0.25177841376638765
0.2647031382182313
0.26785095973683576
0.2897617674313227
0.35311896673536575
0.4778796785965218
0.6995796367980555
0.9929620985989748
1.2630897714968248
1.4446550774043942
1.538246804135414
1.5713309240590223
1.584894765058771
1.5946324890880355
1.6025332108534456
1.6255482474652747
1.6571864149593072
1.6843417703779089
1.704714858231998
1.7254399761362962
1.7430139288228343
1.7583080050822268
1.7719571250096835
1.7830570068841978
1.7918377083893862
1.7986381875554869
1.8033105312091307
1.8059913581662717
1.8070135846477986
1.8063865251631628
1.8042004859343848
1.8006616626183978
1.795921470898227
1.7901673669278133
1.7836648373152586
1.7766667444563822
1.7693794603865052
1.761964915123804
1.7542007094089325
1.7459710285687573
1.7369601158656391
1.7270991765525752
1.716278308274535
1.7047161961010941
1.6928809266151041
1.6813090621748368
1.670568703264661
1.6610546462394955
1.652914299838084
1.646118080011961
1.6405103730936084
1.6358638886358354
1.6319493753845322
1.6285678087503126
1.6255650152332421
1.6228261803090769
1.6202676079780463
1.617834287600324
1.6154955272382316
1.613258307359418
1.6111204316645886
1.609075785112098
1.6071451056234354
1.6053415928235928
1.6036426686242395
1.6020331383261
1.6005109591222766
1.5990465450586007
1.5976145751315167
1.5962136951912476
1.5948767443594545
1.5936272842926127
1.5924633547195013
1.5913831932391171
1.5903728606308676
1.5893937857694067
1.58841976658699
1.5872703173079064
1.5860046957240699
1.58502188419554
1.5837224225912108
1.582649330638755
1.5814210331642797
1.5800365496971307
1.5786797433955748
1.5773703190226762
1.57616144561851
1.5750859287415153
1.5741219893157437
1.5732293950010425
1.572371966125511
1.571499153081048
1.5705770380661495
1.5695602979523997
1.568421381222183
1.567203288078601
1.5660189071764794
1.5649540609353214
1.564032255534962
1.563261836152188
1.5626024288719897
1.5619444541827967
1.5611500937811302
1.560189600230473
1.5591143641175844
1.5579573780434177
1.5567242009550184
1.555468432052832
1.5542465560135623
1.5530521311143277
1.5518709666768449
1.5506996686751044
1.5495381305807987
1.5483862480749062
1.5472439177476218
1.5461110372517015
1.5449875058265243
1.5438732242658373
1.542768094886302
1.5416720214968365
1.5405849093687156
1.539506665206413
1.5384371971191648
1.5373764145932216
1.5363242284647902
1.5352805508936052
1.5342452953292
1.5332183731920561
1.5321996757203662
1.5311890739623517
1.5301864768087245
1.529191848929312
1.5282051410442576
1.527226284001729
1.526255243213215
1.5252919674860401
1.5243363037900262
1.5233880590972122
1.5224471064877698
1.5215133108514791
1.5205864500855228
1.5196663849643055
1.5187530844614152
1.5178463519566165
1.516946046588844
1.5160525368908713
1.5151686019033892
1.5142972712105356
1.513435327706828
1.5125898253654602
1.5117387627050436
1.5089700222131741