0.0
0.0
0.0
0.0
0.0
0.0
0.0
0.0
0.0
0.0
0.0
0.0
0.0
0.0
0.0
0.0
0.0
0.0
0.0
0.0
0.0
0.0
0.0
0.0
0.0
0.0
0.0
0.0
0.0
0.0
0.0
0.0
0.0
0.0
0.0
0.0
0.0
0.0
0.0
0.0
0.0
0.0
0.0
0.0
0.0
0.0
0.0
0.0
0.0
0.0
0.0
0.0
0.0
0.0
0.0
0.0
0.0
0.0
0.0
0.0
0.0
0.0
0.0
0.0
0.0
0.0
0.0
0.0
0.0
0.0
0.0
0.0
0.0
0.0
0.0
0.0
0.0
0.0
0.0
0.0
0.0
0.0
0.0
0.0
0.0
0.0
0.0
0.0
0.0
0.0
0.0
0.0
0.0
0.0
0.0771099193660241
0.09421113636565023
0.15108294601607436
0.2341891737861489
0.283491749621007
0.36718192099247404
0.3712898435617252
0.39656663122503993
0.4029129415761287
0.4325121180763168
0.4885528332233161
0.592645372750346
0.7592688373074186
0.997007573264542
1.2606875775243458
1.484394046987614
1.6372070259475464
1.7218066528567546
1.7600575268389456
1.7841018518338432
1.8059296252868051
1.8259263150010303
1.8650685318046862
1.9159445579835224
1.9637312471091217
2.0057260330605073
2.050266428981288
2.09325158991404
2.1356152183701926
2.1780824098081846
2.219372354796676
2.2596122558594818
2.298849169535265
2.336559692411155
2.3726222855233847
2.4070580220203164
2.4396154890292627
2.4699202980999506
2.4978619099241994
2.52314454685976
2.545604014155907
2.565292570551696
2.5824473508364156
2.5972730299569724
2.6098111836064266
2.620071950485545
2.627492053270366
2.6314101927623095
2.6311174151116736
2.6262152735614266
2.6170468332996504
2.6046447789521983
2.590388881819969
2.5758618263651765
2.562216725476512
2.5501219569333315
2.539845307448379
2.531148844130675
2.523889037759578
2.517741026299644
2.512405992538744
2.5076461143878115
2.503281479825769
2.499179663644155
2.495253854989483
2.49145707210744
2.4878053927324886
2.484299000125184
2.4809307941499097
2.4777393513529713
2.4747498296052446
2.4719258975876772
2.4692432489872997
2.466701460140149
2.464254372137043
2.461860043651845
2.45951663416547
2.457279105035958
2.4551868428241885
2.453236789508502
2.4514260780975183
2.4497312761461765
2.448087895385948
2.446450533092765
2.4445182546683486
2.442393304736442
2.440737303319086
2.438552527198011
2.4367441306035733
2.434673246600347
2.4323393585399056
2.4300507051712894
2.427840922684116
2.4257998117795307
2.42398267884657
2.422352906553927
2.4208427258524763
2.419390926902436
2.417912091305453
2.416348592860222
2.414623581775964
2.4126905886724077
2.410622768446538
2.408611438912616
2.4068021569037605
2.4052351739604063
2.4039247191661217
2.4028018657749546
2.401679945759643
2.4003248722078654
2.398686166892611
2.3968508766951606
2.394874734615289
2.392767257329202
2.3906198145556394
2.3885285477210485
2.3864824829074855
2.384457449236748
2.382447675167755
2.3804529951874547
2.3784732473372854
2.3765082709935395
2.374557907132251
2.3726219992285156
2.3707003932045754
2.368792937379251
2.3668994824186806
2.365019881288324
2.3631539892061855
2.3613016635972306
2.3594627640489496
2.357637152268037
2.355824692037959
2.3540252491441875
2.3522386855166175
2.3504648276931626
2.3487034669677693
2.346954460260352
2.3452177612533607
2.343493299285742
2.3417809692005
2.3400807259522445
2.338392495002829
2.3367160233915505
2.335050987732317
2.333397179480925
2.33175437470142
2.3301221964328964
2.3285004127273408
2.326888980549468
2.325287565434012
2.323695932685554
2.3221147579178347
2.320548980756024
2.31900397450579
2.3174741196853677
2.3159717928752572
2.314446169885795
2.3088458209733824