0.0
0.0
0.0
0.0
0.0
0.0
0.0
0.0
0.0
0.0
0.0
0.0
0.0
0.0
0.0
0.0
0.0
0.0
0.0
0.0
0.0
0.0
0.0
0.0
0.0
0.0
0.0
0.0
0.0
0.0
0.0
0.0
0.0
0.0
0.0
0.0
0.0
0.0
0.0
0.0
0.0
0.0
0.0
0.0
0.0
0.0
0.0
0.0
0.0
0.0
0.0
0.0
0.0
0.0
0.0
0.0
0.0
0.0
0.0
0.0
0.0
0.0
0.0
0.0
0.0
0.0
0.0
0.0
0.0
0.0
0.0
0.0
0.0
0.0
0.0
0.0
0.0
0.0
0.0
0.0
0.0
0.0
0.0
0.0
0.0
0.0
0.0
0.0
0.0
0.0
0.0
0.0
0.09485646086598441
0.1293231971309513
0.18664514397566664
0.22145001578089965
0.2800866954734486
0.3564553875237139
0.39614035833333083
0.43550544042364514
0.450399835279786
0.5030762288939663
0.5082448175697613
0.5513833744160683
0.627457972652552
0.7506364031408023
0.9321603908960906
1.170497883999841
1.4194414500719201
1.6258354476786159
1.7668334975177995
1.8446546455268775
1.879098582858685
1.9009456509819067
1.9223212915319985
1.9431005154369947
1.983113540843487
2.0350973259623433
2.0838519972251257
2.1267928494825625
2.1725232479322134
2.216666002408778
2.260643556170346
2.3048667731426042
2.3480420727792892
2.390475029152373
2.4322089243923264
2.4728030168028785
2.51202694826006
2.5498071214949825
2.5859175833791426
2.6201346288864946
2.6521986160958186
2.68191108084281
2.708933765062149
2.7332595111524944
2.7551635508739123
2.7746943200869096
2.79197774426853
2.8068832535747474
2.818860944447629
2.827038076682889
2.830539349849591
2.8287267305596795
2.821811648086767
2.8108733111795434
2.797342129439984
2.782982791867998
2.769191134389126
2.756791549892171
2.746111945334018
2.737134969763025
2.729646457476493
2.723174393946803
2.717547400774029
2.7125153622786082
2.707887477119907
2.7035225142951282
2.699328029608727
2.695254877145775
2.691323657643012
2.6875373263812863
2.6838901989015507
2.680427698154858
2.677180144851272
2.6741088623321354
2.671188027091508
2.6684164589923243
2.6657392280732233
2.66310908148274
2.660525014282013
2.6580521240524733
2.6557378461112244
2.6535802178814305
2.65157729248494
2.6497029446001115
2.647882898862821
2.6460639689171743
2.643895729646982
2.641495912206045
2.6396342566343063
2.6371625934857876
2.6351149287232225
2.6327691739123633
2.630124840761659
2.627530539831745
2.6250245785674533
2.6227089324362574
2.620646496686409
2.6187959333980277
2.617080483078862
2.6154306772054015
2.61374950852959
2.611971377112415
2.610008790164642
2.6078088108496433
2.6054545953482067
2.6031638195256974
2.6011023219202185
2.5993162485076917
2.5978220143460415
2.5965410875719352
2.5952605518814917
2.593713440450514
2.591842030181798
2.58974534029107
2.587486706218492
2.585076874861353
2.5826201581520323
2.580226404398344
2.577883115716075
2.575562682028098
2.573258517777023
2.570970448580663
2.5686983038621585
2.5664419143126693
2.5642011121988033
2.5619757323985626
2.5597656123474826
2.557570591986158
2.5553905137091175
2.5532252223150045
2.5510745649580264
2.548938391100624
2.5468165524673307
2.5447089029997922
2.5426152988125863
2.540535598105064
2.538469654363011
2.5364172798830897
2.534378245937173
2.5323523994462604
2.5303396991216696
2.5283400754259207
2.5263534188191925
2.5243796893105315
2.5224188124920475
2.5204705065807222
2.518534407521033
2.516610284041596
2.5146978863779252
2.5127967862889085
2.510906723726692
2.509027658018861
2.507159208737052
2.505301111937222
2.5034541698380393
2.5016241678936235
2.499817401946729
2.498027342087445
2.4962684184094033
2.4944759896335773
2.4875986282547733