0.0
0.0
0.0
0.0
0.0
0.0
0.0
0.0
0.0
0.0
0.0
0.0
0.0
0.0
0.0
0.0
0.0
0.0
0.0
0.0
0.0
0.0
0.0
0.0
0.0
0.0
0.0
0.0
0.0
0.0
0.0
0.0
0.0
0.0
0.0
0.0
0.0
0.0
0.0
0.0
0.0
0.0
0.0
0.0
0.0
0.0
0.0
0.0
0.0
0.0
0.0
0.0
0.0
0.0
0.0
0.0
0.0
0.0
0.0
0.0
0.0
0.0
0.0
0.0
0.0
0.0
0.0
0.0
0.0
0.0
0.0
0.0
0.0
0.0
0.0
0.0
0.0
0.0
0.0
0.0
0.0
0.0
0.0
0.0
0.0
0.0
0.0
0.0
0.0
0.0
0.0671082131232167
0.09701473042395797
0.166005464499571
0.20677302931012229
0.2589171790270733
0.29681674866367874
0.3535005849435659
0.4154088592695713
0.4541961122037103
0.5133718964158596
0.5214632933222524
0.5445342793738384
0.5770943525395807
0.631501856491421
0.7190701214927468
0.8518950360404203
1.0399535584549917
1.2768723147189112
1.517427258350189
1.7149925144291247
1.8502215857394047
1.9249671706956544
1.957596272905329
1.9779827528239853
1.998899150408025
2.0198301276055988
2.0598920532500498
2.112129106768722
2.1612740536931723
2.2042953925183233
2.250358828257671
2.294722072094568
2.338972538161462
2.3835101471010076
2.4271581804071514
2.4702320927719623
2.5127458658652118
2.554225105195936
2.594492985808009
2.633628400204427
2.6712007134074587
2.7070450244747706
2.740896866002896
2.7725368073116505
2.801609646221129
2.828216398611246
2.8523374249954703
2.8742339078780232
2.8939061725647095
2.911184853195215
2.925543942824976
2.936131122771946
2.941942422034358
2.942201441749831
2.936967630846371
2.9273859497345307
2.9148470875653425
2.901138482067874
2.8877508352332897
2.8756491566295113
2.8652152514868323
2.8564277903910447
2.8490561880636385
2.842828807578365
2.837436490266565
2.83248657564888
2.827927429816288
2.823617982018793
2.8194660041054878
2.815423009037382
2.8115116692939104
2.8077367012806653
2.8040936037819026
2.800630363476231
2.7973794447014004
2.7943024488178674
2.791373744958195
2.788592986030753
2.78590442709199
2.7832600038135205
2.780659060021928
2.778168876707707
2.775838762988608
2.773667255741764
2.7716528420004636
2.7697690868658915
2.7679399627810155
2.7661106877360533
2.7639212985690427
2.7614923318399516
2.759614706861651
2.7571239058974437
2.755085767088128
2.752713193625747
2.749999608224488
2.7473289632489504
2.7447491700702433
2.7423652108530665
2.740241807930213
2.7383364119581945
2.7365700155050496
2.7348710812041546
2.7331397384254155
2.7313084108675656
2.729287000522707
2.7270210468920393
2.724596249168003
2.722236768606997
2.720113374989856
2.718273622285836
2.716734398534116
2.715414746919215
2.714095295494017
2.7125011163911994
2.7105727999001705
2.708412310207114
2.706084847036769
2.7036015140478296
2.7010697877364445
2.6986028016837817
2.696187677334251
2.693795976814825
2.6914209194954997
2.68906232858246
2.686720031135565
2.6843938554561655
2.682083631405792
2.679789191475091
2.67751037072993
2.6752470067588985
2.672998939622142
2.6707660118015015
2.668548068151907
2.6663449558539978
2.664156524367921
2.6619826253882835
2.6598231127998515
2.6576778425845364
2.655546665795508
2.6534293909454716
2.651325784221984
2.649235689815431
2.647159067145441
2.6450958464522483
2.6430459167170413
2.6410092386029134
2.638985737154158
2.6369751234307763
2.634977023612061
2.632991200774841
2.6310173987855006
2.629055177384588
2.627104269855429
2.6251646356393596
2.623235883625665
2.621317743278457
2.619411046263941
2.6175217672227395
2.6156564033575496
2.613808223624446
2.6119920819690834
2.610138371253328
2.6028694471760656