0.0
0.0
0.0
0.0
0.0
0.0
0.0
0.0
0.0
0.0
0.0
0.0
0.0
0.0
0.0
0.0
0.0
0.0
0.0
0.0
0.0
0.0
0.0
0.0
0.0
0.0
0.0
0.0
0.0
0.0
0.0
0.0
0.0
0.0
0.0
0.0
0.0
0.0
0.0
0.0
0.0
0.0
0.0
0.0
0.0
0.0
0.0
0.0
0.0
0.0
0.0
0.0
0.0
0.0
0.0
0.0
0.0
0.0
0.0
0.0
0.0
0.0
0.0
0.0
0.0
0.0
0.0
0.0
0.0
0.0
0.0
0.0
0.0
0.0
0.0
0.0
0.0
0.0
0.0
0.0
0.0
0.0
0.0
0.0
0.0
0.0
0.0
0.0
0.0
0.0
0.09246398298723091
0.1288764900816028
0.19166582228433793
0.23231018748437982
0.2816311162183932
0.3177268458710042
0.37042132051631815
0.42842138120077167
0.4694133273775201
0.5512509961022622
0.5521325379050825
0.5757413654200457
0.6094964866485342
0.6656370150084828
0.7552223780368192
0.8908884596440648
1.0821429439931234
1.3222785344104577
1.5661046685241888
1.7662636837366958
1.9022839780803444
1.975231812156913
2.0030991337912294
2.017630912647082
2.0332806550608575
2.048734943249809
2.0829164239164952
2.128683979073169
2.1708164110462556
2.205993642072574
2.243527300298681
2.278410908737977
2.3127623533077566
2.346458520495888
2.378409861147134
2.40914337873337
2.4385799067757996
2.4662145269118856
2.4920868492486137
2.5160102818283057
2.537900078879528
2.5574934112060332
2.574811775951479
2.58964930855817
2.6019658145296822
2.611870279144354
2.619515871738308
2.6252136726999873
2.629065208773021
2.6310769628168944
2.6309431308336353
2.628110232221232
2.621947971266068
2.6122502724097045
2.599303794370962
2.5841312565536922
2.5679524591327936
2.552107886776827
2.537520855420709
2.5248213699044015
2.514111136986125
2.5052167927058653
2.4978094630546117
2.49153913622826
2.486096377002226
2.4812454776946944
2.4768106493969713
2.4726587579533748
2.4687021220839
2.464892106207246
2.4612407715733693
2.4577452906239317
2.454396654440326
2.4512295427761375
2.4482661853731016
2.445470374344642
2.4428178713057163
2.440305640033358
2.437885336440042
2.4355155807428863
2.433194592602321
2.4309769718895002
2.428902027526214
2.4269669798379487
2.4251692360041566
2.4234857670743555
2.4218526217252294
2.420224945066989
2.4183029331266845
2.416187412789365
2.4145386089997727
2.412361163330496
2.41055824685342
2.408492393443564
2.4061623446525484
2.403875829311765
2.4016665289086387
2.399624488312981
2.3978054639090596
2.396173167310407
2.394659953066238
2.3932046299412617
2.3917215677464347
2.390152903599808
2.388421315291044
2.3864797578153394
2.3844013180608723
2.382378247929668
2.3805572547256104
2.378979245699724
2.3776589775176933
2.3765273741100716
2.375396446190161
2.374029937037727
2.3723764960225666
2.3705235916010654
2.368527210131093
2.3663966403727517
2.3642240652734503
2.3621068201565967
2.3600339002362527
2.35798086703724
2.3559418945163113
2.353916836922006
2.3519055516561576
2.349907897030337
2.347923732542339
2.345952919800553
2.3439953224820993
2.3420508062920016
2.3401192389233634
2.3382004900185254
2.3362944311311677
2.334400935689326
2.3325198789593053
2.33065113801046
2.328794591680637
2.3269501205106473
2.325117600752562
2.32329687196275
2.321487736991418
2.319690065602551
2.3179038267994088
2.3161289644310514
2.3143653866094365
2.3126130631982824
2.31087193360012
2.3091417528049134
2.307422202310466
2.3057130815163647
2.304014173399291
2.3023251018304003
2.3006456398679194
2.298975755945712
2.297315115974583
2.295663488265502
2.294021585078245
2.292394554237574
2.2907880121807334
2.2891961396334564
2.28763187258017
2.2860428949289204
2.2800712543250223