0.0
0.0
0.0
0.0
0.0
0.0
0.0
0.0
0.0
0.0
0.0
0.0
0.0
0.0
0.0
0.0
0.0
0.0
0.0
0.0
0.0
0.0
0.0
0.0
0.0
0.0
0.0
0.0
0.0
0.0
0.0
0.0
0.0
0.0
0.0
0.0
0.0
0.0
0.0
0.0
0.0
0.0
0.0
0.0
0.0
0.0
0.0
0.0
0.0
0.0
0.0
0.0
0.0
0.0
0.0
0.0
0.0
0.0
0.0
0.0
0.0
0.0
0.0
0.0
0.0
0.0
0.0
0.0
0.0
0.0
0.0
0.0
0.0
0.0
0.0
0.0
0.0
0.0
0.0
0.0
0.0
0.0
0.0
0.0
0.0
0.0
0.0
0.0
0.07010051181990919
0.10308045229235938
0.16859438861844311
0.20866386857554087
0.26038129537412347
0.29684356526208333
0.33793755685816484
0.36649097273575654
0.39969633191871945
0.47840587160017806
0.5866272351063587
0.5988209905057249
0.6224389576179554
0.6531538695918395
0.6951631725244096
0.7606496483897033
0.8599252373708645
1.0040389341945541
1.1999703452555035
1.436276721393138
1.669779453776259
1.859830051683592
1.9895653172054357
2.059980229319348
2.0874702201089703
2.1023087583982423
2.1190934825440735
2.136326679673167
2.1721720457447136
2.220033103252024
2.2645995805346044
2.3022749811613785
2.3425041107039792
2.38044429116032
2.4182282931048547
2.455617674769362
2.49159095495782
2.526456859859768
2.5604157947682396
2.5928177195823414
2.623721648210267
2.653190926288689
2.6808467160842206
2.706380831671659
2.7297265799559858
2.750724266763087
2.76914732090089
2.7850513640859793
2.798656794310475
2.8101398424114534
2.8196794297655194
2.827168810244464
2.832195320495546
2.8340390221238034
2.8320847157532807
2.8258764178403335
2.8156170175668915
2.8023720701028645
2.787405171941429
2.7722843053324295
2.7581733771993964
2.745743582438706
2.735084845273223
2.726207855793754
2.7188056553073907
2.7125372949756477
2.7070950506630265
2.7022363376926943
2.6977781029938717
2.6935853786335553
2.689569575991822
2.685682762802544
2.6819416987987457
2.678346896019091
2.6748914042766954
2.671615346128124
2.668545116935463
2.6656437212332773
2.6628864401016408
2.6602712992154225
2.6577470551329765
2.6552696970148437
2.6528378862670543
2.650514605341311
2.648340973219907
2.646314046888801
2.6444310519340375
2.642667784274602
2.6409572684161775
2.639252176174147
2.6372391176392136
2.6350244689880884
2.6332973449253605
2.631018069740863
2.6291302326155064
2.6269673090134775
2.624528448913899
2.6221354355376683
2.6198235745355083
2.6176870191070067
2.6157839465417365
2.6140762997599314
2.612493279809605
2.6109708240123433
2.609419387384251
2.60777843592771
2.6059671644706257
2.603936563849183
2.601763254638334
2.5996482255254634
2.597744708206566
2.5960953778610985
2.59471550537496
2.593532707521244
2.5923504250944873
2.590921961136794
2.589193862451673
2.587257567460384
2.5851715830642314
2.582945752112211
2.5806764143594996
2.5784651295821353
2.576300375825525
2.5741566428374623
2.572027850186722
2.56991384398159
2.5678144736367186
2.5657295895333845
2.5636590433091198
2.5616026888215235
2.5595603821042983
2.55753198132438
2.5555173467401184
2.553516340660489
2.551528827405295
2.549554673266331
2.5475937464694893
2.545645917137774
2.5437110572549537
2.5417890405918198
2.5398797364417014
2.537982975895357
2.536098551942649
2.534226327347147
2.532366268130731
2.5305183140914425
2.528682367890975
2.5268583963961873
2.525046334627437
2.5232459258028026
2.5214568369312604
2.5196788577078437
2.517911760721003
2.516155153428867
2.5144087986267847
2.5126726619580357
2.510946394896714
2.509229756124556
2.5075234877560493
2.5058329368815673
2.5041639258766515
2.5025104165213055
2.500885774533254
2.499231752907949
2.492820829294193