0.0
0.0
0.0
0.0
0.0
0.0
0.0
0.0
0.0
0.0
0.0
0.0
0.0
0.0
0.0
0.0
0.0
0.0
0.0
0.0
0.0
0.0
0.0
0.0
0.0
0.0
0.0
0.0
0.0
0.0
0.0
0.0
0.0
0.0
0.0
0.0
0.0
0.0
0.0
0.0
0.0
0.0
0.0
0.0
0.0
0.0
0.0
0.0
0.0
0.0
0.0
0.0
0.0
0.0
0.0
0.0
0.0
0.0
0.0
0.0
0.0
0.0
0.0
0.0
0.0
0.0
0.0
0.0
0.0
0.0
0.0
0.0
0.0
0.0
0.0
0.0
0.0
0.0
0.0
0.0
0.0
0.0
0.0
0.0
0.0
0.0
0.0
0.0
0.0
0.0
0.0
0.0
0.0
0.0
0.0
0.0
0.0
0.0
0.0
0.0
0.0
0.0
0.0
0.0
0.0
0.0
0.0
0.0
0.0
0.0
0.0
0.395990098814286
0.48643112558764456
0.6035045352633467
0.7193088563826348
0.8280161420421366
0.9237988375967767
1.000863290373916
1.0613297689029184
1.111195211766771
1.1531199334582232
1.187454767807925
1.2122840357952551
1.223391010539489
1.2199267299770977
1.2063878078596848
1.1878179723336344
1.1682358200358216
1.1509600574769272
1.1358996622024515
1.122621281824321
1.1109761786870231
1.1005895047425525
1.0910317049267613
1.0821519626591418
1.0740119707751201
1.0668232733102063
1.0606819595061947
1.0553929667792872
1.0508345393288634
1.047065980015305
1.0439403344468559
1.0412372922451927
1.0388971796513846
1.03682180522234
1.034875472882347
1.0330273800226153
1.0312949398620612
1.0296725624631649
1.028155079637147
1.026722172853766
1.0253344365507968
1.023974916743302
1.0226573019753111
1.0213897289881098
1.0201704065303723
1.0189976277545525
1.017865345162845
1.01675888439715
1.0156694903606003
1.0146241203019755
1.0136474500815034
1.012737061049726
1.0118907244225475
1.0111056609212226
1.0103543340322683
1.0096111317150718
1.0088759538266139
1.008148702021452
1.0074292912350025
1.006724044112446
1.006052055971015
1.0054253759841787
1.0048428160566443
1.004303270027844
1.0037995986066361
1.0033124295524862
1.002828877640029
1.002259253982686
1.001633005469547
1.001148398242639
1.0005083186348522
0.9999813898894846
0.9993796133010308
0.9987028859393446
0.9980415439645555
0.9974050240043059
0.996818917450704
0.9962987641455479
0.995833645673419
0.9954038709876692
0.9949918877444098
0.9945733668110847
0.9941321537041901
0.99364676920058
0.9931043682897259
0.9925257629662121
0.9919647140654181
0.9914616423460805
0.9910271947016388
0.9906648808370082
0.9903554221723032
0.9900472807035327
0.9896759612155451
0.9892279270841945
0.9887276694021959
0.9881909679913687
0.9876207229406656
0.9870419721852796
0.986480800274301
0.985934134405525
0.9853953991268474
0.9848630133127073
0.9843369060940217
0.9838170079679771
0.9833032502006207
0.982795564892915
0.9822938852112064
0.9817981453650396
0.9813082805855371
0.9808242271043288
0.980345922133014
0.9798733038431389
0.9794063113466764
0.9789448846769935
0.9784889647702865
0.9780384934474795
0.9775934133965632
0.9771536681553681
0.9767192020947552
0.9762899604022146
0.9758658890658602
0.9754469348588067
0.9750330453239205
0.9746241687589341
0.974220254201911
0.973821251417056
0.9734271108808543
0.9730377837685374
0.9726532219408632
0.9722733779312008
0.9718982049329135
0.9715276567870327
0.971161687970211
0.9708002535829504
0.970443309338098
0.9700908115495991
0.9697427171215051
0.9693989835372244
0.9690595688487554
0.9687244313168801
0.9683930549446647
0.9674180646794946