0.0
0.0
0.0
0.0
0.0
0.0
0.0
0.0
0.0
0.0
0.0
0.0
0.0
0.0
0.0
0.0
0.0
0.0
0.0
0.0
0.0
0.0
0.0
0.0
0.0
0.0
0.0
0.0
0.0
0.0
0.0
0.0
0.0
0.0
0.0
0.0
0.0
0.0
0.0
0.0
0.0
0.0
0.0
0.0
0.0
0.0
0.0
0.0
0.0
0.0
0.0
0.0
0.0
0.0
0.0
0.0
0.0
0.0
0.0
0.0
0.0
0.0
0.0
0.0
0.0
0.0
0.0
0.0
0.0
0.0
0.0
0.0
0.0
0.0
0.0
0.0
0.0
0.0
0.0
0.0
0.0
0.0
0.0
0.0
0.0
0.0
0.0
0.0
0.0832402061082463
0.11889826117372167
0.1804087918384849
0.21893141834732696
0.26699094231676584
0.2998460631545863
0.33566807446429936
0.35768049852093325
0.38892550718822877
0.4637583031388999
0.6089109271444914
0.6149698093526482
0.6390642222559424
0.6705934437379569
0.7137820708414773
0.780652904327809
0.8809893916876581
1.0259379051015538
1.2228433843638467
1.4602089203372968
1.6942922878287368
1.8833526898882575
2.0095796802890225
2.0734045543593673
2.0914226335606756
2.0963589410590484
2.1044540161381358
2.113542620559649
2.139952138075364
2.17707300912713
2.209939313729694
2.2350221291796055
2.2616081632923972
2.2850717479631615
2.3076412922822795
2.3290448974090188
2.348309228316955
2.3660201593916725
2.3821606175295464
2.3962613350275808
2.4085119804208626
2.419032326156651
2.4276462600484874
2.4343320464261247
2.4390911392356265
2.441841585803997
2.442789107199511
2.4420901967440733
2.439990224550988
2.4367530303859586
2.432601458116566
2.4274881859616597
2.4211458326395556
2.4132190447766337
2.4033012571147867
2.3911723306387858
2.377224953799825
2.3620982124056913
2.3468244350256473
2.3325493095101475
2.3198583869483023
2.3089865995323544
2.299904432520296
2.2924015636825508
2.2861725864690574
2.2809119008963044
2.2763555602133523
2.2722996268106375
2.2685919578673417
2.2651211542203202
2.2618138363781197
2.2586292259915584
2.2555774432632623
2.2526561366479307
2.249857684421107
2.2472110835601025
2.2447350041698053
2.242399145909428
2.2401831992926815
2.23808469459949
2.236063220531806
2.2340841346210447
2.2321458453970826
2.230293968138408
2.2285613804005173
2.2269457360257725
2.2254448816472077
2.2240396410551413
2.222676589788566
2.221318711815349
2.2197151470498118
2.217949200129182
2.216574437974624
2.2147573446093207
2.2132538861448
2.2115312774414035
2.2095880775300767
2.207681395790828
2.205839221330818
2.204136647649791
2.2026202328334703
2.201259716087114
2.1999986701474072
2.198786115839432
2.1975506606114794
2.1962441401546764
2.194802134488241
2.193185353791118
2.1914545765578217
2.1897699837983238
2.1882538193394785
2.1869400931372955
2.185841117499511
2.1848994974646336
2.1839588374100494
2.1828223513925242
2.1814472221316215
2.179906343405289
2.17824641550786
2.1764751329350807
2.174669186966938
2.172909622485347
2.171187290929277
2.1694818554606354
2.167788468357421
2.166107008599951
2.164437357726099
2.1627793979681873
2.1611330124853163
2.1594980861344393
2.157874505437876
2.1562621585515975
2.1546609352342623
2.153070726816985
2.1514914261738136
2.1499229276928915
2.148365127248295
2.146817922172522
2.1452812112295185
2.143754894567724
2.142238868789785
2.1407330001292046
2.139237124391209
2.1377511327115943
2.1362749983366234
2.134808673649348
2.133352081366069
2.1319051952341277
2.130467963901682
2.129040183698212
2.1276215902916804
2.1262120168885983
2.124811283362538
2.1234190783208113
2.1220352135265013
2.12065966219031
2.1192921480465166
2.117932478707407
2.116581236011891
2.11524265274985
2.1139213504252288
2.112612521158222
2.111326849862549
2.1100248123381053
2.105229634798923