0.0
0.0
0.0
0.0
0.0
0.0
0.0
0.0
0.0
0.0
0.0
0.0
0.0
0.0
0.0
0.0
0.0
0.0
0.0
0.0
0.0
0.0
0.0
0.0
0.0
0.0
0.0
0.0
0.0
0.0
0.0
0.0
0.0
0.0
0.0
0.0
0.0
0.0
0.0
0.0
0.0
0.0
0.0
0.0
0.0
0.0
0.0
0.0
0.0
0.0
0.0
0.0
0.0
0.0
0.0
0.0
0.0
0.0
0.0
0.0
0.0
0.0
0.0
0.0
0.0
0.0
0.0
0.0
0.0
0.0
0.0
0.0
0.0
0.0
0.0
0.0
0.0
0.0
0.0
0.0
0.0
0.0
0.0
0.0
0.0
0.0
0.0
0.0
0.03814736912123445
0.03042427531637928
0.12183943969062934
0.15967416322200334
0.21401476285809332
0.24927954064169724
0.29026147445906186
0.31467458069351784
0.34769492279471215
0.4192318266286668
0.5586082771120677
0.5665815404446253
0.5863656815281321
0.6130527334553478
0.6506509551976091
0.7106293567485454
0.8024133335661684
0.9403143797473357
1.1332382827730274
1.3721675761453695
1.6114459827507106
1.8042568969583164
1.9302434541736115
1.9898356051070318
2.0005612640679398
1.997620460427947
1.9994447222917524
2.002887687722777
2.0228866718902503
2.0529979921859294
2.0781978036141666
2.094976062234224
2.112793294885552
2.1271944699649956
2.1406455744419994
2.1526715739042284
2.162584764592563
2.1709450301743844
2.1777074326123245
2.1826403483745156
2.1859779652960882
2.1877777166320556
2.1881245010415142
2.1870173593391193
2.1845112507697513
2.1807470135065574
2.1758051654813237
2.169881939236733
2.163273231736245
2.1561744531873757
2.1487255642001877
2.1408568733890494
2.132364267972834
2.1227439739767187
2.111777588869408
2.0993051849664655
2.085826154976507
2.071879779526098
2.058113023871692
2.0452399944053026
2.0337863493203527
2.0239676459519194
2.0157604284761055
2.008977163417816
2.003343469565165
1.9985840583716576
1.9944607934624714
1.9907895155983373
1.9874327449761533
1.9842897501809738
1.9812941460646134
1.9784089925174955
1.9756435497915446
1.9729957663774302
1.9704587426037559
1.9680588542272572
1.9658131882516927
1.9636943243422638
1.9616838734408375
1.9597797040272706
1.9579451793235727
1.956148834585004
1.954389172335243
1.9527076464991064
1.9511341986255015
1.949666742187454
1.9483033863804047
1.9470267950417623
1.9457884356578787
1.944554972756284
1.9430979623467926
1.9414924151387907
1.9402433381925004
1.9385909512090775
1.9372241944213198
1.9356579365635933
1.9338904446950702
1.9321558255097742
1.9304795051273294
1.9289298919529532
1.9275495181535676
1.9263109376761576
1.9251628221153467
1.9240588066182194
1.9229338614615992
1.9217441280659782
1.9204308665673193
1.918958109135285
1.917381048467119
1.9158456650333835
1.9144635102305954
1.9132656845513063
1.9122635648977497
1.9114049892384564
1.910547417030515
1.909511199197491
1.908257086680614
1.9068515149130925
1.9053370619252505
1.9037206166553944
1.9020721244988474
1.9004656557739525
1.8988928881661706
1.8973352462607578
1.8957883021393827
1.8942519483810885
1.8927260798530583
1.891210592007267
1.8897053810926177
1.8882103448613017
1.8867253825401935
1.885250394802927
1.8837852837426228
1.8823299528452584
1.880884306963656
1.8794482522920728
1.8780216963413758
1.8766045479147924
1.8751967170841581
1.8737981151519494
1.8724086501509138
1.8710282022250193
1.8696566234754164
1.8682938166388896
1.8669397598132262
1.865594411971347
1.8642577047910254
1.8629296168296705
1.861610103708827
1.8602989810805954
1.858996008623276
1.8577010355383063
1.8564138987569325
1.8551343142443193
1.8538621109481788
1.8525972664593462
1.8513395286549075
1.850088721891445
1.8488453808860414
1.8476134037875471
1.8463970569157317
1.845191910180137
1.8440078513223996
1.8428111546436274
1.838541778145067