0.0
0.0
0.0
0.0
0.0
0.0
0.0
0.0
0.0
0.0
0.0
0.0
0.0
0.0
0.0
0.0
0.0
0.0
0.0
0.0
0.0
0.0
0.0
0.0
0.0
0.0
0.0
0.0
0.0
0.0
0.0
0.0
0.0
0.0
0.0
0.0
0.0
0.0
0.0
0.0
0.0
0.0
0.0
0.0
0.0
0.0
0.0
0.0
0.0
0.0
0.0
0.0
0.0
0.0
0.0
0.0
0.0
0.0
0.0
0.0
0.0
0.0
0.0
0.0
0.0
0.0
0.0
0.0
0.0
0.0
0.0
0.0
0.0
0.0
0.0
0.0
0.0
0.0
0.0
0.0
0.0
0.0
0.0
0.0
0.0
0.0
0.0
0.0
0.05131752685018156
0.0761023215295572
0.14856259162763882
0.18975794911839686
0.2455838211290641
0.2861499022002456
0.33506722874192546
0.369006545492699
0.392071971699662
0.4545733283812014
0.5691334994140342
0.5810989919419626
0.6035930230643115
0.6330071436824909
0.6731461116301586
0.7359625877769411
0.8310468648112946
0.9724631869179946
1.1679477145900257
1.4073942975585865
1.646562545995184
1.8415742709006417
1.9736086682134713
2.0433120986691935
2.065968155430844
2.073566737565401
2.0849002310514937
2.0979943659968816
2.1295006698882677
2.1738957954592046
2.2148545915026014
2.2469110174815934
2.2811945945241976
2.312596347854256
2.343658549100968
2.3740463749291156
2.4025274439897486
2.42973254646291
2.4554994671154082
2.4793461895439886
2.501408928195586
2.52160055241623
2.539642314164451
2.5555822175259455
2.569219579451434
2.5804823357320767
2.589350003898657
2.5958603239882914
2.600353194955426
2.602979792512105
2.6040619359414072
2.603555174195781
2.6011164287363613
2.596269887669932
2.5885433850626267
2.5776123657458214
2.563888496642304
2.5483128321919124
2.5320001362498656
2.5161187534951965
2.5017200791278884
2.4892383610554334
2.4787536598464075
2.470088976684039
2.462892844978733
2.456813246641754
2.4515459381264937
2.446855714904022
2.442567021689564
2.4385512746709788
2.4347237654606375
2.431037491846554
2.427504205488681
2.424121244905988
2.4208799311432205
2.417813906923603
2.414944798294839
2.4122376078426426
2.409668905923367
2.4072358208559756
2.404891562033018
2.402596049079367
2.4003475428209726
2.3981989665167713
2.396188456777828
2.3943133534966172
2.3925711845701643
2.390939678452855
2.389356865361576
2.3877793966390635
2.385916468187555
2.3838655129015964
2.382267324568586
2.3801560865360925
2.3784081186192387
2.376405062781055
2.3741455088460786
2.3719279691901
2.3697851013249336
2.3678042844458638
2.3660396811302453
2.364456141851228
2.3629880670443373
2.3615761150155197
2.3601371974972674
2.3586151707873055
2.356934974939986
2.355050879085706
2.353033731874322
2.3510701260094
2.349302517937298
2.34777066468441
2.3464889604943684
2.3453904223579483
2.34429258035737
2.3429659906865563
2.3413607141805746
2.3395616473885337
2.337623136567107
2.3355541470702224
2.333444180327784
2.331387804082742
2.329374345004816
2.327380066652736
2.325399311856356
2.32343194233108
2.32147782277658
2.319536818698526
2.317608796678842
2.3156936252760936
2.3137911749868487
2.311901318207973
2.3100239291998466
2.308158884050466
2.3063060606404084
2.304465338608632
2.302636599319088
2.300819725828132
2.299014602852536
2.29722111670885
2.295439149494767
2.2936685475647303
2.2919091214857867
2.2901607468288536
2.2884233956668107
2.2866970155743744
2.2849815193025527
2.283276879653039
2.2815830397963066
2.2798997634217475
2.278226742597995
2.2765637840583404
2.274910678524478
2.273267061760557
2.2716327146135544
2.2700076081137763
2.268391418748749
2.2667839224205126
2.2651858130792943
2.2636021031802773
2.2620382645544748
2.260488631676039
2.2589658160320196
2.257419679123187
2.2516027304921162