0.0
0.0
0.0
0.0
0.0
0.0
0.0
0.0
0.0
0.0
0.0
0.0
0.0
0.0
0.0
0.0
0.0
0.0
0.0
0.0
0.0
0.0
0.0
0.0
0.0
0.0
0.0
0.0
0.0
0.0
0.0
0.0
0.0
0.0
0.0
0.0
0.0
0.0
0.0
0.0
0.0
0.0
0.0
0.0
0.0
0.0
0.0
0.0
0.0
0.0
0.0
0.0
0.0
0.0
0.0
0.0
0.0
0.0
0.0
0.0
0.0
0.0
0.0
0.0
0.0
0.0
0.0
0.0
0.0
0.0
0.0
0.0
0.0
0.0
0.0
0.0
0.0
0.0
0.0
0.0
0.0
0.0
0.0
0.0
0.0
0.0
0.0
0.0
0.0
0.0
0.07749485744214868
0.11182379674445343
0.17621383736757992
0.21606736004460267
0.2686215234819032
0.3036994125894418
0.3363226560813537
0.405975592192715
0.5151206310152497
0.5272253368014636
0.5448851235118315
0.5671642873242675
0.5990815802462927
0.6530162386323147
0.7398769429232068
0.8731433326879676
1.0636298823266468
1.3061180875837302
1.5545451861464643
1.75775077471851
1.8927257614435067
1.9598085836015975
1.9751984672658862
1.974123024223336
1.9781170462230073
1.9841747700221477
2.0078118042270408
2.0436041266005294
2.0750342195381215
2.096797068931937
2.1200619358233355
2.139749826292673
2.1586444169907657
2.17617065885319
2.1914467001399176
2.205087658977294
2.216952980719464
2.2267310998775405
2.234680110620884
2.240802388901574
2.245056270632637
2.2474752411642336
2.24810465567362
2.2470140175380537
2.244275128674757
2.24015611265381
2.234929458020558
2.2288588582820794
2.222142162764664
2.2147582317149803
2.20644141707993
2.1967817164753516
2.185489329232298
2.172228380809453
2.1574580931604785
2.142152459954259
2.127049576552216
2.1129273171350316
2.1003590352470862
2.0895810812903126
2.0805688078611078
2.0731175450625354
2.0669270217907143
2.061695607310948
2.0571621684028805
2.0531246446517355
2.049432118944193
2.045973971718562
2.0426772865935408
2.0395015162453345
2.036456899487035
2.033541233767802
2.0307470072315867
2.028103326572363
2.0256290570418964
2.0232940683500287
2.0210781675843488
2.0189790312178233
2.0169563168026157
2.0149753779687725
2.0130346095228675
2.0111797482499147
2.009443842588192
2.0078246393956323
2.0063200868986915
2.004911070511516
2.0035440572080234
2.0021821209268196
2.0005732186782934
1.9988003672380228
1.9974204657694898
1.9955952805875192
1.9940850589687895
1.9923541401134217
1.9904006401002305
1.9884831093124717
1.9866297051840194
1.9849161014161028
1.9833893747557578
1.9820192358698918
1.9807489619006828
1.9795272731231106
1.9782822262525364
1.9769652516558225
1.975511295565909
1.9738805100862515
1.9721339717014943
1.9704333025732768
1.968902082481884
1.9675748572761562
1.9664642997779835
1.9655126290696818
1.9645618602476707
1.963412879518646
1.9620221282131824
1.9604631516091688
1.9587830629932002
1.9569894535497152
1.9551598754679829
1.9533764917794456
1.9516300832470448
1.949900044362976
1.948181463653162
1.9464742244331121
1.9447782125475253
1.9430933144779745
1.9414194175775055
1.9397564108548866
1.9381041849426237
1.9364626320657412
1.9348316460113066
1.9332111220986867
1.9316009571505015
1.930001049464262
1.9284112987846762
1.9268316062765996
1.9252618744985435
1.9237020073585276
1.922151905084896
1.9206114367529306
1.919080440098019
1.9175588093070266
1.9160465226682784
1.9145435371514103
1.9130497792752652
1.9115652279343531
1.910089836383363
1.9086234013574805
1.9071656568492135
1.9057164367746382
1.904275561148061
1.902842714444745
1.9014177074101397
1.9000005170675889
1.8985908630807746
1.8971885507988508
1.895794183014596
1.8944121360335664
1.8930472019686608
1.891694422986791
1.89036489329118
1.889019738905936
1.8841959443061431