0.0
0.0
0.0
0.0
0.0
0.0
0.0
0.0
0.0
0.0
0.0
0.0
0.0
0.0
0.0
0.0
0.0
0.0
0.0
0.0
0.0
0.0
0.0
0.0
0.0
0.0
0.0
0.0
0.0
0.0
0.0
0.0
0.0
0.0
0.0
0.0
0.0
0.0
0.0
0.0
0.0
0.0
0.0
0.0
0.0
0.0
0.0
0.0
0.0
0.0
0.0
0.0
0.0
0.0
0.0
0.0
0.0
0.0
0.0
0.0
0.0
0.0
0.0
0.0
0.0
0.0
0.0
0.0
0.0
0.0
0.0
0.0
0.0
0.0
0.0
0.0
0.0
0.0
0.0
0.0
0.0
0.0
0.0
0.0
0.0
0.0
0.0
0.0
0.0
0.0
0.04333788855962921
0.05396768890634039
0.13581848566838464
0.17624147170615462
0.2354882187995757
0.27799239101613366
0.3328142927297502
0.3811884383178284
0.41843425515088994
0.5061946664902456
0.5053600846994987
0.5241096869196271
0.5518043536067146
0.6005045563359493
0.6812683940901161
0.8084133440232347
0.9945529680703054
1.2378194753992395
1.491564722404493
1.6999480449056161
1.8371787356551592
1.9035153912226899
1.9155659316260478
1.910053503391933
1.910728741892824
1.9140165981205783
1.934517246044626
1.9671653765314117
1.9951101690879556
2.0127905173413283
2.0315942068858845
2.0469158002433794
2.0613486251225575
2.0743301580258415
2.084965325843047
2.094048194357936
2.101401249436182
2.1067762561168695
2.1103837572222566
2.112349647467781
2.112691162905953
2.1114810065894494
2.1087562646632385
2.1046834481589967
2.099327739981052
2.0929319124957417
2.085809283748006
2.0781750403524226
2.0701712263608743
2.0617560148057934
2.0527028597196884
2.042499164398175
2.0309183568235922
2.017905202610256
2.003852148038864
1.9893181263935176
1.9749717172645356
1.9615518763474749
1.9496047397904226
1.9393564347789212
1.9307848952017166
1.9236965731294364
1.9178065991515127
1.9128284876314965
1.9085140494411232
1.9046711653041655
1.9011563002547425
1.8978642127122458
1.8947255149639262
1.891701596014129
1.8888022490022736
1.8860254144468735
1.8833639398119488
1.8808455918064126
1.8784884205123586
1.87626375104938
1.8741523605764776
1.872152090628493
1.8702245146830236
1.868336601834568
1.8664867942140195
1.8647187064226438
1.8630638861993916
1.86152020814873
1.8600857496761036
1.8587423297852084
1.8574389078921973
1.8561404289210306
1.854606297642123
1.8529153171332233
1.8515995647599581
1.849858488949238
1.8484180820057834
1.84676703468338
1.844903328482918
1.8430737565798254
1.8413051651310728
1.8396698044431807
1.838212684015917
1.8369049482078774
1.8356924797124614
1.834526358162917
1.833337898033905
1.8320807355540143
1.8306927299802056
1.8291357426670545
1.8274679950990245
1.825843830979959
1.8243813419536297
1.8231135748666758
1.822052714977
1.8211436595059258
1.820235531057929
1.8191380168480895
1.817809398047
1.8163199096772353
1.8147145522480128
1.8130005088951813
1.8112518682286365
1.8095472061610125
1.8078777264302117
1.8062237287551397
1.8045805171973164
1.8029479816302885
1.8013260143278818
1.799714508153916
1.7981133567862198
1.7965224554673047
1.7949417009741384
1.7933709915886415
1.7918102270688896
1.790259308620997
1.7887181388716695
1.7871866218413983
1.7856646629182824
1.7841521688324635
1.7826490476311012
1.7811552086386082
1.7796705576493677
1.7781949705953919
1.7767282933133712
1.7752704256714438
1.7738213481498695
1.7723810208136455
1.7709493745109093
1.7695263903181617
1.7681120247950894
1.7667060843921023
1.7653083152626814
1.7639185593377131
1.762536645206591
1.7611622712817219
1.7597952569786108
1.7584355813436905
1.757082976341851
1.7557372557995248
1.7543989978083203
1.7530724043222212
1.7517620821043094
1.750463269529393
1.7491866437804524
1.7478962783947418
1.7433526505794785