0.0
0.0
0.0
0.0
0.0
0.0
0.0
0.0
0.0
0.0
0.0
0.0
0.0
0.0
0.0
0.0
0.0
0.0
0.0
0.0
0.0
0.0
0.0
0.0
0.0
0.0
0.0
0.0
0.0
0.0
0.0
0.0
0.0
0.0
0.0
0.0
0.0
0.0
0.0
0.0
0.0
0.0
0.0
0.0
0.0
0.0
0.0
0.0
0.0
0.0
0.0
0.0
0.0
0.0
0.0
0.0
0.0
0.0
0.0
0.0
0.0
0.0
0.0
0.0
0.0
0.0
0.0
0.0
0.0
0.0
0.0
0.0
0.0
0.0
0.0
0.0
0.0
0.0
0.0
0.0
0.0
0.0
0.0
0.0
0.0
0.0
0.0
0.0
0.0
0.0
0.0
0.0
0.07356743732727151
0.10528609437640589
0.17616979744712535
0.22297754821679866
0.29479541464222175
0.3569359901858534
0.36760222852270136
0.38690228116641123
0.4038597599235206
0.48896430025188103
0.4842549626467228
0.5246682763703322
0.5948256625985504
0.7116592757064528
0.8900396744336732
1.1338028569161003
1.3968598395602576
1.6162540937864414
1.761401782476771
1.8324571464270867
1.845947531025747
1.8396845474234242
1.8396260130344821
1.8424741392456452
1.8624312041983149
1.8950078941035586
1.9230696265538894
1.9401233871639618
1.9583214773103343
1.972866817981729
1.9866792248418834
1.9988711976655733
2.0086996088900384
2.0169929967982467
2.023526712981143
2.0280084813275194
2.030815571791776
2.0320000774622207
2.031581411064779
2.0296501419954827
2.026317646665289
2.021700757598302
2.015875555972475
2.009119631624233
2.001711530843864
1.993846650407646
1.98568936779116
1.977235314369518
1.9680704817603767
1.9579736993327173
1.9465977125196086
1.9340151338122986
1.9204433032137234
1.906423434130173
1.8926000514494288
1.8796833655338894
1.8681957050022147
1.8583503572795526
1.850122212924356
1.8433223321696148
1.8376751676019631
1.8329045273593239
1.8287715895747052
1.8250916996069249
1.8217270191827797
1.8185765522313624
1.8155737326276786
1.812681499859861
1.8099091380396397
1.8072545924505536
1.804710931300197
1.8023046108290675
1.800052799394664
1.79792801273859
1.7959118157253662
1.794002099993585
1.7921621296712444
1.7903603364352274
1.7885951995812488
1.7869083133483825
1.7853297431275328
1.7838574126686653
1.782489448894086
1.7812084866106912
1.7799658298017909
1.7787281173456093
1.7772659350576918
1.7756543297427168
1.7744007510578392
1.7727419130168802
1.7713698994338394
1.7697974713999576
1.7680227273495837
1.7662807939014789
1.764597194609681
1.7630406686050288
1.76165400639334
1.7604096884560987
1.7592561756397036
1.7581469079900625
1.7570165377661933
1.755820987011357
1.7545011882398738
1.753020909054096
1.75143554033168
1.749891829172097
1.7485019920871143
1.7472973637936617
1.7462894662575401
1.7454259186295025
1.7445633848693032
1.7435210828950523
1.7422594300888885
1.7408452079851637
1.739321216443288
1.7376943128873323
1.7360348574769675
1.7344174399581058
1.7328336977933168
1.7312649269978944
1.7297066671815526
1.728158809879314
1.7266212489780093
1.7250938789977208
1.7235765953030482
1.7220692948134118
1.7205718759727449
1.719084238719924
1.7176062844599038
1.7161379160355505
1.71467903770014
1.7132295550905126
1.7117893752008573
1.7103584063571176
1.7089365581919471
1.7075237416067992
1.7061198642297979
1.704724805519642
1.7033384165527359
1.7019605995612352
1.700591333028203
1.6992305761626079
1.6978782605854783
1.696534365408618
1.6951988466296302
1.6938715185496735
1.6925521386548823
1.6912405550009912
1.6899366031798002
1.6886399960452554
1.6873505607685797
1.686068275245436
1.6847928843628475
1.6835242102258055
1.6822627948650284
1.681012595388274
1.6797779492158214
1.6785543613370326
1.6773518932822316
1.6761374270379819
1.6719331099373946