0.0
0.0
0.0
0.0
0.0
0.0
0.0
0.0
0.0
0.0
0.0
0.0
0.0
0.0
0.0
0.0
0.0
0.0
0.0
0.0
0.0
0.0
0.0
0.0
0.0
0.0
0.0
0.0
0.0
0.0
0.0
0.0
0.0
0.0
0.0
0.0
0.0
0.0
0.0
0.0
0.0
0.0
0.0
0.0
0.0
0.0
0.0
0.0
0.0
0.0
0.0
0.0
0.0
0.0
0.0
0.0
0.0
0.0
0.0
0.0
0.0
0.0
0.0
0.0
0.0
0.0
0.0
0.0
0.0
0.0
0.0
0.0
0.0
0.0
0.0
0.0
0.0
0.0
0.0
0.0
0.0
0.0
0.0
0.0
0.0
0.0
0.0
0.0
0.0
0.0
0.0
0.0
0.0
0.0
0.07230973079229658
0.10022802042362802
0.1946280087661006
0.2283478336309784
0.25455703563737164
0.3425989077005374
0.3492169574054719
0.40063934438624815
0.3935329572072031
0.4207810233248179
0.47426240356735333
0.5732767629251942
0.7358279704414749
0.975071143316307
1.2465644999214176
1.475258756448061
1.6225486646994083
1.688571024492706
1.6921821013968414
1.6764802989838872
1.6691722305203698
1.6657687862261623
1.6777260390892306
1.700772955418032
1.718382615172759
1.7252104909729415
1.7327481835183172
1.7370168865954363
1.740553343957083
1.7426991193336048
1.742982471635154
1.7422040927976934
1.7402206087316343
1.7369702187909444
1.732811841264037
1.7278011468980743
1.7220195909605278
1.7155700470448518
1.708508158891231
1.700962456213949
1.6928809842251693
1.6845561807792055
1.6761519050977318
1.667849367873765
1.6597673269744366
1.6517721446981801
1.643591739467847
1.63489965401624
1.6253822720984448
1.6148600167221463
1.6035160963245767
1.5918048680701127
1.5802657670602487
1.5694916924158544
1.559917024417045
1.5517172351618411
1.5448689683573282
1.5392128640208689
1.534518092095202
1.5305538919760813
1.5271210299882656
1.5240656162309396
1.5212728668831297
1.5186587224237804
1.5161677896685668
1.5137691795833335
1.5114705442474743
1.5092701212254327
1.5071620555758505
1.5051682211339907
1.503302830551563
1.5015430353846344
1.4998734915216099
1.498292452069724
1.496769459720328
1.495278323240262
1.493817714660206
1.4924220445819787
1.4911161916094793
1.4898983987700873
1.4887670998640588
1.4877079421269677
1.4866806248256332
1.4856577966434075
1.4844494838932494
1.4831172771934316
1.4820819794766686
1.4807112285332589
1.4795781716988359
1.4782797625723565
1.4768142478423756
1.475376060346558
1.4739862074076024
1.4727014215859169
1.4715570357601406
1.4705303095694313
1.4695786754908517
1.4686637220170702
1.4677315206124621
1.4667457462119005
1.4656576953924187
1.4644374516235235
1.4631306441122969
1.4618582856454014
1.4607128990037828
1.4597202591365992
1.4588898563036483
1.4581785782542875
1.4574683776054267
1.456610250630723
1.4555715605893838
1.4544073851979518
1.453153047864049
1.4518141841973444
1.4504487309002443
1.4491181363920271
1.4478155136904363
1.446525456440277
1.4452442887008483
1.443971918169712
1.442708254530545
1.4414532080378477
1.4402066896898305
1.4389686118119773
1.4377388880311546
1.4365174332503414
1.4353041636239663
1.4340989965338378
1.4329018505656435
1.4317126454860072
1.4305313022200847
1.4293577428296906
1.4281918904919118
1.42703366947047
1.4258830014067625
1.4247397849044552
1.4236038953220445
1.4224752499840978
1.421353828774613
1.420239595801973
1.4191324925528597
1.418032499460701
1.4169395781227092
1.4158535741693155
1.414774286769944
1.4137015893724996
1.412635345388993
1.411575317841264
1.4105213633372695
1.4094734619859637
1.4084314033435268
1.4073950398057349
1.4063648102050634
1.4053439432116368
1.4043359807111933
1.403337239489122
1.4023559537773311
1.401366989615819
1.3980755941597338