0.0
0.0
0.0
0.0
0.0
0.0
0.0
0.0
0.0
0.0
0.0
0.0
0.0
0.0
0.0
0.0
0.0
0.0
0.0
0.0
0.0
0.0
0.0
0.0
0.0
0.0
0.0
0.0
0.0
0.0
0.0
0.0
0.0
0.0
0.0
0.0
0.0
0.0
0.0
0.0
0.0
0.0
0.0
0.0
0.0
0.0
0.0
0.0
0.0
0.0
0.0
0.0
0.0
0.0
0.0
0.0
0.0
0.0
0.0
0.0
0.0
0.0
0.0
0.0
0.0
0.0
0.0
0.0
0.0
0.0
0.0
0.0
0.0
0.0
0.0
0.0
0.0
0.0
0.0
0.0
0.0
0.0
0.0
0.0
0.0
0.0
0.0
0.0
0.0
0.0
0.0
0.0
0.0
0.0
0.0
0.0
0.07218221590328099
0.15508004890971328
0.18350088887923424
0.3084334096673436
0.30707969133695306
0.32817663127087504
0.32431689357661203
0.3413754416455304
0.38065721333067337
0.46309691520719165
0.6089884961856245
0.8430531685940916
1.1296352229070399
1.3826024396825225
1.5498634875712871
1.6309856954115765
1.6448829084229055
1.6336176065888321
1.629346336500236
1.6284707116261614
1.6439450110441882
1.6721980274551682
1.6957348020163738
1.7071662683020898
1.719532658446256
1.7281775902187526
1.7360609002673149
1.7421576510115093
1.7460230389346028
1.748461641631436
1.749358884039777
1.748543523517525
1.7464378459427805
1.7431301157521333
1.738696405775132
1.733264793055443
1.7269545182333221
1.719868279261972
1.7121033910595327
1.7039443989879948
1.69544925207135
1.6869102461411283
1.6784155101553728
1.6699703505800254
1.661342633093417
1.652189051836998
1.6421820284870206
1.631135940160769
1.6192457529937667
1.6069893191175255
1.5949308960472637
1.5836870105224357
1.5737062337419292
1.5651667872871338
1.5580404388946894
1.5521584009129334
1.5472786078832033
1.5431599193042007
1.53959454547956
1.5364221712773694
1.5335233196548959
1.5308105529870684
1.5282262723224362
1.5257383585150095
1.5233546735432228
1.521073318269129
1.518888165981657
1.516821822510459
1.514888935386534
1.5130657667094989
1.5113363723813242
1.5096988917498986
1.508121747304727
1.5065778025630763
1.5050656772926747
1.5036209732316368
1.5022694062047983
1.5010091248899422
1.4998384755421994
1.4987425749089776
1.4976797113743574
1.496621545903618
1.4953716333424407
1.493993809269143
1.4929230503426951
1.4915056422324924
1.49033407022853
1.4889916728255366
1.4874767339430832
1.4859902338240447
1.484553877178141
1.4832262624978585
1.4820438482937959
1.4809830951332452
1.4799999986322452
1.4790548601607776
1.4780919731675313
1.4770738237725896
1.4759501337097127
1.4746900535766205
1.473340747747503
1.4720271671747007
1.4708447959944102
1.4698201982993657
1.4689631217682229
1.4682290262145663
1.467496061448242
1.4666104858520288
1.4655386696196844
1.4643374817019474
1.4630433942552756
1.4616622560326862
1.4602538506388256
1.458881547457984
1.4575382315565912
1.456208009947472
1.4548870888394079
1.4535753697930984
1.452272756494738
1.4509791532950982
1.4496944653860828
1.4484185994002718
1.4471514633822762
1.4458929667607963
1.444643020321365
1.4434015361797545
1.442168427756029
1.4409436097492212
1.4397269981126182
1.4385185100296398
1.437318063890268
1.4361255792596521
1.4349409730567002
1.4337641385417086
1.4325949451186513
1.4314333054537285
1.4302791966389088
1.4291325795639396
1.4279933918850183
1.4268616113667123
1.4257371964163745
1.4246199861899744
1.423509772136806
1.4224064221818096
1.4213097939810515
1.420219642031791
1.4191358171606379
1.4180582972154858
1.4169868641733394
1.4159213647395326
1.4148622487182458
1.4138128333383433
1.4127767562433
1.4117502298000715
1.410741711375997
1.4097252464425891
1.4063746115284836