0.0
0.0
0.0
0.0
0.0
0.0
0.0
0.0
0.0
0.0
0.0
0.0
0.0
0.0
0.0
0.0
0.0
0.0
0.0
0.0
0.0
0.0
0.0
0.0
0.0
0.0
0.0
0.0
0.0
0.0
0.0
0.0
0.0
0.0
0.0
0.0
0.0
0.0
0.0
0.0
0.0
0.0
0.0
0.0
0.0
0.0
0.0
0.0
0.0
0.0
0.0
0.0
0.0
0.0
0.0
0.0
0.0
0.0
0.0
0.0
0.0
0.0
0.0
0.0
0.0
0.0
0.0
0.0
0.0
0.0
0.0
0.0
0.0
0.0
0.0
0.0
0.0
0.0
0.0
0.0
0.0
0.0
0.0
0.0
0.0
0.0
0.0
0.0
0.0
0.0
0.0
0.0
0.0
0.0
0.0
0.0
0.03594967704352493
0.13942666790882471
0.1538934238252122
0.3203681247581697
0.30444522595617424
0.2995594074764974
0.31509644877933307
0.3223280321730667
0.3520259438190182
0.428954610292749
0.5699537154848378
0.8010315168848706
1.089634017681671
1.350020319226056
1.528418845405216
1.625856695958571
1.6600921968286435
1.6653640478452174
1.674242853627508
1.6861855569349598
1.717219981152921
1.765683965611073
1.8132113355946757
1.847581280333359
1.8850420496743843
1.9193205859214477
1.9538273075429335
1.9874450352526725
2.019056077492294
2.049604767620537
2.0785940517211254
2.1053553813977004
2.130204681500894
2.1527886707876
2.1728484092970133
2.1903445180264267
2.2050180297730075
2.2169214724109056
2.225928891300194
2.232222209839593
2.236092120862721
2.237760848886285
2.2376812935429258
2.2358357385667587
2.2319272659554574
2.225635570558809
2.216484868625422
2.2043198245410847
2.1896141295183216
2.1733477337752003
2.156597096272702
2.1406927290385296
2.1266075229144974
2.1145781495033926
2.104553534061121
2.096288119304371
2.0894365914036133
2.083657283584581
2.078656884779254
2.074209559520577
2.070147243924648
2.06634711654979
2.0627283473861593
2.059245996449558
2.0559108252557126
2.0527199779163277
2.0496648918068714
2.046776963842402
2.044076276978413
2.0415295508483844
2.0391144651782764
2.036828157427769
2.0346264814919426
2.03247164442448
2.0303618757185338
2.0283467491781777
2.0264619274043087
2.024704752139831
2.023072781695513
2.021545076387788
2.020063511668437
2.018587779267251
2.0168454243387233
2.0149272017061626
2.0134340229855714
2.0114610234951926
2.0098288017776045
2.0079590439797994
2.005850376567583
2.003781809604968
2.001783668295435
1.9999373198079304
1.9982931350846154
1.9968182024755388
1.9954512856933126
1.9941370880172788
1.992798228380835
1.9913825259963738
1.989820222160828
1.988068826259087
1.9861942477038037
1.9843699772741124
1.98272832788053
1.9813060399648557
1.9801163612629515
1.9790970958135072
1.9780789289371752
1.9768488991620088
1.9753607312948767
1.9736933673097345
1.971897380265052
1.9699811306482797
1.9680276006943915
1.9661244409595184
1.9642617314843245
1.9624174597932247
1.9605863693393215
1.958768316012925
1.956963158848927
1.955170758001305
1.9533909749838314
1.9516236734933095
1.949868719364293
1.948125980524968
1.9463953269541738
1.9446766306395193
1.9429697655365605
1.9412746075290148
1.9395910343899694
1.9379189257440643
1.9362581630305222
1.9346086294450557
1.9329702046053618
1.9313427355529347
1.9297260366734235
1.9281199823747843
1.9265245360389798
1.9249396387235405
1.9233651996321492
1.9218011833461395
1.920247527538729
1.9187040054133488
1.917170324739211
1.9156462988887732
1.9141317269758182
1.9126262662780487
1.9111297073377531
1.9096420154566458
1.9081628862173667
1.9066921059292259
1.905230298321776
1.9037820381268356
1.9023523238144553
1.9009359492663191
1.899544485965729
1.898136511181217
1.893256469922674