0.0
0.0
0.0
0.0
0.0
0.0
0.0
0.0
0.0
0.0
0.0
0.0
0.0
0.0
0.0
0.0
0.0
0.0
0.0
0.0
0.0
0.0
0.0
0.0
0.0
0.0
0.0
0.0
0.0
0.0
0.0
0.0
0.0
0.0
0.0
0.0
0.0
0.0
0.0
0.0
0.0
0.0
0.0
0.0
0.0
0.0
0.0
0.0
0.0
0.0
0.0
0.0
0.0
0.0
0.0
0.0
0.0
0.0
0.0
0.0
0.0
0.0
0.0
0.0
0.0
0.0
0.0
0.0
0.0
0.0
0.0
0.0
0.0
0.0
0.0
0.0
0.0
0.0
0.0
0.0
0.0
0.0
0.0
0.0
0.0
0.0
0.0
0.0
0.0
0.0
0.0
0.0
0.0
0.0
0.0
0.0
0.0
0.0
0.0
0.0
0.0
0.0
0.0
0.0
0.0
0.0
0.0
0.0
0.0
1.310372195312418
1.404076177416126
1.5120431945402746
1.5481364574611636
1.5507062926954331
1.556696016262161
1.5663419312237317
1.594318396546654
1.6409746687899127
1.6874725823077577
1.7187818295036963
1.752906401278201
1.783371492342591
1.813889858067415
1.8432361238867463
1.8701796369544417
1.8956703005977733
1.9192708041019397
1.9403712841761542
1.959188184856998
1.9754729292074595
1.9891853524258125
2.000231876756198
2.0085607458425025
2.014156663159352
2.01702839319445
2.0175184945716294
2.0160251228788977
2.0128286539079943
2.0083329930136724
2.0026066755562075
1.9953937036500615
1.9864203488524266
1.9753145613839393
1.9619638161938007
1.9467301134287416
1.9307226085636275
1.915047236552305
1.9004900227750425
1.8876103129448398
1.8766187768246587
1.8674646856159116
1.8599210397247803
1.853670662720616
1.848400503058864
1.8438421867307748
1.8397892620128422
1.836088191550272
1.8326268167851305
1.8293313330947374
1.8261606478829324
1.823124507664278
1.820220249402178
1.8174399592823804
1.8148121594765592
1.8123551223977623
1.8100384897610138
1.8078418812117636
1.8057627021034208
1.8037607624774818
1.8018016303966455
1.799883617686055
1.798051788720048
1.796338576149445
1.7947415297310034
1.7932584219820813
1.7918702423594832
1.7905241394534561
1.789183754495259
1.7876011538398955
1.7858582593164296
1.7845026006494193
1.782710358785492
1.7812283938524727
1.7795308610119647
1.77761626819983
1.775738245389877
1.7739242544532874
1.7722481632077036
1.7707557365022952
1.769417090547603
1.7681766164200525
1.7669841407226683
1.7657694179816243
1.7644851277064861
1.763067970373269
1.761479323683909
1.7597789094447578
1.7581241492680844
1.756635115927855
1.755345109291151
1.7542661715980432
1.7533419713601464
1.7524190102000445
1.751304054808096
1.7499550720683414
1.7484436979617957
1.7468158489435983
1.7450790659081188
1.7433085786163052
1.7415839077664397
1.7398960623276132
1.73822507425098
1.7365661724308012
1.7349192229056851
1.7332840946428587
1.7316606576993983
1.7300487834382068
1.7284483452725807
1.7268592186233007
1.7252812808768379
1.723714411344641
1.7221584912234698
1.720613403556743
1.719079033196869
1.717555266768529
1.716041992632888
1.7145391008526443
1.7130464831417835
1.7115640280540017
1.71009159472702
1.7086290127568924
1.707176166088517
1.7057330192770144
1.7042995167235488
1.7028755740003163
1.701461156858541
1.7000562068359248
1.698660516726933
1.6972738201320585
1.6958959462936563
1.69452671170645
1.6931658045465496
1.6918130335243549
1.690468365640188
1.689131523930899
1.6878023130665463
1.6864812927221144
1.6851725947206444
1.6838807388041155
1.6826010084598297
1.6813438916633572
1.6800743123647992
1.67583939425863