0.0
0.0
0.0
0.0
0.0
0.0
0.0
0.0
0.0
0.0
0.0
0.0
0.0
0.0
0.0
0.0
0.0
0.0
0.0
0.0
0.0
0.0
0.0
0.0
0.0
0.0
0.0
0.0
0.0
0.0
0.0
0.0
0.0
0.0
0.0
0.0
0.0
0.0
0.0
0.0
0.0
0.0
0.0
0.0
0.0
0.0
0.0
0.0
0.0
0.0
0.0
0.0
0.0
0.0
0.0
0.0
0.0
0.0
0.0
0.0
0.0
0.0
0.0
0.0
0.0
0.0
0.0
0.0
0.0
0.0
0.0
0.0
0.0
0.0
0.0
0.0
0.0
0.0
0.0
0.0
0.0
0.0
0.0
0.0
0.0
0.0
0.0
0.0
0.0
0.0
0.0
0.0
0.0
0.0
0.0
0.0
0.0
0.0
0.0
0.0
0.0
0.0
0.0
0.0
0.0
0.029011793571390068
0.04890066334505528
0.08869925951982953
0.07985315238059885
0.08393003596446152
0.34632764761041984
0.438424058066759
0.5546907081026746
0.6737091332779607
0.7873813206544119
0.8899567834159833
0.9778965762222005
1.0480106422845894
1.1035811169340826
1.1508565629490983
1.1917328748311713
1.225291848204373
1.2491000525251785
1.2591941609399397
1.2551902683168181
1.241579282249375
1.2230779029003336
1.203609049218827
1.1863917491689238
1.1713979402329493
1.1581723225328773
1.1465625087502287
1.136198658314073
1.126655430267
1.117784416721425
1.1096490008580042
1.102462131482741
1.096321093780547
1.0910316707888428
1.0864725926804768
1.0827034149931443
1.0795772725813357
1.0768738760359997
1.074533545614377
1.0724580675545166
1.0705117436472413
1.0686637767662237
1.0669315739654992
1.0653095380681448
1.063792490134335
1.0623601053707907
1.0609729894262108
1.059614199188103
1.0582974154063702
1.0570307648876154
1.0558124517626515
1.054640763805919
1.0535096523008904
1.0524044549884592
1.0513164293728987
1.0502724947781
1.0492972777205956
1.0483883454214176
1.047543455374469
1.0467598146443409
1.0460099249654107
1.0452682215323426
1.0445346045676747
1.0438089760660298
1.0430912517151025
1.0423877392139407
1.0417174809310568
1.0410924832681596
1.0405115488057655
1.0399735621827706
1.039471393567642
1.0389857226280252
1.038503696761771
1.0379359330684657
1.0373118188417836
1.036828901307905
1.036191151385572
1.0356661966120764
1.0350667514925203
1.0343927524336236
1.03373418268582
1.0331004339545735
1.0325169708918596
1.031999238080652
1.0315363441192404
1.0311086763323165
1.0306987595231856
1.0302823861399344
1.0298434907174008
1.029360721969404
1.028821330149337
1.0282460388504975
1.0276883078377705
1.0271882998249575
1.0267565670893999
1.0263965664620038
1.026089117428564
1.0257830072559326
1.0254141811480892
1.0249692254276364
1.0244724955552986
1.0239396867682369
1.023373704420258
1.0227994172383477
1.022242707840975
1.021700520119408
1.0211663284904149
1.0206385638206976
1.0201171549647434
1.0196020321328436
1.0190931262992615
1.018590369268195
1.0180936939023424
1.0176030341010407
1.0171183247789577
1.016639501845321
1.016166502183665
1.0156992636320885
1.0152377249639966
1.014781825869322
1.014331506936206
1.013886709633131
1.0134473762914837
1.013013450088545
1.0125848750308888
1.012161595938179
1.0117435584273557
1.0113307088971966
1.0109229945132434
1.0105203631930875
1.0101227635919954
1.0097301450888763
1.0093424577725716
1.008959652428464
1.008581680525397
1.0082084942028913
1.0078400462586563
1.0074762901363858
1.007117179913829
1.0067626702911314
1.006412716579439
1.0060672746897548
1.0057263011220468
1.0053897529545957
1.0050575878332801
1.0047297635803298
1.0044057455620894
1.0034458089833243