0.0
0.0
0.0
0.0
0.0
0.0
0.0
0.0
0.0
0.0
0.0
0.0
0.0
0.0
0.0
0.0
0.0
0.0
0.0
0.0
0.0
0.0
0.0
0.0
0.0
0.0
0.0
0.0
0.0
0.0
0.0
0.0
0.0
0.0
0.0
0.0
0.0
0.0
0.0
0.0
0.0
0.0
0.0
0.0
0.0
0.0
0.0
0.0
0.0
0.0
0.0
0.0
0.0
0.0
0.0
0.0
0.0
0.0
0.0
0.0
0.0
0.0
0.0
0.0
0.0
0.0
0.0
0.0
0.0
0.0
0.0
0.0
0.0
0.0
0.0
0.0
0.0
0.0
0.0
0.0
0.0
0.0
0.0
0.0
0.0
0.0
0.0
0.0
0.0
0.0
0.0
0.0
0.0
0.0
0.0
0.0
0.0
0.0
0.0
0.0
0.0
0.0
0.0
0.0
0.0
0.0
0.0
0.0
0.0
0.0
1.43868978720061
1.4260488416684913
1.4668561124703865
1.474028071052352
1.4836826077348122
1.496876089001197
1.5283522178865832
1.5804481966743347
1.6352152353554972
1.67510831004985
1.7187670724549569
1.7597154109426267
1.8017985472294555
1.8438714594086667
1.8846541913222743
1.9252649462688425
1.9649584802390223
2.0031059397744233
2.0398722338119155
2.074781273793075
2.1076249626129093
2.138060285998782
2.165723844664018
2.190313112009533
2.2114549486379804
2.2291925259909413
2.243738238562294
2.2553935610734515
2.2644263778920175
2.270833671323557
2.2741782471497762
2.2739114919434633
2.2695146108571636
2.2606626903227998
2.2478812538951387
2.2323505169387743
2.2156208912078177
2.19918105704701
2.184089207503412
2.1709992339458313
2.1599956860793106
2.1509295789064242
2.143423822677753
2.1370991623082416
2.1316316064221366
2.1267724049162258
2.122336820345291
2.1181900758303924
2.1142435554167633
2.110448015344935
2.10681488305978
2.1033407692278865
2.1000161658130168
2.0968749717216384
2.093938682683616
2.0911708886377918
2.088547167711635
2.086064190182562
2.083673895243479
2.081335225513654
2.079046273087579
2.07686072788398
2.0748171080001683
2.0729124105999404
2.071143856409699
2.0694886156439116
2.0678836738197437
2.066285077133407
2.0643982842847532
2.0623223048182857
2.0607058092048467
2.0585714953700602
2.0568057030895326
2.0547834939729777
2.0525038810996414
2.0502683161889608
2.0481095682816344
2.0461154123584637
2.044340023376634
2.0427476931998045
2.041272220208317
2.0398538439623675
2.0384090677750253
2.0368816011915434
2.035196284771621
2.03330750437065
2.0312865462283023
2.0293204353618637
2.027551603707592
2.026019476799793
2.02473812312771
2.0236403519894997
2.0225437361761567
2.0212191358642064
2.0196169552646825
2.017822287819074
2.0158896374439155
2.0138281509302223
2.0117271589995473
2.0096808462937545
2.007678499468305
2.005696443403456
2.003729018331175
2.001776057383361
1.9998373973783217
1.997912876637619
1.996002335237281
1.9941056158830015
1.9922225638531614
1.9903530269433984
1.9884968554126528
1.986653901930665
1.9848240215268584
1.9830070715405725
1.9812029115726058
1.9794114034380217
1.9776324111200525
1.9758658006985983
1.9741114346199335
1.9723691406723654
1.970638711980086
1.9689200061635728
1.967212976173634
1.9655175512061627
1.9638336265798635
1.9621611569492412
1.960500068256572
1.9588501108408203
1.9572109654578371
1.9555824259445445
1.9539642710672993
1.9523561284509185
1.9507577683771562
1.949169147748314
1.9475899357803224
1.9460198991383237
1.9444596997201038
1.9429142133775557
1.9413887606076379
1.9398777844759818
1.9383935930864693
1.936890853646137
1.931744789609037