0.0
0.0
0.0
0.0
0.0
0.0
0.0
0.0
0.0
0.0
0.0
0.0
0.0
0.0
0.0
0.0
0.0
0.0
0.0
0.0
0.0
0.0
0.0
0.0
0.0
0.0
0.0
0.0
0.0
0.0
0.0
0.0
0.0
0.0
0.0
0.0
0.0
0.0
0.0
0.0
0.0
0.0
0.0
0.0
0.0
0.0
0.0
0.0
0.0
0.0
0.0
0.0
0.0
0.0
0.0
0.0
0.0
0.0
0.0
0.0
0.0
0.0
0.0
0.0
0.0
0.0
0.0
0.0
0.0
0.0
0.0
0.0
0.0
0.0
0.0
0.0
0.0
0.0
0.0
0.0
0.0
0.0
0.0
0.0
0.0
0.0
0.0
0.0
0.0
0.0
0.0
0.0
0.0
0.0
0.0
0.0
0.0
0.0
0.0
0.0
0.0
0.0
0.0
0.0
0.0
0.0
0.0
0.0
0.0
0.0
0.0
1.4970723173377056
1.3983966003295198
1.4064328164376871
1.4151705773204277
1.4270093971795181
1.4569805760332952
1.5076741365263502
1.5619311433944607
1.6019899481911608
1.6452393434387138
1.6857480222250696
1.7274639425674956
1.76908582210469
1.8094093815268635
1.8496237990617204
1.8888791731279602
1.926567111600082
1.9627105321142564
1.997092178578477
2.029210709696501
2.058839961900393
2.0855871633163625
2.1090030180755113
2.1289942299753184
2.1455045768993384
2.1586542415062957
2.1688594040417857
2.1764372622479216
2.1813104714987332
2.183159443756988
2.18156463852116
2.1759603675721997
2.166082578730009
2.152487819961078
2.136470726911802
2.1194428417799376
2.102948916472758
2.0879085304153286
2.074976198252869
2.064227603308556
2.0553832995396886
2.0480639356334915
2.0418982935162076
2.0365696492714838
2.0318350213583978
2.027514059339249
2.023475240611275
2.0196321029101583
2.015936569028486
2.0123996997834057
2.0090181265690337
2.005782504515076
2.0027257650745627
1.9998687841224954
1.9971760629813844
1.9946237797520123
1.9922086745936418
1.9898839621859126
1.9876096702582733
1.9853839008127923
1.9832588487110863
1.981271955055177
1.9794202672815395
1.9777010634805412
1.9760921456086493
1.9745322388724846
1.9729787364133877
1.9711452120965034
1.9691276810399512
1.9675572184491488
1.9654833399807952
1.9637679360894398
1.9618035524721469
1.959589151442254
1.9574177074261494
1.9553210100389902
1.953384295848897
1.9516601746274638
1.950113944282779
1.9486812920837926
1.9473041881610298
1.9459015500040977
1.9444187432188704
1.9427828088468955
1.9409494504976665
1.938987851408775
1.9370795694351075
1.9353628580006308
1.9338759486918435
1.9326324865180078
1.9315672861621558
1.9305033381742913
1.929218252234325
1.927663890884908
1.925922862391621
1.9240480907821758
1.9220484455652045
1.9200105950648902
1.9180259296900108
1.9160840525713732
1.9141619898972941
1.9122542472684962
1.9103606595520937
1.908481065273322
1.9066153044955605
1.9047632190617314
1.9029246534410036
1.9010994546713849
1.899287472303874
1.8974885583481227
1.895702567219567
1.8939293556879635
1.8921687828272993
1.8904207099670283
1.8886850006445908
1.8869615205590642
1.8852501375020008
1.8835507158126472
1.8818630863181447
1.8801870463070827
1.8785224555947897
1.8768692664086921
1.8752274080093037
1.8735967768653328
1.871977326969713
1.8703689845885205
1.8687715059813148
1.8671845800662727
1.8656080053535538
1.8640415658625158
1.8624848992970409
1.860937781523537
1.85940016921962
1.8578717405572336
1.856352267890991
1.8548423891415065
1.8533468208500243
1.8518707117111184
1.8504086775553725
1.8489726429582136
1.8475199307826102
1.8426383326928275