0.0
0.0
0.0
0.0
0.0
0.0
0.0
0.0
0.0
0.0
0.0
0.0
0.0
0.0
0.0
0.0
0.0
0.0
0.0
0.0
0.0
0.0
0.0
0.0
0.0
0.0
0.0
0.0
0.0
0.0
0.0
0.0
0.0
0.0
0.0
0.0
0.0
0.0
0.0
0.0
0.0
0.0
0.0
0.0
0.0
0.0
0.0
0.0
0.0
0.0
0.0
0.0
0.0
0.0
0.0
0.0
0.0
0.0
0.0
0.0
0.0
0.0
0.0
0.0
0.0
0.0
0.0
0.0
0.0
0.0
0.0
0.0
0.0
0.0
0.0
0.0
0.0
0.0
0.0
0.0
0.0
0.0
0.0
0.0
0.0
0.0
0.0
0.0
0.0
0.0
0.0
0.0
0.0
0.0
0.0
0.0
0.0
0.0
0.0
0.0
0.0
0.0
0.0
0.0
0.0
0.0
0.0
0.0
0.0
0.0
0.0
1.413382176410985
1.3348999731707716
1.344949427525203
1.354236016563065
1.365903526251648
1.395278979444823
1.445715346817745
1.5010875749181658
1.5432482728334092
1.5883276779344762
1.631110542051489
1.6756087975515885
1.7203011861524966
1.7640602792868672
1.8081520460145188
1.8517046832648842
1.8942412820186965
1.9359646440635343
1.976349345819462
2.0148079759536115
2.0512478375098735
2.0851131341004563
2.1159843918437278
2.143376053973213
2.167298382071277
2.1876933494713984
2.2048293124446383
2.2188572999802467
2.2298775393679424
2.2375098905061814
2.2409968669734357
2.2395350201034967
2.2328317499558468
2.221339515803392
2.206469864849792
2.189902239284419
2.173375327345202
2.1581942382739165
2.1448674534395495
2.1336472028389823
2.124343948395472
2.1166070177614
2.110082980100073
2.1044465221420503
2.09943986902067
2.0948718523567367
2.0906031623267247
2.0865422558640456
2.082638258279062
2.0789027164924034
2.075331950390495
2.071916031577893
2.06868960640136
2.0656745371285896
2.0628332701990555
2.0601406086502903
2.057593002343908
2.0551410528842657
2.0527426049257964
2.050395684002426
2.0481552802670766
2.046060784555954
2.044109034180796
2.042297097300618
2.0406015061716585
2.0389576757581453
2.0373204967306577
2.0353885309487203
2.033263437254456
2.0316087216548833
2.029424625869706
2.027617808505623
2.025548988318005
2.023217378191336
2.0209312946404268
2.0187242213938212
2.0166858176503144
2.0148713345645297
2.013244171497648
2.011736613429283
2.01028755938149
2.0088117076696594
2.0072515752553297
2.0055304542126584
2.0036018692958897
2.0015387128175064
1.9995319226576438
1.9977267935252347
1.9961634547865121
1.9948561485038196
1.9937362259986007
1.9926175439136453
1.9912664299620968
1.989632409762673
1.9878023546340948
1.9858319088116896
1.9837304756889933
1.981589158221645
1.9795039260055556
1.9774638329729886
1.9754447428896478
1.9734408809862574
1.9714520687839876
1.9694781317819257
1.9675188972275393
1.965574194366825
1.9636438553291429
1.9617277150630539
1.9598256112739334
1.9579373843633083
1.9560628773698532
1.954201935911998
1.952354408132086
1.9505201446420417
1.9486989984704903
1.9468908250111552
1.9450954819450343
1.9433128234113226
1.9415426684918982
1.9397848012342511
1.9380390713768503
1.936305425602897
1.9345837865674924
1.932874042643018
1.931176142547981
1.9294900059339397
1.927815374343818
1.9261519189085818
1.9244994257016472
1.9228576656536724
1.9212262565570803
1.9196049611297274
1.9179937314801259
1.9163922280796024
1.9148002104540953
1.9132183460832484
1.9116515737028
1.9101052799986913
1.9085738267912857
1.9070696790100718
1.9055470138455184
1.9004170296349798