0.0
0.0
0.0
0.0
0.0
0.0
0.0
0.0
0.0
0.0
0.0
0.0
0.0
0.0
0.0
0.0
0.0
0.0
0.0
0.0
0.0
0.0
0.0
0.0
0.0
0.0
0.0
0.0
0.0
0.0
0.0
0.0
0.0
0.0
0.0
0.0
0.0
0.0
0.0
0.0
0.0
0.0
0.0
0.0
0.0
0.0
0.0
0.0
0.0
0.0
0.0
0.0
0.0
0.0
0.0
0.0
0.0
0.0
0.0
0.0
0.0
0.0
0.0
0.0
0.0
0.0
0.0
0.0
0.0
0.0
0.0
0.0
0.0
0.0
0.0
0.0
0.0
0.0
0.0
0.0
0.0
0.0
0.0
0.0
0.0
0.0
0.0
0.0
0.0
0.0
0.0
0.0
0.0
0.0
0.0
0.0
0.0
0.0
0.0
0.0
0.0
0.0
0.0
0.0
0.0
0.0
0.0
0.0
0.0
0.0
0.0
1.372304580374047
1.3039087078387568
1.31515150655228
1.324743666141276
1.3362283763299967
1.3650800771855358
1.4150044012443164
1.4705673809734305
1.5135823359439036
1.559103552559597
1.6026256993252215
1.648188760213321
1.693923090451091
1.738983317020705
1.7848359806573337
1.8303600606004125
1.875102583576788
1.9193961219967723
1.9627394199740054
2.0046381417060872
2.044659386315557
2.0824132184250965
2.117371039991183
2.1489752694958386
2.1771543997202296
2.201782642788968
2.2230016315144274
2.2410634190690635
2.2559417679182463
2.2671873154148465
2.2739849573590236
2.275408701225519
2.270904084685556
2.261049878719897
2.2472022229056745
2.231139370186659
2.2148140697603886
2.199610038017979
2.186308805059244
2.1749591457557784
2.165532813182245
2.1576874203347955
2.151052501001779
2.145298329915799
2.1401671230709183
2.135465641229061
2.1310632236506066
2.126875628502673
2.1228503576381237
2.1189992387121346
2.115318409527149
2.111797605168592
2.10847246833095
2.1053654308518426
2.1024377446682716
2.0996634142779595
2.0970387176852645
2.09451273682652
2.0920420488944425
2.0896246384670034
2.0873171210778505
2.0851600195590225
2.0831500491487027
2.0812841547932606
2.0795381277277456
2.0778454576449885
2.0761595648534126
2.0741702984759196
2.0719826303272346
2.0702788509434003
2.0680306272640347
2.0661705904280856
2.0640409701022087
2.0616411397800936
2.0592883311098986
2.0570170166917023
2.054919428498725
2.053052351309628
2.051378078419405
2.0498269149147443
2.048335971092979
2.0468174903329572
2.0452123302168643
2.043441601374638
2.0414575648393654
2.0393352768943505
2.0372711345790377
2.035414528456991
2.033806692520208
2.032462213759433
2.0313104224164
2.0301598543895882
2.0287702743290033
2.0270898516700857
2.0252079385592787
2.02318176120619
2.0210210364866237
2.018819450045387
2.0166756348845447
2.0145783247407696
2.012502706972439
2.010442843711379
2.008398548735992
2.0063696399893174
2.0043559372856916
2.0023572625659436
2.000373440804365
1.998404299940562
1.9964496708132182
1.9945093870956945
1.992583285233422
1.9906712043830102
1.9887729863530224
1.9868884755463656
1.985017518904237
1.9831599658514252
1.9813156682132538
1.9794844742200257
1.9776661961434776
1.9758606103508252
1.974067560745645
1.972286990816281
1.9705188194039729
1.9687629301999336
1.9670192688850743
1.9652877512881577
1.9635681104052807
1.961860007032363
1.9601632200247927
1.9584775127108052
1.9568024913050404
1.9551379108928542
1.9534837209453022
1.9518395716414356
1.950205215074347
1.9485813360991693
1.9469730031870627
1.9453857417781135
1.9438137658475554
1.9422698539878844
1.9407062520827891
1.9354255873690782