0.0
0.0
0.0
0.0
0.0
0.0
0.0
0.0
0.0
0.0
0.0
0.0
0.0
0.0
0.0
0.0
0.0
0.0
0.0
0.0
0.0
0.0
0.0
0.0
0.0
0.0
0.0
0.0
0.0
0.0
0.0
0.0
0.0
0.0
0.0
0.0
0.0
0.0
0.0
0.0
0.0
0.0
0.0
0.0
0.0
0.0
0.0
0.0
0.0
0.0
0.0
0.0
0.0
0.0
0.0
0.0
0.0
0.0
0.0
0.0
0.0
0.0
0.0
0.0
0.0
0.0
0.0
0.0
0.0
0.0
0.0
0.0
0.0
0.0
0.0
0.0
0.0
0.0
0.0
0.0
0.0
0.0
0.0
0.0
0.0
0.0
0.0
0.0
0.0
0.0
0.0
0.0
0.0
0.0
0.0
0.0
0.0
0.0
0.0
0.0
0.0
0.0
0.0
0.0
0.0
0.0
0.0
0.0
0.0
0.0
0.0
1.328406464680215
1.266395665133781
1.277634683585177
1.2854647156838581
1.2947154835552395
1.3213954692222571
1.3690984667882338
1.4225072552981268
1.4633727769602802
1.5058068342732998
1.545964636254534
1.5875411729540714
1.6286790963290658
1.6684982432663407
1.7084965489073578
1.747527447220632
1.785169598105244
1.8215014208986395
1.856139643125719
1.8886370583876264
1.9187591787341018
1.9460216929422842
1.9698950530622488
1.9900625803922771
2.0065253826903757
2.0193663260809096
2.0289151514533814
2.0355292155118336
2.039307351999942
2.0399787991902882
2.0371859288661236
2.0303963741289017
2.0194382592369804
2.0049270492284483
1.9882557936530034
1.9708656420578654
1.9541263578628725
1.9392896659742742
1.9267111743049925
1.916280990070406
1.9077094283306586
1.9006217392291984
1.8946554166376386
1.8895020797128688
1.8849255670052754
1.8807508137503968
1.8768502727155298
1.8731401297703965
1.8695737343920118
1.8661616098375795
1.8629003537327746
1.8597807805514022
1.8568345045881787
1.8540815296684576
1.8514875004228877
1.849029343524788
1.8467038544019792
1.8444659051641172
1.8422769446234915
1.8401350789959403
1.8380905011165476
1.836179193960775
1.8343982469074651
1.8327449910566376
1.8311980518385869
1.8296984710022994
1.8282054312604417
1.8264434278841268
1.8245045130716855
1.8229960092700797
1.8210036283593725
1.8193562397191683
1.8174700137696083
1.8153438975851253
1.8132593940940789
1.8112469561383022
1.8093883514952351
1.8077340284056154
1.8062506254987543
1.8048763860355281
1.8035556298850302
1.8022105701088451
1.8007888403380008
1.7992205064426225
1.7974631036849105
1.7955829601333595
1.793754134088252
1.792109115908092
1.7906844665172674
1.7894932178323892
1.7884729224749205
1.7874540311721623
1.7862234823822116
1.7847351811911918
1.7830683260369153
1.7812736738327675
1.779359730735826
1.7774094863152077
1.7755104479718986
1.7736526506782726
1.771814091828639
1.7699895047226457
1.7681787243510663
1.766381589385547
1.7645979401449463
1.7628276188214027
1.7610704702854674
1.7593263420263368
1.757595084093743
1.7558765490414496
1.7541705918722932
1.7524770699847287
1.750795843120818
1.7491267733156282
1.747469724847982
1.7458245641924408
1.7441911599519277
1.7425693775729931
1.7409590506516301
1.73935998088688
1.7377720297628367
1.7361951470716823
1.734629260781658
1.7330742676416104
1.7315301193787083
1.7299967414121948
1.7284738971480993
1.7269612858963208
1.7254587116374394
1.7239659647222612
1.7224826961212272
1.7210086886106974
1.7195438975036956
1.7180880127587852
1.7166408139257159
1.7152029038339307
1.7137787700064115
1.712373313331891
1.7109813960996054
1.7096143880694301
1.7082332412860688
1.7037403769837587