0.0
0.0
0.0
0.0
0.0
0.0
0.0
0.0
0.0
0.0
0.0
0.0
0.0
0.0
0.0
0.0
0.0
0.0
0.0
0.0
0.0
0.0
0.0
0.0
0.0
0.0
0.0
0.0
0.0
0.0
0.0
0.0
0.0
0.0
0.0
0.0
0.0
0.0
0.0
0.0
0.0
0.0
0.0
0.0
0.0
0.0
0.0
0.0
0.0
0.0
0.0
0.0
0.0
0.0
0.0
0.0
0.0
0.0
0.0
0.0
0.0
0.0
0.0
0.0
0.0
0.0
0.0
0.0
0.0
0.0
0.0
0.0
0.0
0.0
0.0
0.0
0.0
0.0
0.0
0.0
0.0
0.0
0.0
0.0
0.0
0.0
0.0
0.0
0.0
0.0
0.0
0.0
0.0
0.0
0.0
0.0
0.0
0.0
0.0
0.0
0.0
0.0
0.0
0.0
0.0
0.0
0.0
0.0
0.0
0.0
0.0
1.3690410777727093
1.2922257252490168
1.3004817406659586
1.3048077256653765
1.310775586465461
1.3341303984719315
1.3772686527537417
1.4244767442284032
1.4586641912303153
1.4932118743855323
1.524832454184287
1.5566950963183184
1.5868105753318393
1.6148121553760952
1.6418205994553867
1.66666996391907
1.6891845280081015
1.7094657927860593
1.7272218615120682
1.7422078725656425
1.7544430719315363
1.7637234172258416
1.76989910560859
1.7730229582247743
1.7732895809086273
1.771209588821669
1.7672011722883791
1.7617796200715812
1.7550720843733374
1.7469845149718954
1.737245182394106
1.7255336519145088
1.711716503005948
1.696569213933003
1.6811368547668553
1.6661361630872933
1.6523142964070479
1.6401781836318774
1.6298865608624733
1.6213518482981195
1.6143370403015684
1.6085358725343235
1.6036522261761192
1.5994339191115974
1.5956877314837026
1.5922703865231778
1.589077456002558
1.5860402954854276
1.5831206220522183
1.5803271180136074
1.5776570397770906
1.5751028033449832
1.5726903416974076
1.5704361675958085
1.568312142167103
1.5662993446371978
1.5643952437035535
1.5625628814955543
1.5607706251570401
1.5590168287705037
1.5573426218874362
1.5557775424545957
1.5543192081744976
1.5529654685845664
1.5516988902719737
1.5504711699605724
1.5492493017539553
1.5478070686810572
1.546218972128156
1.5449848295233315
1.5433531668192702
1.5420049439756707
1.5404612148945274
1.5387206778328564
1.5370142033132341
1.5353666413271274
1.5338449738866724
1.5324906159282945
1.5312762904727772
1.530151430200254
1.5290704888987048
1.5279697608436626
1.5268064153112957
1.525523182245813
1.5240851655913892
1.5225465141648062
1.521049739805645
1.5197033866988534
1.5185373859051963
1.5175624828395387
1.5167277092637117
1.5158943915011438
1.5148879940149789
1.5136706603993626
1.5123072459990698
1.5108393489371326
1.5092738537995989
1.5076786576278662
1.5061254595649805
1.5046061193996083
1.5031026206868456
1.5016106508139804
1.5001300756429112
1.4986607639918044
1.497202585972008
1.495755413174821
1.494319119333005
1.4928935802739913
1.4914786738743568
1.4900742800155204
1.4886802805406354
1.4872965592126195
1.485923001673305
1.484559495403658
1.4832059296850506
1.4818621955614966
1.4805281857910984
1.479203790553877
1.477888873997087
1.4765832741267417
1.4752868777309844
1.4739996437682275
1.4727215133477922
1.4714524019876063
1.4701922701192172
1.4689410567837329
1.4676985687217377
1.4664645602680153
1.4652388712900841
1.4640213306598469
1.462811653382899
1.461609661992016
1.4604153200807803
1.459228374599839
1.4580486450266565
1.456876619553656
1.4557159546972014
1.4545706498766722
1.4534365035923769
1.452322819333294
1.45120027543941
1.4476678593191659