0.0
0.0
0.0
0.0
0.0
0.0
0.0
0.0
0.0
0.0
0.0
0.0
0.0
0.0
0.0
0.0
0.0
0.0
0.0
0.0
0.0
0.0
0.0
0.0
0.0
0.0
0.0
0.0
0.0
0.0
0.0
0.0
0.0
0.0
0.0
0.0
0.0
0.0
0.0
0.0
0.0
0.0
0.0
0.0
0.0
0.0
0.0
0.0
0.0
0.0
0.0
0.0
0.0
0.0
0.0
0.0
0.0
0.0
0.0
0.0
0.0
0.0
0.0
0.0
0.0
0.0
0.0
0.0
0.0
0.0
0.0
0.0
0.0
0.0
0.0
0.0
0.0
0.0
0.0
0.0
0.0
0.0
0.0
0.0
0.0
0.0
0.0
0.0
0.0
0.0
0.0
0.0
0.0
0.0
0.0
0.0
0.0
0.0
0.0
0.0
0.0
0.0
0.0
0.0
0.0
0.0
0.0
0.0
0.0
0.0
0.0
1.4187191568697537
1.3369266477990664
1.3468782782142599
1.3533378930058493
1.3614670267523066
1.3866075384217424
1.4317649097942051
1.4818097619551516
1.5197210167152626
1.5578577604156594
1.5939821125194085
1.6310916861059006
1.6669252917392596
1.7013264825600802
1.7352608539926677
1.7676427356583235
1.7984066695367018
1.8276450134821522
1.8547819882881222
1.8795697759159256
1.9018309994313976
1.921027277515806
1.9369502231130435
1.9494643564161238
1.9585254021490088
1.9644000761450098
1.9674779465877696
1.9681488430521017
1.9666380329801414
1.9628070997005571
1.9563065269442481
1.9467806429938486
1.9341935344899583
1.9191209997421883
1.902730265780246
1.8861282242277764
1.8708547294971882
1.857459185024128
1.8461069271867392
1.8366966875729276
1.8289649363246892
1.8225726267083588
1.817192533724259
1.8125462954135307
1.8084207697291088
1.8046579833156031
1.8011428550289688
1.7977997666779102
1.794586594174534
1.7915128101787845
1.7885753260499129
1.7857657968860277
1.7831126697050614
1.780633961300736
1.7782986798525007
1.7760859963312843
1.7739930290988595
1.7719791279380048
1.7700095527132458
1.7680825454610634
1.766243259364783
1.7645240649522715
1.7629223074678468
1.7614355674611926
1.760044624106538
1.758696432495852
1.757354476521853
1.7557708290233958
1.7540279172358277
1.752672705337808
1.7508822624992588
1.7494024439007319
1.747708277598702
1.7457987133030286
1.7439268156019492
1.7421198773358524
1.7404512931421403
1.7389663382920832
1.7376350187256129
1.7364018599572781
1.7352168880684544
1.7340102913329238
1.7327351215210292
1.7313286721394119
1.7297528590244504
1.7280671689041267
1.7264277084572828
1.7249532510352585
1.72367649220311
1.7226090676437515
1.7216950210565292
1.7207824564607963
1.7196804536279235
1.7183477411392558
1.7168553581827364
1.7152488557276564
1.713535881082456
1.7117907630879177
1.7100918606637343
1.7084302439253107
1.7067862130425044
1.7051550523802324
1.7035366124459104
1.7019307470264062
1.7003373113706894
1.698756162393852
1.6971871593984225
1.6956301640220606
1.694085040186675
1.6925516540489147
1.6910298739519962
1.6895195703788157
1.68802061590631
1.686532885161026
1.6850562547758572
1.6835906033478583
1.6821358113809532
1.6806917565908495
1.6792582883601461
1.6778352277024604
1.6764224488891537
1.6750199047997651
1.6736275288591864
1.6722452266795471
1.6708729527578785
1.6695106382187548
1.6681580702475827
1.6668149792088398
1.6654811886259417
1.6641565100843674
1.6628406315718416
1.6615333582261744
1.660234648433581
1.6589442252635034
1.6576618911721066
1.6563881769588635
1.655127053359595
1.653882855249482
1.6526510209972516
1.6514416201119875
1.6502211049336202
1.6462774089898233