0.0
0.0
0.0
0.0
0.0
0.0
0.0
0.0
0.0
0.0
0.0
0.0
0.0
0.0
0.0
0.0
0.0
0.0
0.0
0.0
0.0
0.0
0.0
0.0
0.0
0.0
0.0
0.0
0.0
0.0
0.0
0.0
0.0
0.0
0.0
0.0
0.0
0.0
0.0
0.0
0.0
0.0
0.0
0.0
0.0
0.0
0.0
0.0
0.0
0.0
0.0
0.0
0.0
0.0
0.0
0.0
0.0
0.0
0.0
0.0
0.0
0.0
0.0
0.0
0.0
0.0
0.0
0.0
0.0
0.0
0.0
0.0
0.0
0.0
0.0
0.0
0.0
0.0
0.0
0.0
0.0
0.0
0.0
0.0
0.0
0.0
0.0
0.0
0.0
0.0
0.0
0.0
0.0
0.0
0.0
0.0
0.0
0.0
0.0
0.0
0.0
0.0
0.0
0.0
0.0
0.0
0.0
0.0
0.0
0.0
0.0
1.5019562219778644
1.3958802428850856
1.4016700022646806
1.4047131301548392
1.4101640563625557
1.4323863787080935
1.473397172295133
1.517680295202967
1.5496173149013281
1.580820638660886
1.6096262608357634
1.6386290461138506
1.6654677228766168
1.6903362270137672
1.7143050830501578
1.7360288265078188
1.7555547289048545
1.7730105692282538
1.7880798361360597
1.80064009238968
1.8106717370356156
1.8179862630337709
1.822451780477107
1.8240968080762
1.8233012140562597
1.8203510802827858
1.8157517494345528
1.8098520760240282
1.8028245032308365
1.7945896149856824
1.784832651019966
1.7732705744326138
1.759723587585249
1.7449566188824488
1.7299075353967337
1.7152753834221246
1.7017914310699103
1.6899488226475758
1.6799012466568228
1.6715650355690863
1.6647109785783891
1.659041249784298
1.6542672805347394
1.6501430422874261
1.6464799119844935
1.6431379623615894
1.6400151760573976
1.6370444861846862
1.6341884968086988
1.6314557417690743
1.6288435739145994
1.6263446057858117
1.6239842383710001
1.6217786549522055
1.619700346091988
1.6177308158258448
1.6158676005216532
1.61407454653998
1.6123207076504036
1.6106044801899588
1.6089661186225364
1.6074345340273588
1.6060074004509917
1.6046826171008388
1.603443125480426
1.6022416576423228
1.6010459089220672
1.5996345101284313
1.5980803867831583
1.596872627721834
1.5952758831194376
1.593956507663226
1.5924458234917243
1.5907425746150736
1.5890726854056032
1.5874604766360174
1.5859714910227771
1.5846462462942845
1.583458044443333
1.5823574014321822
1.5812997484882263
1.580222753758459
1.5790845131147875
1.5778290010247873
1.5764220917704792
1.5749167806289641
1.5734524962678755
1.572135416755501
1.5709948073798599
1.5700411613812666
1.5692246050410439
1.568409484654303
1.5674250912047276
1.5662344196894598
1.5649009252114225
1.5634653102032157
1.5619343289552592
1.5603743959999523
1.5588556248358325
1.5573700523783194
1.5559000625080615
1.5544414400775626
1.5529940554060035
1.5515577816359523
1.5501324931100362
1.5487180655560813
1.5473143767359763
1.5459213064020374
1.544538736254538
1.5431665499003528
1.5418046328126995
1.5404528722919277
1.5391111574273273
1.5377793790599283
1.5364574297462583
1.5351452037229927
1.533842596860794
1.5325495024742501
1.531265788429475
1.5299912970569047
1.528725918291411
1.5274696124699365
1.5262223224578502
1.5249839661088123
1.523754505058081
1.5225338800181034
1.521321902620102
1.5201183334114663
1.5189230163899736
1.5177357848387332
1.516556361059271
1.515384572249999
1.5142203831125907
1.5130635471926517
1.5119138888099606
1.5107718839880637
1.5096410948869174
1.508525415349505
1.507420750900438
1.5063361574791894
1.5052428525614445
1.5017510938120369