0.0
0.0
0.0
0.0
0.0
0.0
0.0
0.0
0.0
0.0
0.0
0.0
0.0
0.0
0.0
0.0
0.0
0.0
0.0
0.0
0.0
0.0
0.0
0.0
0.0
0.0
0.0
0.0
0.0
0.0
0.0
0.0
0.0
0.0
0.0
0.0
0.0
0.0
0.0
0.0
0.0
0.0
0.0
0.0
0.0
0.0
0.0
0.0
0.0
0.0
0.0
0.0
0.0
0.0
0.0
0.0
0.0
0.0
0.0
0.0
0.0
0.0
0.0
0.0
0.0
0.0
0.0
0.0
0.0
0.0
0.0
0.0
0.0
0.0
0.0
0.0
0.0
0.0
0.0
0.0
0.0
0.0
0.0
0.0
0.0
0.0
0.0
0.0
0.0
0.0
0.0
0.0
0.0
0.0
0.0
0.0
0.0
0.0
0.0
0.0
0.0
0.0
0.0
0.0
0.0
0.0
0.0
0.0
0.0
0.0
1.4340114652681546
1.42049963550359
1.4659329976424351
1.470370609442826
1.4731019490485717
1.4787119132493087
1.5008602167972125
1.5414839895716352
1.5851008128906496
1.616678195818978
1.647320817802754
1.67590523614735
1.7046358226864957
1.7313131566046018
1.7561767616536932
1.7801942772180963
1.8019967921950186
1.8217063977196923
1.8395452996406862
1.8549397422302063
1.8680019927833666
1.8785813511501166
1.8864815332094054
1.8916340357837544
1.8939757978419538
1.8938044421233553
1.8914517645032791
1.887370750033092
1.8819723732280746
1.8753644044382012
1.8674743668787537
1.857990137395222
1.8465756345853155
1.833078268778384
1.8180907616058002
1.802802236346253
1.7879229514324466
1.7741989066526471
1.7621358077434133
1.751894205849581
1.7433922213652369
1.7363986240516374
1.730611261115793
1.7257366948579869
1.7215244146929662
1.7177822074517157
1.7143673991622788
1.7111759243907911
1.7081393565785512
1.7052195581480576
1.7024253107506797
1.6997539654972016
1.6971980323590896
1.6947835432578706
1.6925270983921943
1.6904006103546827
1.6883852014068916
1.6864783761764608
1.6846431645848086
1.682847918867141
1.6810910218420902
1.6794136953081182
1.6778455540760742
1.6763842434995402
1.6750276323639675
1.6737582638852666
1.672527747412998
1.6713029480278172
1.6698571947708123
1.668265261595461
1.6670278461759176
1.665391995765066
1.6640400889963605
1.6624920525419153
1.6607466150322738
1.6590352226168676
1.657382823819613
1.6558566124032408
1.6544981359082316
1.653280051946159
1.6521516537758256
1.6510672554226185
1.649962956704373
1.6487957818260734
1.647508272824695
1.6460654314247969
1.6445216001536638
1.643019761381529
1.6416688205187067
1.64049882381622
1.639520552276754
1.6386828463640022
1.6378465402545213
1.6368365176346182
1.6356148076163044
1.634246481960348
1.632773273934322
1.6312021074147833
1.6296011267441843
1.6280422748932597
1.6265173852578318
1.6250083841637841
1.623510948751461
1.6220249486450324
1.62055025629717
1.619086745324766
1.6176342907007957
1.6161927694222111
1.6147620604669755
1.6133420447522289
1.611932605093545
1.6105336261652545
1.6091449944617924
1.6077665982600413
1.6063983275826426
1.6050400741622401
1.6036917314065964
1.6023531943517695
1.6010243553540686
1.5997050805672883
1.5983952098597403
1.5970946319751003
1.5958033079610603
1.594521180874173
1.5932481680372559
1.591984231733772
1.5907293126893955
1.589483218893059
1.5882457057712052
1.587016614475815
1.5857957750742175
1.5845829034863763
1.583377823443641
1.5821804999910125
1.5809906810160463
1.5798081872322374
1.5786335100457205
1.5774703151539335
1.576322608863873
1.5751861832129028
1.5740703500402249
1.5729450184875038
1.5692962567106088