0.0
0.0
0.0
0.0
0.0
0.0
0.0
0.0
0.0
0.0
0.0
0.0
0.0
0.0
0.0
0.0
0.0
0.0
0.0
0.0
0.0
0.0
0.0
0.0
0.0
0.0
0.0
0.0
0.0
0.0
0.0
0.0
0.0
0.0
0.0
0.0
0.0
0.0
0.0
0.0
0.0
0.0
0.0
0.0
0.0
0.0
0.0
0.0
0.0
0.0
0.0
0.0
0.0
0.0
0.0
0.0
0.0
0.0
0.0
0.0
0.0
0.0
0.0
0.0
0.0
0.0
0.0
0.0
0.0
0.0
0.0
0.0
0.0
0.0
0.0
0.0
0.0
0.0
0.0
0.0
0.0
0.0
0.0
0.0
0.0
0.0
0.0
0.0
0.0
0.0
0.0
0.0
0.0
0.0
0.0
0.0
0.0
0.0
0.0
0.0
0.0
0.0
0.0
0.0
0.0
0.0
0.0
0.0
0.0
0.0
1.5189551624600386
1.4765028097834565
1.5158855925119732
1.515252940385926
1.5145915538602999
1.5174247979960909
1.5362469315602167
1.572336390696191
1.6101042931702023
1.6357960155451474
1.6598918045434734
1.6819583426755398
1.703639776389356
1.7227547375785448
1.73991250384342
1.7558289161660492
1.769431361325951
1.7810305385078016
1.790748528634
1.7983196991208574
1.8037325351483768
1.8070232719935837
1.808107136353023
1.807070373126714
1.804001507653321
1.7992505998659691
1.7931176069096089
1.7860097634773948
1.778237832203804
1.7698697340111624
1.7607726108414208
1.7505253649896
1.7389378660340478
1.7261133085785882
1.7124252057283877
1.6984403878614995
1.6848097379869056
1.6722208343903808
1.661143181537946
1.6517296347553547
1.6439093335698856
1.6374727690419772
1.6321439405939187
1.6276539518164026
1.6237728248730792
1.6203239168330985
1.6171760127104435
1.6142333431680442
1.6114329131522986
1.608739594654008
1.606161571883323
1.603696475759981
1.6013374311750155
1.5991085379503862
1.5970252265660303
1.5950616205946258
1.5932003254696077
1.5914391054341368
1.5897438422274486
1.5880852985020084
1.586461962808716
1.5849119512677732
1.5834626822244633
1.5821120105692372
1.580858005456783
1.5796845757961755
1.5785469932184446
1.5774147596982198
1.5760780747752368
1.5746057567374483
1.5734616562566823
1.5719485050207578
1.570698159555133
1.5692662670790545
1.5676514567862099
1.5660679592319977
1.5645388477673963
1.563126342908004
1.5618689731647966
1.5607414814260427
1.559696954626637
1.5586931261086918
1.557670832376784
1.556590287442624
1.5553982630913281
1.5540622754376077
1.5526325685496676
1.5512415676308573
1.5499902015441878
1.5489063465721855
1.5480000560946907
1.5472240094894731
1.5464493107361081
1.5455136415211763
1.5443817387996033
1.5431138730582632
1.5417487057841197
1.5402926010697011
1.5388086982272877
1.537363718831251
1.5359501071025665
1.5345511083311096
1.5331627166130597
1.5317848142480206
1.5304172860747816
1.5290600179297638
1.5277128968268952
1.5263758115795893
1.5250486527632037
1.5237313126784668
1.5224236853158455
1.5211256663208261
1.5198371529600754
1.5185580440884578
1.5172882401168868
1.5160276429809785
1.514776156110461
1.5135336843890157
1.5123001301635077
1.5110753713970804
1.5098592615586923
1.5086516994236978
1.5074526508846449
1.5062620650931042
1.5050798672381513
1.5039060242436995
1.502740483012735
1.501583067087664
1.5004335510721056
1.4992917891606679
1.4981576252246462
1.4970307969542078
1.4959111421210356
1.494798629857228
1.4936930273866529
1.4925941693624303
1.4915025129701842
1.4904214665275144
1.4893547580784505
1.4882984750727193
1.4872612877544371
1.48621593878614
1.4828383566260148