0.0
0.0
0.0
0.0
0.0
0.0
0.0
0.0
0.0
0.0
0.0
0.0
0.0
0.0
0.0
0.0
0.0
0.0
0.0
0.0
0.0
0.0
0.0
0.0
0.0
0.0
0.0
0.0
0.0
0.0
0.0
0.0
0.0
0.0
0.0
0.0
0.0
0.0
0.0
0.0
0.0
0.0
0.0
0.0
0.0
0.0
0.0
0.0
0.0
0.0
0.0
0.0
0.0
0.0
0.0
0.0
0.0
0.0
0.0
0.0
0.0
0.0
0.0
0.0
0.0
0.0
0.0
0.0
0.0
0.0
0.0
0.0
0.0
0.0
0.0
0.0
0.0
0.0
0.0
0.0
0.0
0.0
0.0
0.0
0.0
0.0
0.0
0.0
0.0
0.0
0.0
0.0
0.0
0.0
0.0
0.0
0.0
0.0
0.0
0.0
0.0
0.0
0.0
0.0
0.0
0.06237494723005437
0.06930673799176297
0.1029485306004291
0.11077555509744552
0.3027847498662307
0.39254652684592173
0.5050186540624005
0.6243070698879662
0.7423857720309847
0.850758900517051
0.9454779967920145
1.0253217753313855
1.0889303725580635
1.140175685343289
1.184626947129378
1.223279130023617
1.2545024323231286
1.2756802549072253
1.2835760015244186
1.2782575947885966
1.2640118433781546
1.2453885167586443
1.2260604152311592
1.2090847519939345
1.1943238988456708
1.1813038127912148
1.1698655129243443
1.159646832915599
1.1502314027866578
1.1414748354094568
1.133441342181359
1.1263426376344938
1.120275939827869
1.1150501034060365
1.1105457150466127
1.1068218036576594
1.1037333242858167
1.1010626451496395
1.0987507868470645
1.0967007006334544
1.0947783350878668
1.092953268922056
1.0912426849182728
1.0896410423734693
1.0881432115469294
1.0867291098826344
1.0853598387108188
1.084018673236301
1.0827191155014375
1.0814691800066616
1.0802670867430864
1.079111137874983
1.0779953578640737
1.0769052786373539
1.0758322775663987
1.074802897259352
1.073841404328902
1.0729453796499073
1.072112592645526
1.0713402706303952
1.070601299023111
1.0698704816934088
1.0691477203648228
1.0684329184863834
1.0677259931730745
1.0670331563142308
1.0663731548181183
1.0657577986935205
1.0651858948880857
1.064656331850096
1.0641620794223023
1.0636841149181524
1.063209785339197
1.0626511541417576
1.0620371692332007
1.0615621436745935
1.0609349108255963
1.0604186827664492
1.0598292877524924
1.0591667026003273
1.0585194025762654
1.0578966119584066
1.0573233383869218
1.056814729784714
1.056360060682425
1.0559400493202717
1.0555375237586389
1.0551287120556994
1.0546978474024036
1.0542239854059106
1.0536946389146338
1.0531301742387646
1.052583053054627
1.0520926539950972
1.05166929388454
1.0513163291670382
1.0510149278242538
1.0507148745391026
1.0503533964531406
1.0499173809677176
1.049430730494889
1.048908851604306
1.0483546181960266
1.0477924024496095
1.047247542975883
1.0467170402449262
1.0461945046898578
1.0456783998279535
1.0451686550432528
1.044665201049075
1.0441679693096064
1.0436768921048767
1.043191902754329
1.0427129355955334
1.0422399259634338
1.0417728101701107
1.0413115254850507
1.0408560101159012
1.0404062031896977
1.0399620447345554
1.0395234756618035
1.0390904377485528
1.0386628736206882
1.0382407267362659
1.0378239413693109
1.0374124625939984
1.0370062362692132
1.0366052090234694
1.0362093282401896
1.0358185420433248
1.0354327992833101
1.0350520495233488
1.034676243026008
1.0343053307401273
1.0339392642880252
1.0335779959529965
1.0332214786670941
1.0328696659991865
1.0325225121432853
1.0321799719071318
1.0318420007010405
1.031508554526989
1.0311795899679503
1.0308550641774576
1.030534934869089
1.030219159916243
1.029907205732446
1.028977449491593