0.0
0.0
0.0
0.0
0.0
0.0
0.0
0.0
0.0
0.0
0.0
0.0
0.0
0.0
0.0
0.0
0.0
0.0
0.0
0.0
0.0
0.0
0.0
0.0
0.0
0.0
0.0
0.0
0.0
0.0
0.0
0.0
0.0
0.0
0.0
0.0
0.0
0.0
0.0
0.0
0.0
0.0
0.0
0.0
0.0
0.0
0.0
0.0
0.0
0.0
0.0
0.0
0.0
0.0
0.0
0.0
0.0
0.0
0.0
0.0
0.0
0.0
0.0
0.0
0.0
0.0
0.0
0.0
0.0
0.0
0.0
0.0
0.0
0.0
0.0
0.0
0.0
0.0
0.0
0.0
0.0
0.0
0.0
0.0
0.0
0.0
0.0
0.0
0.0
0.0
0.0
0.0
0.0
0.0
0.0
0.0
0.0
0.0
0.0
0.0
0.0
0.0
0.0
0.0
0.0
0.0
0.0
0.0
0.0
1.3674576216608025
1.4472422382281076
1.55711937813992
1.5941531985434265
1.5941455118307792
1.594595995755027
1.5988849670503904
1.6191279258967317
1.6568338899299029
1.69651165188988
1.7244698740170237
1.751025535868092
1.7759331743490938
1.8007545980587656
1.8231765587254687
1.843858283581241
1.8635345625202975
1.8809343546848039
1.8963803838657234
1.9100666094115966
1.9215612161009916
1.9308203864330336
1.9379137870496397
1.9425864367830772
1.9447250884315213
1.9446001012401308
1.9423507576007029
1.9382829353408966
1.932885777441247
1.926434348327607
1.9190959826170835
1.910707943157649
1.900947153402912
1.8895332587937073
1.8762144742236047
1.861675089403938
1.8468108203083373
1.83231346951028
1.8189155572146085
1.8071190535692567
1.7970894453902784
1.7887536616762192
1.7818902516973498
1.7762062367709723
1.771415676838407
1.7672737718154072
1.7635923751513154
1.760231661348156
1.7570895445940478
1.7540988680584109
1.7512222127237804
1.7484683570930004
1.7458348127088532
1.743314303536954
1.7409326142783352
1.7387062455856717
1.7366075934478444
1.7346181123744702
1.7327354153485128
1.73092305721715
1.7291498170264925
1.7274141190116405
1.7257567226471608
1.7242069439161254
1.7227625105316273
1.7214213663596745
1.7201662968857725
1.7189494817847382
1.7177381719318006
1.7163081344131699
1.7147332351148428
1.7135089026598807
1.7118900769321646
1.7105520456678462
1.709019665323781
1.7072915785725307
1.7055968963762178
1.7039603481913776
1.702448530874084
1.7011026695849598
1.6998957403439088
1.6987775437339137
1.6977028302494581
1.6966082741638921
1.6954512653205274
1.6941748136144998
1.6927441675634138
1.6912131565315007
1.6897235641384032
1.6883834507536843
1.6872226876625955
1.6862520348113443
1.6854207796377654
1.684590846114306
1.6835884293269863
1.6823757873163978
1.6810174473532227
1.6795547897622751
1.6779946470437928
1.6764046583159498
1.6748562760649508
1.6733414061716922
1.671842105400258
1.670354085357499
1.6688772221138384
1.6674113944075957
1.665956481995009
1.6645123658444076
1.6630789288038408
1.6616560555621456
1.6602436326110106
1.6588415482080139
1.6574496923405941
1.6560679566909404
1.6546962346017573
1.6533344210428915
1.651982412578792
1.6506401073367276
1.6493074049629535
1.6479842023350346
1.6466703701354377
1.645365752757383
1.6440702431632734
1.642783806253043
1.6415063889391195
1.6402379124238515
1.638978342637365
1.6377276239622998
1.636485568403281
1.6352519354471908
1.6340265699085263
1.6328093054443156
1.6315998617823921
1.6303980660263961
1.6292038861177773
1.6280170733417778
1.6268374515247905
1.6256655136281044
1.624504920039522
1.6233596721437873
1.6222255755492019
1.6211119260998808
1.6199884559664746
1.6162755959606991