0.0
0.0
0.0
0.0
0.0
0.0
0.0
0.0
0.0
0.0
0.0
0.0
0.0
0.0
0.0
0.0
0.0
0.0
0.0
0.0
0.0
0.0
0.0
0.0
0.0
0.0
0.0
0.0
0.0
0.0
0.0
0.0
0.0
0.0
0.0
0.0
0.0
0.0
0.0
0.0
0.0
0.0
0.0
0.0
0.0
0.0
0.0
0.0
0.0
0.0
0.0
0.0
0.0
0.0
0.0
0.0
0.0
0.0
0.0
0.0
0.0
0.0
0.0
0.0
0.0
0.0
0.0
0.0
0.0
0.0
0.0
0.0
0.0
0.0
0.0
0.0
0.0
0.0
0.0
0.0
0.0
0.0
0.0
0.0
0.0
0.0
0.0
0.0
0.0
0.0
0.0
0.0
0.0
0.0
0.0
0.0
0.11738727854011363
0.08466729002874473
0.09217956117578284
0.2924635196871135
0.2762875139819318
0.2709741192201183
0.2850533879236524
0.291883599879875
0.31930514561573065
0.3887462916112027
0.5202499377942197
0.7467471438484848
1.0443412907154157
1.3224414633761448
1.5138051900650493
1.6164697195301825
1.6482084821827159
1.6447636344807
1.643089697856561
1.6458697025594522
1.6641704681182095
1.699200590932921
1.7355175588782268
1.7601725193769167
1.7831186629825597
1.8046398674979385
1.8256683175264843
1.8441671939727946
1.8609682732880584
1.8767035524516746
1.8901963152461525
1.9018435506983795
1.9117028025482807
1.9194910905860894
1.925215045367054
1.928968851713701
1.9305310409402388
1.9300548676469564
1.9275553488182373
1.9233196275222295
1.9177016594178757
1.9110231137303968
1.9036456042381507
1.895618129183892
1.8867484112486321
1.8768004145288095
1.8652860560687432
1.8522235400588747
1.8382562696995182
1.8239599860814257
1.8100008500884808
1.7970871549001093
1.785706970937204
1.7760242134294122
1.7679718894607444
1.7613386909153956
1.7558432129790476
1.7512101013296584
1.7472032719814312
1.7436411215813143
1.7403886035795757
1.7373470709311356
1.734451611334619
1.7316660529658714
1.7289989623011832
1.7264479908735637
1.7240061345493969
1.721698432135546
1.719540946104732
1.717506977812346
1.7155785911039256
1.7137535190259947
1.711996458662522
1.7102771498339628
1.7085940644141566
1.706986746562026
1.7054836603851111
1.7040826290526243
1.7027816869111032
1.701564164443219
1.7003836809590733
1.6992085192155626
1.697821025605521
1.6962927257043339
1.6951046984632923
1.693533555018461
1.6922349382005952
1.6907475748569787
1.689070047451199
1.687424792588705
1.6858358214744427
1.6843678232885686
1.6830608763512747
1.6818887751009024
1.6808027893391646
1.6797589884428334
1.6786958651598272
1.677572028507487
1.676332100046352
1.6749422771579898
1.6734548103143054
1.6720074518615293
1.6707052331805998
1.6695772163347262
1.6686339006221864
1.6678260433295637
1.6670194699888852
1.6660452233518843
1.6648665732810755
1.6635462138830386
1.6621243515669273
1.6606075968870528
1.6590616946112426
1.657556131700598
1.6560830482095463
1.654624999196586
1.6531778168247118
1.6517413833312282
1.6503155834783858
1.6489003029502498
1.6474954285431838
1.6461008488172
1.6447164540599306
1.6433421362515155
1.6419777890303684
1.6406233076598091
1.6392785889955208
1.6379435314538173
1.6366180349806936
1.6353020010216393
1.6339953324921477
1.6326979337370056
1.6314097063596147
1.6301305264096855
1.6288602442756703
1.627598757580078
1.6263460339646238
1.625102023524253
1.623866651272182
1.6226398857553905
1.62142167451722
1.6202118361109172
1.619010137855137
1.6178164301364066
1.6166305524323763
1.615452233144771
1.614281305220287
1.6131177388247087
1.6119612929527076
1.610811797164656
1.609669732816688
1.6085386685530014
1.6074225068635923
1.6063171606072792
1.605231696635677
1.6041368199063566
1.6005013503997054