0.0
0.0
0.0
0.0
0.0
0.0
0.0
0.0
0.0
0.0
0.0
0.0
0.0
0.0
0.0
0.0
0.0
0.0
0.0
0.0
0.0
0.0
0.0
0.0
0.0
0.0
0.0
0.0
0.0
0.0
0.0
0.0
0.0
0.0
0.0
0.0
0.0
0.0
0.0
0.0
0.0
0.0
0.0
0.0
0.0
0.0
0.0
0.0
0.0
0.0
0.0
0.0
0.0
0.0
0.0
0.0
0.0
0.0
0.0
0.0
0.0
0.0
0.0
0.0
0.0
0.0
0.0
0.0
0.0
0.0
0.0
0.0
0.0
0.0
0.0
0.0
0.0
0.0
0.0
0.0
0.0
0.0
0.0
0.0
0.0
0.0
0.0
0.0
0.0
0.0
0.0
0.0
0.0
0.0
0.0
0.0
0.0
0.13655694078280997
0.14548679773694886
0.30357980806860296
0.2842375367212228
0.2847517192440419
0.31712956591549935
0.3206584112839145
0.3524714444143643
0.42836508393808986
0.5675789773741401
0.7987255837740782
1.0915334103609158
1.3566187086482033
1.5345192296491652
1.623775827042441
1.6416754508138591
1.6275909718727397
1.6189641601685398
1.6160745542103334
1.6273032548366226
1.652964142849523
1.6779346995232198
1.6912511938769785
1.702388142465782
1.7120539401387036
1.7208094648700085
1.7271797763436796
1.7320837241811533
1.7358979599533064
1.7378601142811902
1.7384962663965682
1.7379453537371465
1.736030438022888
1.732967994306011
1.7287863585438878
1.7234997050620542
1.7172108917985176
1.7100048775689118
1.7020946482465118
1.6937844135252416
1.6851570214728118
1.676501371548484
1.667801843705551
1.6589745595825613
1.649676887512772
1.6395658598640501
1.628454669249826
1.616553552283102
1.6043518276940048
1.5924192491420006
1.5813651524138452
1.5716125242366854
1.5633067891079846
1.5563944846565783
1.5506971068221431
1.5459748255251606
1.5419921748898568
1.5385468835292397
1.5354831908411923
1.532685179102958
1.5300681148153539
1.5275762166890112
1.5251783700872084
1.5228820306688362
1.5206852464675722
1.5185820029278805
1.516593937465199
1.5147350049904433
1.512982248154416
1.5113202371944578
1.5097470964015665
1.508232419919349
1.506750105810821
1.505298802071593
1.5039126374587333
1.5026162196515296
1.501407699383867
1.5002854231549512
1.4992350652841686
1.4982166115940845
1.4972028996462659
1.4960057983941388
1.4946865652258765
1.4936616334748278
1.4923052534262624
1.4911844628007254
1.4899006201450549
1.4884522348630584
1.487031535078736
1.48565922918044
1.4843912306776326
1.4832622513721456
1.4822497093252087
1.481311527711909
1.4804097833116134
1.4794913212530696
1.478520385117429
1.4774490881943476
1.476248117714914
1.4749625277756269
1.4737113983245969
1.4725856003031084
1.4716103047233724
1.4707946698753351
1.4700962176127081
1.4693989794472773
1.4685567497195917
1.4675376589251299
1.4663959078166888
1.465166268989774
1.4638543925212781
1.4625171291176133
1.4612146485860045
1.4599401672133638
1.4586785877966129
1.4574263044962223
1.456183218305459
1.4549492323282658
1.4537242503927856
1.4525081772177977
1.4513009189789632
1.4501023832796776
1.4489124791226398
1.447731116882126
1.4465582082769426
1.4453936663440357
1.4442374054127434
1.443089341079669
1.4419493901841596
1.4408174707843513
1.4396935021259631
1.4385774010412888
1.4374690621688204
1.4363683578107629
1.4352752011286682
1.4341895659688335
1.433111410941092
1.4320406728406734
1.4309773261948169
1.4299213273515907
1.4288725207546926
1.4278307062940394
1.4267957558628646
1.425767531895654
1.4247458003415996
1.4237304177209575
1.422721359683179
1.4217184185619
1.420721447540237
1.4197308639232464
1.4187497645180867
1.417781540399175
1.4168226419185341
1.4158809574113165
1.4149323235716873
1.4118269195376965