0.0
0.0
0.0
0.0
0.0
0.0
0.0
0.0
0.0
0.0
0.0
0.0
0.0
0.0
0.0
0.0
0.0
0.0
0.0
0.0
0.0
0.0
0.0
0.0
0.0
0.0
0.0
0.0
0.0
0.0
0.0
0.0
0.0
0.0
0.0
0.0
0.0
0.0
0.0
0.0
0.0
0.0
0.0
0.0
0.0
0.0
0.0
0.0
0.0
0.0
0.0
0.0
0.0
0.0
0.0
0.0
0.0
0.0
0.0
0.0
0.0
0.0
0.0
0.0
0.0
0.0
0.0
0.0
0.0
0.0
0.0
0.0
0.0
0.0
0.0
0.0
0.0
0.0
0.0
0.0
0.0
0.0
0.0
0.0
0.0
0.0
0.0
0.0
0.0
0.0
0.0
0.0
0.0
0.0
0.0
0.0
0.040611430657204205
0.10012101429549773
0.10960348330092297
0.28698668093853363
0.2795970206722528
0.2977655517499038
0.28913960137034844
0.2975208213286307
0.32272002865366084
0.39169955257968553
0.5244028224103607
0.7499087686044752
1.0315823960647954
1.2737597728105077
1.4225787737768223
1.4790723682612428
1.4653922934293682
1.432828064299238
1.4143154435225525
1.4045205237631089
1.405969802091515
1.4181392841693867
1.42743998689033
1.4264783821976323
1.424028265815339
1.4210703546394277
1.417809906539761
1.4133346361480879
1.4085987772438409
1.4036811824669106
1.398121032864179
1.3922290410708138
1.3861858596745198
1.3798077473234815
1.3732244955401294
1.3665700950129274
1.3597687699705436
1.3528138051777883
1.3457130358498635
1.3385324188116383
1.3313740352514372
1.3243336402435586
1.317463985443506
1.3106889432113682
1.303806593068981
1.296548661105047
1.2886445393601311
1.2799437156259053
1.2706071070913605
1.2610168618175255
1.251621119990241
1.2429025443433104
1.2351991862752623
1.2286305025059776
1.223158172154115
1.2186438922915352
1.2148996874003983
1.2117401698992623
1.2090056665967948
1.2065730313394538
1.2043505140925377
1.2022709774711369
1.2002901948542162
1.1983834680702592
1.1965568183728015
1.194808776869687
1.193134591958833
1.1915515732167612
1.190070966583341
1.1886745548136504
1.1873500892710112
1.1860961651266941
1.1848885824362607
1.1837065239867617
1.1825488839930893
1.181442921669918
1.1804083407236157
1.17944370807416
1.1785477584916666
1.1777091196202059
1.1768958491887764
1.1760864485440523
1.1751303328917995
1.1740759678522936
1.1732572875342648
1.172172890733002
1.1712770540978699
1.1702506553964
1.1690922103743675
1.1679556108811753
1.1668574078006224
1.165842406785046
1.1649385107724755
1.1641277201947267
1.1633763799033632
1.1626541562750956
1.161918460385106
1.1611406457981337
1.160282293289682
1.1593197867299632
1.1582891127737214
1.1572857518992787
1.156382675059571
1.1556001517628933
1.1549456410824805
1.1543851775207625
1.1538257477691451
1.1531498864078862
1.1523318738419837
1.151415171950776
1.1504276725026539
1.1493738203494743
1.1482992508849226
1.147252371193811
1.1462277525442013
1.1452132581806167
1.1442059902777861
1.1432058727937313
1.1422128313132394
1.1412267919329016
1.140247681395907
1.1392754275498107
1.1383099593248045
1.137351206712517
1.136399100745327
1.1354535734761722
1.1345145579588445
1.13358198822875
1.1326557992841275
1.1317359270677134
1.1308223084488254
1.1299148812019855
1.1290135811106665
1.128118325971723
1.1272290154163647
1.1263455819957955
1.1254680073125216
1.124596260641247
1.123730293551155
1.1228700881345783
1.1220156118199993
1.1211667413849233
1.120323317346127
1.1194852384326046
1.1186523956684913
1.1178246016835425
1.1170017423192165
1.1161838000637603
1.115370608600454
1.114562050524323
1.113758464839499
1.112962366792916
1.1121765170338
1.1113980334723395
1.1106333452898696
1.1098640257139647
1.1074046566466247