0.0
0.0
0.0
0.0
0.0
0.0
0.0
0.0
0.0
0.0
0.0
0.0
0.0
0.0
0.0
0.0
0.0
0.0
0.0
0.0
0.0
0.0
0.0
0.0
0.0
0.0
0.0
0.0
0.0
0.0
0.0
0.0
0.0
0.0
0.0
0.0
0.0
0.0
0.0
0.0
0.0
0.0
0.0
0.0
0.0
0.0
0.0
0.0
0.0
0.0
0.0
0.0
0.0
0.0
0.0
0.0
0.0
0.0
0.0
0.0
0.0
0.0
0.0
0.0
0.0
0.0
0.0
0.0
0.0
0.0
0.0
0.0
0.0
0.0
0.0
0.0
0.0
0.0
0.0
0.0
0.0
0.0
0.0
0.0
0.0
0.0
0.0
0.0
0.0
0.0
0.0
0.0
0.0
0.0
0.0
0.0
0.0
0.0
0.0
0.0
0.0
0.0
0.0
0.0
0.0
0.05164603850436017
0.0500011797315697
0.046629769612236006
0.05002534816907551
0.35997129364127606
0.4480750151371206
0.56538352471488
0.685577544806902
0.79893085563853
0.897963074152095
0.9808179746116301
1.0482553580277756
1.1001337044061057
1.140723540281888
1.1746798016759987
1.2019550185534118
1.2212168168733801
1.2311135715232226
1.229679306053168
1.218189155089917
1.2010076165079167
1.1817538338893834
1.1638550564828585
1.1482899235214798
1.134774272950852
1.12285455790992
1.1123747549080014
1.1030041082786146
1.0943637730005547
1.0863232839049772
1.0789432974962119
1.0724199327459525
1.066843892211269
1.0620402198406635
1.05789949700885
1.0544762874932059
1.051637360723264
1.0491826188546745
1.0470578504010652
1.0451738486161715
1.0434073710022527
1.0417304438946389
1.040158856015963
1.0386875043212582
1.037311666251852
1.0360128863337559
1.0347554238438823
1.0335239106449567
1.0323307457339315
1.031183284748843
1.0300798859761833
1.029018983999641
1.027995089068232
1.0269949183593197
1.0260105511239328
1.0250663333124177
1.0241845143303705
1.0233628548972915
1.0225992897898166
1.0218912631630117
1.0212139037063184
1.0205441061665261
1.0198817805355809
1.0192268383590624
1.0185792023912574
1.0179445597537624
1.0173400777760393
1.0167765631491368
1.0162529091337573
1.0157680856766602
1.0153156472233218
1.0148781720991333
1.0144440910902646
1.0139329194774076
1.0133711452610983
1.012936623505059
1.0123629025750607
1.011890820684208
1.0113519120255166
1.0107461773315476
1.0101545325296968
1.0095853989400578
1.0090616144939693
1.0085969969361823
1.0081817239633886
1.007798166570716
1.0074306348066122
1.0070574208065275
1.0066641383518808
1.0062316842472543
1.0057486839088567
1.005233744125787
1.0047347341319885
1.004287554040389
1.0039015793941906
1.0035798401652658
1.0033051493355118
1.0030317335959793
1.0027023967864033
1.0023052198020101
1.001862014603323
1.001386844795368
1.0008823521522296
1.000370741522351
0.9998750752552114
0.9993926165588684
0.9989175490808833
0.9984484740755865
0.9979853262993427
0.9975280417198867
0.9970765569908936
0.9966308095115016
0.9961907376296223
0.9957562806227018
0.9953273786789579
0.9949039728790823
0.9944860051783908
0.9940734183894115
0.9936661561648978
0.9932641629812513
0.9928673841223467
0.9924757656637435
0.9920892544572775
0.9917077981160162
0.9913313449995736
0.9909598441997693
0.9905932455266246
0.9902314994946881
0.9898745573096771
0.9895223708554292
0.9891748926811559
0.988832075988988
0.9884938746218068
0.9881602430513508
0.9878311363665944
0.9875065102623866
0.9871863210283469
0.9868705255380092
0.9865590812382072
0.9862519461386965
0.9859490788020043
0.985650438333506
0.9853559843717147
0.9850656770787862
0.9847794771310321
0.9844973454321034
0.9842188505272926
0.9833875706192703