0.0
0.0
0.0
0.0
0.0
0.0
0.0
0.0
0.0
0.0
0.0
0.0
0.0
0.0
0.0
0.0
0.0
0.0
0.0
0.0
0.0
0.0
0.0
0.0
0.0
0.0
0.0
0.0
0.0
0.0
0.0
0.0
0.0
0.0
0.0
0.0
0.0
0.0
0.0
0.0
0.0
0.0
0.0
0.0
0.0
0.0
0.0
0.0
0.0
0.0
0.0
0.0
0.0
0.0
0.0
0.0
0.0
0.0
0.0
0.0
0.0
0.0
0.0
0.0
0.0
0.0
0.0
0.0
0.0
0.0
0.0
0.0
0.0
0.0
0.0
0.0
0.0
0.0
0.0
0.0
0.0
0.0
0.0
0.0
0.0
0.0
0.0
0.0
0.0
0.0
0.0
0.0
0.0
0.0
0.0
0.1069728811959066
0.11515317703221588
0.10146539913857916
0.09405631391617442
0.08645308357773689
0.08542639444196654
0.0866411681402205
0.08919500435225651
0.09279660150173503
0.09742297645087067
0.12823602491019312
0.1596009658896533
0.21404551792184115
0.2913393922092597
0.38759035674953246
0.499997113405318
0.6206846373380581
0.7384730411133122
0.8427941117817016
0.9279645913117469
0.9944300618279089
1.0445639359358676
1.0800698166204268
1.1055311440566196
1.1239477192545397
1.135444353082066
1.139863764311577
1.1371001644144108
1.1266843279717227
1.1107016630163367
1.0926164180049476
1.0754417701702428
1.0597905167457007
1.0461682404279813
1.0343276048490062
1.0238722148798822
1.0146697470269699
1.0064340586886418
0.9988348376283791
0.9917591311501543
0.9852617947795662
0.9795169277018781
0.9746056066981784
0.9703743066556832
0.9667268794199316
0.9637116320580249
0.961211266897232
0.9590494550659565
0.957178438066134
0.9555196418000524
0.9539644902125813
0.9524883297186677
0.9511050578842697
0.9498101676962007
0.9485994914828064
0.9474567800253694
0.9463505703260843
0.9452673309727309
0.9442179685895494
0.9432089493794578
0.9422388213192707
0.9413062006956783
0.9404062559542835
0.9395273052548822
0.9386623761763628
0.9378328562980086
0.9370582837768978
0.9363366707454537
0.935666183478947
0.935044565182121
0.9344499656590782
0.9338620913858415
0.9332808633262688
0.9327062037834052
0.9321380432761704
0.9315813665569559
0.9310512272836682
0.9305570938419971
0.9300979816133991
0.929672975569503
0.9292764167121667
0.9288930265074448
0.9285126813832784
0.9280648437858197
0.927572711688994
0.927192177240782
0.9266897535054991
0.9262764487419233
0.9258047190763135
0.9252745827812325
0.9247568920840684
0.9242590051942123
0.9238008864709847
0.9233946001948057
0.923031533438761
0.9226962556649625
0.9223750438521776
0.9220489230697306
0.9217053300906091
0.9213275889259884
0.9209057836735739
0.9204561856655795
0.9200206006513623
0.9196303512795622
0.91929358816964
0.919012926221902
0.9187733533651335
0.9185349406489636
0.9182478157047026
0.9179016126816611
0.9175153825829048
0.9171014134472226
0.9166620306234806
0.9162165928042669
0.9157851847494995
0.9153654165984381
0.9149522222066369
0.9145443830978197
0.9141418414568607
0.913744540526309
0.9133524241497583
0.9129654368240159
0.912583523875952
0.9122066314458415
0.9118347064711138
0.9114676966704996
0.9111055505285651
0.910748217280617
0.9103956468979747
0.9100477900735929
0.9097045982080292
0.9093660233957439
0.9090320184117257
0.9087025366984287
0.9083775323530212
0.9080569601149269
0.9077407753536584
0.9074289340569314
0.9071213928190538
0.9068181088295791
0.9065190398622213
0.9062241442640188
0.9059333809447477
0.9056467093665705
0.9053640895339183
0.9050854819835991
0.9048108477751275
0.9045401484812664
0.9042733461787802
0.9040104034393891
0.903751283320923
0.9034959493586672
0.9032443655568975
0.9029964963805968
0.9027523067472576
0.9025117618596793
0.9022745526651912
0.901566775245136