0.0
0.0
0.0
0.0
0.0
0.0
0.0
0.0
0.0
0.0
0.0
0.0
0.0
0.0
0.0
0.0
0.0
0.0
0.0
0.0
0.0
0.0
0.0
0.0
0.0
0.0
0.0
0.0
0.0
0.0
0.0
0.0
0.0
0.0
0.0
0.0
0.0
0.0
0.0
0.0
0.0
0.0
0.0
0.0
0.0
0.0
0.0
0.0
0.0
0.0
0.0
0.0
0.0
0.0
0.0
0.0
0.0
0.0
0.0
0.0
0.0
0.0
0.0
0.0
0.0
0.0
0.0
0.0
0.0
0.0
0.0
0.0
0.0
0.0
0.0
0.0
0.0
0.0
0.0
0.0
0.0
0.0
0.0
0.0
0.0
0.0
0.0
0.0
0.0
0.0
0.0
0.0
0.0
0.0
0.0
0.14085614640101932
0.16684868634751795
0.15837637112326794
0.1486620932487112
0.13613768791057218
0.13478978255672738
0.13639293202022412
0.13969978265830524
0.14422061170705536
0.14996915259766205
0.18276480424603475
0.22276394669658514
0.28595049167701897
0.3709747080489847
0.4735069784535646
0.5891980491284496
0.7088759146831997
0.8221570637614842
0.9220439446165443
1.0063494053613011
1.076705189430817
1.1353989126924464
1.1835712323852021
1.2234707305532797
1.2569705751957871
1.2831592184147784
1.301363211004554
1.3105428634839438
1.3088584239294205
1.2976000674149548
1.2809172000691649
1.2620891587312912
1.2442692141051348
1.2287851487289718
1.2153419576542002
1.203476177302343
1.1930323169670776
1.1836856185642357
1.175062302055945
1.1670349513191278
1.1596662475938246
1.1531534605960176
1.1475877991161283
1.1427947605970652
1.138665003793428
1.1352524240860258
1.1324235798754325
1.1299786456179493
1.1278632722397486
1.1259883635034318
1.1242311369226134
1.1225637019470818
1.1210016798699467
1.1195399114833984
1.1181736154982458
1.116884384632878
1.1156366997246248
1.1144153022724816
1.1132324729070504
1.112095471059998
1.111002633160554
1.109952371329101
1.1089392157534776
1.107950001711234
1.1069768924716226
1.106043933673029
1.105173049001524
1.1043619560720195
1.1036085487355807
1.1029102380423699
1.1022424490712246
1.1015823913957512
1.1009299748667114
1.1002851108578628
1.0996477226824584
1.0990234038402378
1.0984290206619547
1.0978751585442625
1.097360685450462
1.0968845469627357
1.0964403753570082
1.096011046013736
1.0955851883042194
1.0950839057652804
1.0945332805620906
1.094107534514661
1.0935456976756097
1.0930835961570287
1.0925563348428677
1.0919640342167236
1.0913858585053298
1.090830016950442
1.0903187634962435
1.0898655042950518
1.0894605798252575
1.089086748495744
1.0887286895474173
1.0883652520915492
1.0879824464704602
1.0875617257141381
1.087092104260798
1.0865917571791082
1.0861072191655872
1.0856732895798542
1.085298971030911
1.0849871046934878
1.0847209536453948
1.0844561384081393
1.0841373055876085
1.0837530145597454
1.0833244732104812
1.0828653644481767
1.0823783213657803
1.0818848363502547
1.0814071532123417
1.0809426094131325
1.0804855908170954
1.0800347466443105
1.0795900105470235
1.0791513173722893
1.0787186026573068
1.0782918026873165
1.0778708546905493
1.0774556968193914
1.0770462681320137
1.0766425085744447
1.0762443589630817
1.0758517609676184
1.0754646570943833
1.0750829906700796
1.0747067058259063
1.0743357474820574
1.0739700613325855
1.073609593830622
1.0732542921739399
1.0729041042908527
1.0725589788264411
1.0722188651290951
1.071883713237366
1.0715534738671173
1.0712280983989697
1.0709075388660283
1.070591747941889
1.0702806789289105
1.0699742857467527
1.0696725229211672
1.0693753455730373
1.0690827094076598
1.068794570704264
1.0685108863057575
1.068231613608697
1.0679567105534777
1.0676861356147336
1.0674198477919454
1.0671578065999923
1.0668999717379481
1.0666458950415159
1.0658787334758992