0.0
0.0
0.0
0.0
0.0
0.0
0.0
0.0
0.0
0.0
0.0
0.0
0.0
0.0
0.0
0.0
0.0
0.0
0.0
0.0
0.0
0.0
0.0
0.0
0.0
0.0
0.0
0.0
0.0
0.0
0.0
0.0
0.0
0.0
0.0
0.0
0.0
0.0
0.0
0.0
0.0
0.0
0.0
0.0
0.0
0.0
0.0
0.0
0.0
0.0
0.0
0.0
0.0
0.0
0.0
0.0
0.0
0.0
0.0
0.0
0.0
0.0
0.0
0.0
0.0
0.0
0.0
0.0
0.0
0.0
0.0
0.0
0.0
0.0
0.0
0.0
0.0
0.0
0.0
0.0
0.0
0.0
0.0
0.0
0.0
0.0
0.0
0.0
0.0
0.0
0.0
0.0
0.0
0.0
0.0
0.12232372291307178
0.1337622701355782
0.17630263940267565
0.15996924378408103
0.1559199174004034
0.15446658189410983
0.15619883881736937
0.15975268963389272
0.1646002554669883
0.1738613320800045
0.20785332358224554
0.25249281206133545
0.32142104987126463
0.4128655701910739
0.5211529692110115
0.639109352132808
0.7545625576834841
0.8571951281269896
0.9419071239049539
1.008496810113816
1.0595869364438366
1.098447739101079
1.1262612949118869
1.1451354848934223
1.1570666176493958
1.1625687777656923
1.1621423961214992
1.1559759617718874
1.1437370198193288
1.1274221668716815
1.1103570510757879
1.0941236419403901
1.0793290094558965
1.0664717611304573
1.0553053613255596
1.045440064232864
1.0367495720798807
1.02896756902357
1.0217848860490313
1.015096813604677
1.0089567199820073
1.0035300199830832
0.9988933902896976
0.9949014433891613
0.9914628536804951
0.9886223578376026
0.9862685784657805
0.9842348746988618
0.9824758643720559
0.9809173251259937
0.9794570404503988
0.978071763836827
0.9767744438852164
0.9755607456142644
0.9744266575549714
0.9733568667341401
0.9723218618939504
0.9713089615177118
0.9703283438693483
0.9693860144279912
0.968480573363087
0.9676106860274982
0.966771806421067
0.9659530188092266
0.9651478166389585
0.9643760854281338
0.9636559388093887
0.962985449000626
0.9623628368198462
0.9617859361909754
0.9612344183589859
0.9606894424155804
0.9601509330562585
0.9596188162199916
0.9590930254089824
0.9585781672247283
0.9580881414075391
0.9576316570426416
0.9572077559057395
0.956815547558336
0.9564497703898768
0.9560963075350545
0.9557458186518791
0.9553333516349483
0.9548803639700104
0.9545303013183991
0.954068386176385
0.953688647452371
0.9532555024279612
0.9527690849363661
0.9522944615408219
0.9518383537718218
0.9514189968849516
0.9510473498781359
0.9507154516438142
0.9504091399904959
0.950115847339422
0.9498182440367984
0.9495048870942954
0.9491606174585832
0.9487764799707601
0.9483673791075283
0.9479713801399945
0.9476168979300725
0.9473112342474047
0.9470566603133483
0.9468394802337801
0.94662346711937
0.9463634735725107
0.9460502141460617
0.9457010395293444
0.9453271511184425
0.9449307330717356
0.9445293105451166
0.9441409849118118
0.943763578199958
0.9433925199789468
0.943026710078036
0.9426660925007732
0.9423106122386797
0.9419602148617856
0.941614846565959
0.9412744543308773
0.9409389859045447
0.9406083897881846
0.9402826152214936
0.9399616121682475
0.9396453313022518
0.9393337239936239
0.9390267422953987
0.9387243389304494
0.9384264672787133
0.9381330813647154
0.9378441358453823
0.9375595859981348
0.9372793877092562
0.9370034974625259
0.9367318723281114
0.9364644699517141
0.936201248543958
0.9359421668700183
0.9356871842394832
0.9354362604964394
0.9351893560097797
0.9349464316637253
0.934707448848555
0.9344723694515401
0.9342411558480758
0.934013770893006
0.9337901779121367
0.9335703406939325
0.9333542234813909
0.9331417909640912
0.9329330082704143
0.9327278409598426
0.932526254877043
0.9323279803558578
0.9317322789077085