0.0
0.0
0.0
0.0
0.0
0.0
0.0
0.0
0.0
0.0
0.0
0.0
0.0
0.0
0.0
0.0
0.0
0.0
0.0
0.0
0.0
0.0
0.0
0.0
0.0
0.0
0.0
0.0
0.0
0.0
0.0
0.0
0.0
0.0
0.0
0.0
0.0
0.0
0.0
0.0
0.0
0.0
0.0
0.0
0.0
0.0
0.0
0.0
0.0
0.0
0.0
0.0
0.0
0.0
0.0
0.0
0.0
0.0
0.0
0.0
0.0
0.0
0.0
0.0
0.0
0.0
0.0
0.0
0.0
0.0
0.0
0.0
0.0
0.0
0.0
0.0
0.0
0.0
0.0
0.0
0.0
0.0
0.0
0.0
0.0
0.0
0.0
0.0
0.0
0.0
0.0
0.0
0.0
0.0
0.06994858136494289
0.12595853830101594
0.12667531286714348
0.2092698318226757
0.18723998471801548
0.18279883933956723
0.18119919217212496
0.1831123843308928
0.18701628089887762
0.19231254844273035
0.20309167870913072
0.23886825159829553
0.2888026859579582
0.3641027061274786
0.46209518432273394
0.5742291631807064
0.6891248142461864
0.7930701996439978
0.8776286647403133
0.9407025451989658
0.9844659924841241
1.013474947805296
1.0314591802658417
1.0399044692776354
1.0413660026575862
1.038253451195418
1.031851587297627
1.0229660499565474
1.0115669627739985
0.9977570265930532
0.9832812601837367
0.9690701040632814
0.9555267818146365
0.9431643809720072
0.9324101095048284
0.9230623036105368
0.9147970285096408
0.9075118106689078
0.9009859674484546
0.8949615959609115
0.8893518285623344
0.8842021640855721
0.8796518834802524
0.8757654740423775
0.8724208114193895
0.869540994283339
0.8671631628371305
0.8651936652371156
0.8634926831801835
0.8620220442815023
0.8607195296868317
0.8594995769627295
0.8583427013708427
0.8572596767601927
0.8562468296500003
0.8553007638526188
0.8544086642759274
0.8535458864803283
0.8527018399347568
0.851884997589787
0.8511003458219579
0.8503466968526431
0.8496229190026012
0.8489252119520384
0.8482444819024993
0.8475753049968956
0.8469341953122334
0.8463361745819412
0.8457796015179376
0.845262961093904
0.8447844255932188
0.844327106398837
0.8438753659729404
0.8434291408396472
0.8429883685513377
0.8425529915918265
0.8421268185859574
0.8417213446485379
0.8413437568360665
0.840993237745876
0.8406690290112859
0.8403667635842229
0.8400747621835464
0.8397853193209341
0.8394447948833084
0.8390709205160587
0.8387821477850593
0.838401189675084
0.8380881594219886
0.837731242376617
0.8373305931558468
0.8369398486085994
0.8365645271046604
0.836219607920747
0.8359140655102605
0.8356413139720993
0.8353896857846511
0.8351488425720781
0.8349045502252016
0.8346474273184021
0.8343650588234954
0.8340501365582698
0.8337149191995611
0.8333906124133055
0.8331004591497834
0.8328503843943037
0.8326421966874155
0.8324646596233399
0.8322881451143692
0.8320757722062952
0.8318200026300072
0.8315350627172643
0.8312301429482105
0.8309070651594433
0.8305801430806794
0.8302641230234432
0.8299572190227912
0.8296557056672823
0.8293586856506951
0.8290661113055934
0.8287779357875025
0.8284941127424211
0.8282145963455119
0.8279393414290596
0.8276683034696191
0.8274014385754711
0.827138703474376
0.8268800555016163
0.826625452588322
0.8263748532500681
0.8261282165757396
0.8258855022166554
0.8256466703759409
0.8254116817981498
0.8251804977591214
0.8249530800560692
0.8247293909978964
0.8245093933957302
0.8242930505536694
0.8240803262597399
0.8238711847770528
0.8236655908351589
0.8234635096215962
0.8232649067736225
0.8230697483701314
0.8228780009237446
0.8226896313730778
0.8225046070751733
0.8223228957980975
0.8221444657136989
0.8219692853905199
0.8217973237868609
0.8216285502439942
0.8214629344795181
0.8213004465808564
0.8211410569988637
0.820984736480693
0.8208313186243865
0.8203720406381599