0.0
0.0
0.0
0.0
0.0
0.0
0.0
0.0
0.0
0.0
0.0
0.0
0.0
0.0
0.0
0.0
0.0
0.0
0.0
0.0
0.0
0.0
0.0
0.0
0.0
0.0
0.0
0.0
0.0
0.0
0.0
0.0
0.0
0.0
0.0
0.0
0.0
0.0
0.0
0.0
0.0
0.0
0.0
0.0
0.0
0.0
0.0
0.0
0.0
0.0
0.0
0.0
0.0
0.0
0.0
0.0
0.0
0.0
0.0
0.0
0.0
0.0
0.0
0.0
0.0
0.0
0.0
0.0
0.0
0.0
0.0
0.0
0.0
0.0
0.0
0.0
0.0
0.0
0.0
0.0
0.0
0.0
0.0
0.0
0.0
0.0
0.0
0.0
0.0
0.0
0.0
0.0
0.0
0.0
0.0
0.0
0.0
0.0
0.0
0.0
0.0
0.0
0.0
0.0
0.0
0.06698465748274587
0.07667577036848026
0.11098837583887096
0.12571345175680612
0.3091487986954228
0.394718570978851
0.49959085330689124
0.6087947103681773
0.7178617432424012
0.8225298501612289
0.9209007864603507
1.0126137709505973
1.0949096084369114
1.1659375729441253
1.224711345700869
1.2697891945502588
1.2999025120297916
1.3155436784453447
1.3183361476015167
1.3111329393957252
1.297108724459683
1.2788235237605396
1.258774613753262
1.2398714507787516
1.2227216773322056
1.207256332605032
1.193510691178437
1.1811137179654363
1.1695828173229756
1.1587547492254346
1.1487221314760996
1.1397690014676016
1.1320446926808259
1.125331820038769
1.119497852944681
1.1146385364760103
1.1105817507509728
1.1070531566641484
1.1039823893502094
1.1012460816918972
1.098668489976764
1.0962104281746754
1.0938965023268665
1.0917207970422829
1.0896778172357142
1.0877414246290416
1.085859148651767
1.0840083619102587
1.082208029853574
1.0804697687920872
1.0787916789041672
1.0771719431365645
1.0756026857977692
1.0740639083534214
1.0725436253718545
1.0710797633142655
1.0697075410503036
1.0684243790899346
1.0672278983464232
1.066114861620961
1.0650467307379867
1.0639872919567517
1.0629364402400647
1.061894072423885
1.0608601068021744
1.0598437117525714
1.0588726307528247
1.057964673189388
1.0571185675222012
1.056333122682713
1.0555982987212744
1.0548860570806973
1.0541775955592856
1.0533411447735113
1.0524192169846152
1.0517039207053285
1.050756875433439
1.0499750807319372
1.0490798882081998
1.048070188804156
1.0470802593446853
1.0461244536575132
1.0452416632745647
1.0444560039818864
1.0437516776194962
1.0430993411539915
1.042472604215675
1.0418344957865435
1.0411602088015592
1.0404165193304014
1.0395830932095158
1.0386912250112337
1.0378235818954313
1.0370431673513458
1.0363673242393479
1.035802330452178
1.0353187477395678
1.0348362766631387
1.0342536466589562
1.0335488321465671
1.0327594667658617
1.0319097199174163
1.0310035371755326
1.0300802488483276
1.0291814571783116
1.0283024576265614
1.0274328087836568
1.0265700133724605
1.0257139966112312
1.0248646852982886
1.0240220068531
1.0231858894288204
1.022356262299997
1.02153305583974
1.020716201497461
1.019905631777167
1.0191012802162973
1.0183030813650804
1.017510970766401
1.0167248849361574
1.0159447613441022
1.0151705383951424
1.0144021554110956
1.0136395526128827
1.0128826711031458
1.0121314528492813
1.0113858406668763
1.0106457782035312
1.009911209923069
1.0091820810901073
1.0084583377549938
1.0077399267390896
1.0070267956203895
1.0063188927194773
1.005616167085798
1.0049185684842445
1.0042260473820483
1.0035385549359648
1.0028560429797466
1.0021784640118996
1.001505771183708
1.0008379182875276
1.0001748597453357
0.9995165505975333
0.9988629464910895
0.9982140026531486
0.9975685209402034
0.9956032780688766