0.0
0.0
0.0
0.0
0.0
0.0
0.0
0.0
0.0
0.0
0.0
0.0
0.0
0.0
0.0
0.0
0.0
0.0
0.0
0.0
0.0
0.0
0.0
0.0
0.0
0.0
0.0
0.0
0.0
0.0
0.0
0.0
0.0
0.0
0.0
0.0
0.0
0.0
0.0
0.0
0.0
0.0
0.0
0.0
0.0
0.0
0.0
0.0
0.0
0.0
0.0
0.0
0.0
0.0
0.0
0.0
0.0
0.0
0.0
0.0
0.0
0.0
0.0
0.0
0.0
0.0
0.0
0.0
0.0
0.0
0.0
0.0
0.0
0.0
0.0
0.0
0.0
0.0
0.0
0.0
0.0
0.0
0.0
0.0
0.0
0.0
0.0
0.0
0.0
0.0
0.0
0.0
0.0
0.0
0.13623256243378304
0.1528655925036707
0.15260972418399968
0.26483930441259335
0.2368984191253684
0.23202366571323552
0.2302533838183266
0.23237973989945007
0.23667238612350802
0.24248200796312624
0.2598691202817575
0.30232901869289586
0.36138339883076964
0.4446001207362708
0.5480050539499774
0.661102210225879
0.7722899558789322
0.871669381873125
0.9555899738249668
1.023123422522593
1.0760745921522197
1.1179873601425305
1.150370155288429
1.1722370101703026
1.1852118434038779
1.1917416718925518
1.1928004173737468
1.1891639494981803
1.1809101205521286
1.167871317128275
1.1518223372277336
1.1357286329033687
1.1204015777348058
1.1064195701407398
1.0942637522161272
1.0837015932565475
1.074364095208205
1.0661349969277722
1.0587654844616814
1.0519648595825453
1.0456354682024687
1.0398288130901872
1.03470154337722
1.0303253776674108
1.0265619148500802
1.0233238779679505
1.0206520726988215
1.0184404137371124
1.0165313846863555
1.0148817391919052
1.01342137716407
1.0120542418522984
1.0107584335655835
1.0095459336111066
1.0084125428636426
1.007354372973228
1.0063570125932693
1.0053928731978936
1.0044501119249094
1.0035381733446511
1.0026625920006673
1.001822008998602
1.001015128123576
1.0002376805152626
0.9994795145486929
0.9987345900070492
0.9980212704508713
0.9973562168285055
0.9967375475284018
0.9961635251980279
0.9956320632550006
0.9951243702864925
0.9946230801131785
0.9941281204095374
0.9936394200130161
0.9931569147525444
0.9926848236632582
0.9922358625567435
0.9918179566177515
0.9914301675984646
0.9910716237147955
0.99073746559021
0.9904147663013327
0.9900949886656388
0.9897189336641014
0.98930628034602
0.9889876384426248
0.9885675310304175
0.9882224625982253
0.9878292045263466
0.9873880245709775
0.9869580081111448
0.9865452141721478
0.9861660788947754
0.9858304045218608
0.985530897596474
0.9852547078564641
0.9849904658980867
0.9847225535780584
0.9844406963269917
0.9841313204163128
0.9837864805971405
0.9834196638544626
0.983065031963478
0.9827479548545195
0.9824748367665244
0.9822475795129813
0.9820538578000414
0.9818613201108062
0.9816297748803984
0.9813510786144772
0.9810408076578272
0.9807090301561918
0.9803577888514009
0.980002685532757
0.9796597339269923
0.9793269767264265
0.9790003644787478
0.9786789210367811
0.9783625916974662
0.9780513226824984
0.9777450607784325
0.9774437533787261
0.9771473486215172
0.9768557953751386
0.9765690432239746
0.9762870424546538
0.9760097440425641
0.9757370996386867
0.9754690615567354
0.9752055827605942
0.9749466168520469
0.974692118058789
0.9744420412227133
0.9741963417884637
0.9739549757922502
0.9737178998509153
0.9734850711512489
0.9732564474395404
0.9730319870113685
0.972811648701614
0.9725953918746972
0.9723831764150302
0.9721749627176784
0.9719707116792276
0.9717703846888495
0.9715739436195636
0.9713813508196851
0.9711925691044603
0.9710075617478803
0.9708262924746688
0.9706487254524436
0.9704748252840429
0.9703045570000134
0.9701378860512575
0.9699747783017652
0.9698151999053318
0.969658924328021
0.969188022372904