0.0
0.0
0.0
0.0
0.0
0.0
0.0
0.0
0.0
0.0
0.0
0.0
0.0
0.0
0.0
0.0
0.0
0.0
0.0
0.0
0.0
0.0
0.0
0.0
0.0
0.0
0.0
0.0
0.0
0.0
0.0
0.0
0.0
0.0
0.0
0.0
0.0
0.0
0.0
0.0
0.0
0.0
0.0
0.0
0.0
0.0
0.0
0.0
0.0
0.0
0.0
0.0
0.0
0.0
0.0
0.0
0.0
0.0
0.0
0.0
0.0
0.0
0.0
0.0
0.0
0.0
0.0
0.0
0.0
0.0
0.0
0.0
0.0
0.0
0.0
0.0
0.0
0.0
0.0
0.0
0.0
0.0
0.0
0.0
0.0
0.0
0.0
0.0
0.0
0.0
0.0
0.0
0.0
0.1385474380849475
0.21653136432460082
0.27765497537151695
0.3502131000657777
0.3011691303239512
0.2935139753664754
0.28824583933440084
0.2863187937840323
0.2886396979890834
0.2932849473791498
0.29958866154219893
0.3240355320538624
0.3748725809253436
0.4435639369802415
0.5338897944145152
0.6401817767143836
0.7507960232059837
0.8561474714233293
0.9509513706768702
1.035104198846634
1.1080625151958654
1.1720226585879026
1.228896776474948
1.278198463906397
1.3174992785977144
1.3478014172596233
1.3707663238940953
1.3867493617619957
1.3958367131031335
1.3974798993869362
1.3908438006781805
1.3776618176699813
1.3611550135252772
1.3436092931766772
1.327423111027397
1.3133608439947981
1.301146769903368
1.2903530188908583
1.2808446479226132
1.2723337489323805
1.2644847969971247
1.2571852656942686
1.2504944510601963
1.244591928426306
1.2395586023182381
1.23523388611496
1.231516372353884
1.228451474692088
1.225916260022318
1.223729473421125
1.2218409987324708
1.2201701498291544
1.2186068660796272
1.2171260220982423
1.215741185470041
1.2144474400095646
1.213240223336522
1.2121029843487325
1.2110042182834984
1.2099304208172237
1.2088923210969351
1.2078961732394278
1.206940385183761
1.2060234358737558
1.2051404289779248
1.2042798098127616
1.203434726606391
1.2026259843839295
1.2018723984341206
1.2011717607642216
1.2005220320509316
1.199920772633929
1.1993466765450866
1.1987801007024041
1.1982209606264285
1.197669173192566
1.197124665896805
1.196592198554708
1.196086088470725
1.195615224535734
1.1951785046917636
1.1947749027040142
1.19439890740895
1.194035953496317
1.1936764025949171
1.1932537896416668
1.192790374919481
1.1924326219720665
1.1919613187961198
1.1915743577410993
1.1911336096937972
1.1906395123398479
1.1901582607321441
1.1896966183432418
1.1892729137792046
1.1888980160598404
1.1885637011918109
1.188255574545149
1.1879609222279417
1.1876623278469163
1.187348358403661
1.1870039420539271
1.1866203189450606
1.1862125801416807
1.185818716675664
1.185466840987357
1.1851639653909019
1.1849120992447173
1.18469750046309
1.1844843002327905
1.1842280480452263
1.1839198349059836
1.1835769860787824
1.1832107070019995
1.1828233350151325
1.182432130577301
1.1820547284808516
1.181688948783505
1.1813303266176554
1.1809777845506533
1.1806312582652951
1.180290684507761
1.1799560006927492
1.1796271449497195
1.1793040562729502
1.1789866745047803
1.178674940319248
1.1783687952061128
1.1780681814552545
1.177773042141436
1.1774833211094202
1.1771989629594326
1.176919913032958
1.176646117398863
1.1763775228398379
1.176114076839146
1.175855727567673
1.1756024238712688
1.1753541152583753
1.175110751887931
1.1748722845575414
1.174638664691922
1.1744098443315831
1.174185776121778
1.1739664133016823
1.1737517096938184
1.1735416196937045
1.173336098259731
1.1731351009032545
1.172938583678906
1.1727465031751065
1.1725588165047836
1.1723754812962894
1.1721964556845066
1.1720216983021459
1.1718511682712245
1.1716848251945142
1.171522628904981
1.1713642565715745
1.1708835288293165