0.0
0.0
0.0
0.0
0.0
0.0
0.0
0.0
0.0
0.0
0.0
0.0
0.0
0.0
0.0
0.0
0.0
0.0
0.0
0.0
0.0
0.0
0.0
0.0
0.0
0.0
0.0
0.0
0.0
0.0
0.0
0.0
0.0
0.0
0.0
0.0
0.0
0.0
0.0
0.0
0.0
0.0
0.0
0.0
0.0
0.0
0.0
0.0
0.0
0.0
0.0
0.0
0.0
0.0
0.0
0.0
0.0
0.0
0.0
0.0
0.0
0.0
0.0
0.0
0.0
0.0
0.0
0.0
0.0
0.0
0.0
0.0
0.0
0.0
0.0
0.0
0.0
0.0
0.0
0.0
0.0
0.0
0.0
0.0
0.0
0.0
0.0
0.0
0.0
0.0
0.0
0.0
0.0
0.1579368709873767
0.20209131823575013
0.2484506776115396
0.39134449918208336
0.32967104425439897
0.3215712975949362
0.3159826212144965
0.31393873474659706
0.3164102743936924
0.32134731963076035
0.3280934138424363
0.3559494833333549
0.4111520819065664
0.48652711161602585
0.5810943566883586
0.6875739335139397
0.7920029576635342
0.8853766121564309
0.9641925859326318
1.031262665956656
1.085268363585384
1.1287804193540734
1.1631246340167791
1.1877342980606336
1.2019334353827853
1.2082990725477567
1.2093393591679542
1.2061369444806065
1.1994990851843226
1.1894804090181803
1.1759799117351861
1.1607501509920701
1.1458427706933025
1.1316335281983567
1.1186600067187102
1.1073737876824659
1.097561640197526
1.088884705874631
1.081238665279856
1.074394403624941
1.0680831705592526
1.0622152880501288
1.0568390075348875
1.0520989514849732
1.0480599057840188
1.0445922015634943
1.0416136511431948
1.0391599433447065
1.0371318665260691
1.0353837264270902
1.0338750721887486
1.032541154308156
1.0312938653624517
1.030113044494102
1.029009439408752
1.027979037566134
1.0270181218743843
1.0261134482596175
1.0252398943715282
1.0243866895646025
1.0235623430720517
1.0227717934014464
1.022013739391566
1.0212869395725765
1.020587482851796
1.0199061907149913
1.0192376139802117
1.018598191742194
1.0180027576842743
1.0174495012083642
1.0169367498928013
1.0164625294928376
1.016009993312448
1.015563633116849
1.015123380289174
1.0146891672845344
1.0142609326808023
1.0138424099868002
1.013444835802303
1.0130751616118971
1.01273248206081
1.0124159562598938
1.0121212336034715
1.0118368750337883
1.0115553472615268
1.0112246050001006
1.0108620947751061
1.010582487187826
1.0102142646060976
1.0099121870596137
1.0095683431270837
1.0091831450009172
1.0088082684628774
1.0084489568877613
1.0081194335374877
1.0078280877517
1.0075684620728795
1.007329330380466
1.0071008021965668
1.0068693637873125
1.0066261724770154
1.0063595923530853
1.006062902970496
1.0057478401516726
1.0054437840619415
1.0051723916468498
1.0049389865993033
1.0047450359815449
1.0045798983543204
1.0044159491197127
1.0042190246652587
1.0039823550399807
1.0037193421620698
1.0034386637376855
1.003142177692604
1.002843145509887
1.0025550537384642
1.0022762155329743
1.0020032124486904
1.0017352184673063
1.001472180742957
1.0012140472785418
1.000960766625357
1.0007122879185262
1.0004685609903956
1.0002295363571736
0.999995165205883
0.9997653993816177
0.9995401913750929
0.9993194943104853
0.9991032619335508
0.9988914486000162
0.9986840092642325
0.9984808994680896
0.9982820753301792
0.9980874935352021
0.9978971113236148
0.9977108864815043
0.9975287773306916
0.997350742719052
0.9971767420110506
0.9970067350784854
0.9968406822914324
0.9966785445093904
0.9965202830726165
0.9963658597936488
0.9962152369490143
0.9960683772711124
0.9959252439402747
0.9957858005769915
0.9956500112343059
0.9955178403903676
0.9953892529411439
0.9952642141932849
0.9951426898571374
0.9950246460399036
0.9949100492388958
0.9947988662542645
0.994690930272361
0.9943683049103912