0.0
0.0
0.0
0.0
0.0
0.0
0.0
0.0
0.0
0.0
0.0
0.0
0.0
0.0
0.0
0.0
0.0
0.0
0.0
0.0
0.0
0.0
0.0
0.0
0.0
0.0
0.0
0.0
0.0
0.0
0.0
0.0
0.0
0.0
0.0
0.0
0.0
0.0
0.0
0.0
0.0
0.0
0.0
0.0
0.0
0.0
0.0
0.0
0.0
0.0
0.0
0.0
0.0
0.0
0.0
0.0
0.0
0.0
0.0
0.0
0.0
0.0
0.0
0.0
0.0
0.0
0.0
0.0
0.0
0.0
0.0
0.0
0.0
0.0
0.0
0.0
0.0
0.0
0.0
0.0
0.0
0.0
0.0
0.0
0.0
0.0
0.0
0.0
0.0
0.0
0.0
0.0
0.11818522371246343
0.18474658542086939
0.2676657595255296
0.4164471074778804
0.3872410452300977
0.37218180297780135
0.3636999046687722
0.35780967515843126
0.355653035554158
0.3593128261620671
0.3645534124337042
0.37287437965627207
0.40661992501322614
0.4686484543951457
0.5514216928507643
0.648464317460358
0.751409625931011
0.8476891382323295
0.9301343345068225
0.9978245977336573
1.0560189269488864
1.1029147447336385
1.13991075262291
1.1677483702127318
1.185653769631179
1.1939369093799026
1.1955033157253494
1.1927693742550736
1.1868316707741755
1.1784097147985118
1.1675359464891686
1.1540569461513988
1.1397545350030323
1.1257565418906985
1.1124061826417604
1.10020987480686
1.0895959708891036
1.0803668771228094
1.0722059776349935
1.0650165678796293
1.0585838772682095
1.0526556575749664
1.0471479786663562
1.0421062262031668
1.0376656139138976
1.0338858106351474
1.0306442231588906
1.027862904552863
1.0255740598327538
1.0236840674033154
1.0220563920676107
1.0206528638626295
1.0194128645354217
1.0182542655861224
1.0171582288783558
1.0161346293766051
1.0151796318151214
1.014289683427389
1.0134524255435484
1.0126445486812623
1.0118560662080476
1.0110948189629552
1.0103653292751404
1.0096663522302742
1.0089967000757327
1.0083527302829842
1.007725965150911
1.0071113773867142
1.0065240533437738
1.00597755895664
1.0054701578807868
1.0050002460325322
1.0045659495358688
1.004151792983465
1.0037435654718612
1.0033412016118497
1.0029446370193302
1.0025538126695714
1.0021721289232717
1.0018098118570609
1.0014731572492712
1.0011612957898819
1.0008734204390368
1.000605538596333
1.000347230347905
1.0000916482628128
0.9997915832126231
0.9994629418897396
0.9992096519817899
0.9988763308198905
0.9986031123290057
0.99829236784132
0.9979445741199625
0.9976064433571753
0.9972826812695453
0.9969860539688363
0.9967240355441455
0.9964907422373164
0.996276034118576
0.9960710029171933
0.9958635202264886
0.9956456786708272
0.9954071006915398
0.9951418470077382
0.9948604892094504
0.9945892877782744
0.9943475023727522
0.9941397800007217
0.9939673303500629
0.9938206176041382
0.9936750710719493
0.9935003974080389
0.9932906861195439
0.9930579194661402
0.9928098650795123
0.9925482441410326
0.9922848150534691
0.9920314598613363
0.9917866686914888
0.9915474247169368
0.9913129976499276
0.9910833366364434
0.9908583916153888
0.9906381130555876
0.9904224519869526
0.9902113600987146
0.9900047897268873
0.9898026938420252
0.9896050260372619
0.989411740516626
0.9892227920836227
0.9890381361300796
0.9888577286252414
0.9886815261051155
0.9885094856620557
0.9883415649345813
0.988177722097423
0.9880179158517907
0.9878621054158584
0.9877102505154591
0.9875623113749827
0.9874182487084778
0.9872780237109438
0.9871415980498156
0.9870089338566316
0.9868799937188821
0.9867547406720346
0.9866331381917266
0.9865151501861303
0.9864007409884766
0.986289875349738
0.9861825184314679
0.9860786357987893
0.9859781934135319
0.9858811576275115
0.9857874951759518
0.9856971731710397
0.9856101590955852
0.9855264207415737
0.985445830748766
0.9852086067844996