0.0
0.0
0.0
0.0
0.0
0.0
0.0
0.0
0.0
0.0
0.0
0.0
0.0
0.0
0.0
0.0
0.0
0.0
0.0
0.0
0.0
0.0
0.0
0.0
0.0
0.0
0.0
0.0
0.0
0.0
0.0
0.0
0.0
0.0
0.0
0.0
0.0
0.0
0.0
0.0
0.0
0.0
0.0
0.0
0.0
0.0
0.0
0.0
0.0
0.0
0.0
0.0
0.0
0.0
0.0
0.0
0.0
0.0
0.0
0.0
0.0
0.0
0.0
0.0
0.0
0.0
0.0
0.0
0.0
0.0
0.0
0.0
0.0
0.0
0.0
0.0
0.0
0.0
0.0
0.0
0.0
0.0
0.0
0.0
0.0
0.0
0.0
0.0
0.0
0.0
0.0
0.023261488987699596
0.18080600682201697
0.23484467593289146
0.3076569595058027
0.4661952858154915
0.43227117004164084
0.4207360192562877
0.4126310917266236
0.4065449471498891
0.4042787561058816
0.407979970989433
0.41560900810109286
0.43146894642560407
0.47305483000381515
0.5423547378171674
0.6321462476181511
0.7335930640938217
0.8319315378244038
0.9245043960186584
1.0042623292847461
1.0712643532996582
1.1327211887415236
1.1897810328527707
1.2376573319528994
1.277379350490938
1.3075758110647868
1.3274038260400738
1.3390275361446167
1.3446965307509762
1.345223164117188
1.3415868846466659
1.3337288460262087
1.3215535123976552
1.3066127898963091
1.2911695195314172
1.2764563025512434
1.263023579745724
1.25133899490582
1.2411839420331376
1.2322101464478163
1.2243106285675245
1.2172486975319534
1.210747198133769
1.2047140116961979
1.1991985382099013
1.1943475592166004
1.190224296957065
1.1866931315106435
1.1836675945267716
1.1811810075474782
1.1791301245162966
1.1773658172878851
1.1758460008604068
1.1745045007192678
1.1732522090259774
1.1720686333782075
1.1709642901600323
1.1699348886437295
1.1689764489498222
1.1680755301693082
1.1672069799238485
1.1663600375168532
1.1655430913656606
1.1647609398641339
1.1640121892542379
1.163295508548899
1.1626069449222285
1.1619373992193018
1.1612814927907613
1.160655291688751
1.1600731743699169
1.1595331940974256
1.159033552068178
1.1585721648161498
1.158132530995106
1.1576995491964164
1.1572731463548431
1.1568532505181057
1.156439796780756
1.1560363762770955
1.1556537676474181
1.155298565060301
1.1549697931460357
1.1546665454366507
1.154384566733201
1.1541128609299018
1.1538442020465591
1.1535290487405845
1.1531842459212935
1.1529186920931775
1.152569617524565
1.1522837435664883
1.1519589324813406
1.1515958364926135
1.1512432761826605
1.1509061303086288
1.1505976258245352
1.150325429990252
1.1500833294096737
1.1498607333980837
1.1496483686996142
1.149433669411355
1.1492084784073293
1.148962129273435
1.1486885935899698
1.14839888153472
1.1481200611410585
1.1478718537002617
1.1476589031815707
1.1474823205256726
1.1473322388301006
1.1471834843269528
1.1470051530913326
1.146791341239875
1.146554403568706
1.1463023599050526
1.1460370662913117
1.1457705200736774
1.1455147410383044
1.145268169330115
1.1450277458417977
1.1447927282153803
1.144563059146241
1.1443386821962833
1.1441195415298686
1.143905581945175
1.1436967489712282
1.1434929888540764
1.1432942485432904
1.1431004756787713
1.142911618577862
1.1427276262227555
1.1425484482481838
1.1423740349293943
1.1422043371703903
1.1420393064924415
1.141878895022847
1.141723055483954
1.1415717411824173
1.1414249059986976
1.141282504376792
1.141144491314191
1.1410108223520523
1.1408814535655933
1.1407563415546889
1.1406354434346748
1.140518716827349
1.1404061198521669
1.1402976111176246
1.1401931497128266
1.1400926951992323
1.139996207602579
1.1399036474049737
1.1398149755371532
1.139730153370904
1.1396491427116457
1.1395719057911633
1.1394984052604933
1.1394286041829007
1.1393624659530432
1.1392998573975035
1.1391210016485345