0.0
0.0
0.0
0.0
0.0
0.0
0.0
0.0
0.0
0.0
0.0
0.0
0.0
0.0
0.0
0.0
0.0
0.0
0.0
0.0
0.0
0.0
0.0
0.0
0.0
0.0
0.0
0.0
0.0
0.0
0.0
0.0
0.0
0.0
0.0
0.0
0.0
0.0
0.0
0.0
0.0
0.0
0.0
0.0
0.0
0.0
0.0
0.0
0.0
0.0
0.0
0.0
0.0
0.0
0.0
0.0
0.0
0.0
0.0
0.0
0.0
0.0
0.0
0.0
0.0
0.0
0.0
0.0
0.0
0.0
0.0
0.0
0.0
0.0
0.0
0.0
0.0
0.0
0.0
0.0
0.0
0.0
0.0
0.0
0.0
0.0
0.0
0.0
0.0
0.0
0.0
0.0
0.09243995084382192
0.20327375114285337
0.24481821949519458
0.2990825890858814
0.42911659169574123
0.36241543961947925
0.3541366294582327
0.34833395817799023
0.3461586902556398
0.34868139000049436
0.35377236304007875
0.36346700810328963
0.4001633891265646
0.46735666389981323
0.558195695157754
0.6629490487733953
0.7596976842505474
0.8533727517111109
0.9348779582176582
1.0042211753818646
1.070914299126661
1.1398280313716076
1.199703845821433
1.2529881282310367
1.2969236929554822
1.329492192997336
1.3523740495505177
1.3674317603111594
1.3756344099878255
1.3776971911803777
1.3736081570115706
1.3631734321336375
1.3483425273524836
1.3316877110984053
1.315255324450342
1.300263280537107
1.28721969064257
1.275874818502878
1.2658379142319156
1.2569890683993055
1.2490640416590275
1.2417526264698564
1.2349515488003
1.2287172690680084
1.223218030105324
1.2185296718776946
1.2145025934062876
1.2110421432980603
1.2081902854283062
1.2058322148942877
1.2037989819319048
1.2020437560552495
1.2004913594910536
1.1990394075980173
1.1976645056842017
1.1963792031702982
1.195178876602372
1.1940592351702985
1.1930048781082456
1.191986561702536
1.190991755295895
1.1900303886615633
1.189108233396108
1.1882237899006594
1.187375625455374
1.1865591883594577
1.185763778580794
1.1849830533443722
1.1842362184127535
1.1835406120366572
1.1828941460672748
1.1822948913045994
1.1817405552856348
1.1812114625434946
1.1806894962018093
1.1801745773454284
1.1796666282976502
1.1791655805548542
1.17867580895525
1.1782104684967138
1.177777705199648
1.1773764743788975
1.1770058037903466
1.1766606071009331
1.176327495583048
1.175997624828356
1.1756100376338936
1.175185197838434
1.1748573809205383
1.1744256761377767
1.1740714026306773
1.1736680688018561
1.1732161477140979
1.1727762287207468
1.1723544767818845
1.1719676008387914
1.1716254692864534
1.1713205211481152
1.1710395875580066
1.1707710564254292
1.1704990520221659
1.1702131747075482
1.169899734717132
1.1695508148481644
1.1691801991619477
1.1688224382042574
1.1685030263780374
1.168228257907721
1.1679998850025246
1.1678053934521357
1.167612254643224
1.1673802248775056
1.1671013066900933
1.1667912594668903
1.1664602833432567
1.1661105494553627
1.1657576840428416
1.165417596111671
1.1650883020494964
1.1647657708125196
1.1644490290058118
1.1641380158331767
1.1638326714784515
1.1635329367509128
1.1632387531273207
1.1629500628863874
1.1626668090934345
1.1623889355854065
1.1621163869562359
1.1618491085425464
1.1615870464096842
1.161330147338073
1.1610783588098785
1.1608316289959792
1.1605899067432315
1.160353141562021
1.160121283614097
1.1598942837006776
1.1596720932508209
1.1594546643100534
1.1592419495292527
1.159033902153773
1.1588304760128108
1.1586316255090021
1.1584373056082484
1.1582474718297604
1.1580620802363202
1.1578810874247514
1.1577044505165939
1.1575321271489787
1.1573640754656964
1.1572002541084567
1.1570406222083296
1.1568851393773707
1.1567337657004202
1.1565864617270718
1.1564431884638136
1.1563039073661794
1.156168580150422
1.1560369454888104
1.1556379659788794