0.0
0.0
0.0
0.0
0.0
0.0
0.0
0.0
0.0
0.0
0.0
0.0
0.0
0.0
0.0
0.0
0.0
0.0
0.0
0.0
0.0
0.0
0.0
0.0
0.0
0.0
0.0
0.0
0.0
0.0
0.0
0.0
0.0
0.0
0.0
0.0
0.0
0.0
0.0
0.0
0.0
0.0
0.0
0.0
0.0
0.0
0.0
0.0
0.0
0.0
0.0
0.0
0.0
0.0
0.0
0.0
0.0
0.0
0.0
0.0
0.0
0.0
0.0
0.0
0.0
0.0
0.0
0.0
0.0
0.0
0.0
0.0
0.0
0.0
0.0
0.0
0.0
0.0
0.0
0.0
0.0
0.0
0.0
0.0
0.0
0.0
0.0
0.0
0.0
0.0
0.0
0.0
0.0
0.10838559414875201
0.19593559140228003
0.25689240357510157
0.33928079888808105
0.28918021651300607
0.28143131968098234
0.27606463067086084
0.27401866312386414
0.2762683806534899
0.2808911274962154
0.28727675636179995
0.3173304386116627
0.3791932241568503
0.4697147712995604
0.5793053321645829
0.6759620888486574
0.7708631606089864
0.8511151000629362
0.9166294503551128
0.9794523505365258
1.0483125067225858
1.1069504518553175
1.1598671406262766
1.2032418544916264
1.2346648321415206
1.2558295805901607
1.2685111756949279
1.2738012824377478
1.2727898926007766
1.2658269689075348
1.253131533713299
1.2368733729020034
1.2197640034268764
1.2035470764500393
1.1887873305789753
1.175966595502713
1.1648196936230315
1.154951380432141
1.1462415219652131
1.1384305701600008
1.131213047682887
1.1244870355871106
1.1183088294980656
1.112846962348375
1.1081800099664476
1.1041624171096753
1.1007025952587997
1.0978454515533056
1.0954786734432265
1.0934344785755747
1.0916670350625886
1.0901015784952581
1.0886353585062778
1.087244999551171
1.0859434456285042
1.0847262865292462
1.0835894334221627
1.0825174757896143
1.081480813934907
1.0804667427744548
1.0794854420402338
1.0785428970593682
1.0776376793423528
1.0767684250375433
1.0759305633430207
1.0751131756353065
1.0743097667937858
1.0735401606697523
1.0728223688406087
1.0721544082562888
1.0715344473423771
1.0709602696800482
1.0704116028456272
1.069869693823365
1.0693344670569043
1.0688058481977019
1.0682837712808242
1.06777280775661
1.0672867327639668
1.0668341480508214
1.066414063162513
1.0660255567289014
1.0656633820950008
1.0653135419481046
1.0649667756771137
1.064558881367961
1.0641111795234997
1.063765342724349
1.0633092842791128
1.0629345492280766
1.062507351304383
1.0620279363651546
1.061560474993836
1.0611115685075971
1.060699116502724
1.0603338205498376
1.0600077819103082
1.059707038923616
1.05941922512791
1.0591273323114396
1.0588201561426924
1.0584828823412473
1.058106815568567
1.0577066283776966
1.0573195783121934
1.056973380520882
1.0566750737714634
1.0564267799211973
1.056215065579574
1.0560045870954258
1.055751396484662
1.055446547683589
1.055107027443095
1.054743810950106
1.0543590997240628
1.053969956616915
1.0535939282726927
1.0532288811870736
1.0528703812153217
1.0525173605575049
1.0521697618310455
1.0518275286261518
1.0514906051113144
1.051158936079964
1.0508324671027494
1.050511144512534
1.05019491538975
1.0498837275480977
1.0495775295205723
1.049276270545822
1.0489799005548217
1.0486883701578484
1.0484016306317612
1.0481196339075711
1.0478423325582913
1.0475696797870648
1.0473016294155604
1.0470381358726282
1.0467791541832092
1.0465246399574935
1.0462745493803176
1.0460288392007966
1.0457874667221854
1.0455503897919611
1.0453175667921235
1.0450889566297046
1.0448645187274856
1.0446442130149136
1.0444279999192134
1.0442158403566897
1.044007695724215
1.0438035278908984
1.0436032991899309
1.0434069724106017
1.0432145107904836
1.0430258780077815
1.0428410381737174
1.0426599556495837
1.0424823400919931
1.0419403512276326