0.0
0.0
0.0
0.0
0.0
0.0
0.0
0.0
0.0
0.0
0.0
0.0
0.0
0.0
0.0
0.0
0.0
0.0
0.0
0.0
0.0
0.0
0.0
0.0
0.0
0.0
0.0
0.0
0.0
0.0
0.0
0.0
0.0
0.0
0.0
0.0
0.0
0.0
0.0
0.0
0.0
0.0
0.0
0.0
0.0
0.0
0.0
0.0
0.0
0.0
0.0
0.0
0.0
0.0
0.0
0.0
0.0
0.0
0.0
0.0
0.0
0.0
0.0
0.0
0.0
0.0
0.0
0.0
0.0
0.0
0.0
0.0
0.0
0.0
0.0
0.0
0.0
0.0
0.0
0.0
0.0
0.0
0.0
0.0
0.0
0.0
0.0
0.0
0.0
0.0
0.0
0.0
0.0
0.0
0.1497201508117963
0.1697998513774641
0.1686157650096475
0.2665899630901527
0.2418519991371657
0.23687301781158351
0.23496154000598388
0.23700046987928106
0.24123711502608078
0.24706756892952017
0.2732973334509062
0.33207966993185256
0.4197267035497997
0.5283468228535755
0.6233304792176124
0.7187159105518297
0.8006201043570195
0.8699024657947052
0.93952510218462
1.0207567372100617
1.0965374838954156
1.1731715217010175
1.246297945753134
1.3115045472734164
1.3686311189051208
1.41792826124871
1.4584869605387518
1.4895919205666384
1.5094066761256806
1.5159842164771413
1.5107164253017575
1.4974768776547425
1.4798697619084613
1.461294381806008
1.4442110329186915
1.4294046655878856
1.4163189788379777
1.404775642110396
1.394423125351206
1.384854155032928
1.3759318264385252
1.3677295952372988
1.3604706945567575
1.3542603343023256
1.3489070320419434
1.3442910527285004
1.3404741673286396
1.3373083853755627
1.3345710415457794
1.3322017499791083
1.3301010264411712
1.3281315858359106
1.3262623145619323
1.3245107956180266
1.3228713312003046
1.3213386225396722
1.319892067531491
1.3184918719345247
1.3171209598420457
1.3157931329338273
1.314516559405062
1.3132893976172062
1.3121098851894235
1.3109718940486816
1.3098606575811678
1.3087674074642053
1.3077191697430215
1.306740580361914
1.3058290965848298
1.3049823701563714
1.304197492416807
1.30344685479166
1.3027048608213208
1.3019714120842554
1.3012464118003904
1.3005297802855196
1.299827816954492
1.2991594867798786
1.298536691582567
1.2979581651805159
1.297422724314569
1.2969232060341542
1.2964403582830073
1.2959613531373453
1.2953975191304448
1.2947782742046996
1.2942993182329414
1.2936674129410406
1.2931475808117199
1.2925544413562355
1.29188817143734
1.291237780617863
1.2906125143199356
1.2900374051480923
1.2895275253250194
1.289072007030023
1.2886514567475311
1.2882486367943644
1.2878397570602567
1.2874090772763025
1.2869357367313454
1.2864073928437456
1.2858445085543082
1.2852994303680791
1.2848112946016952
1.2843902254273318
1.2840394082499813
1.2837399998985026
1.2834420699390612
1.283083371986642
1.2826510553974642
1.282168977658477
1.2816525293677203
1.2811046856973742
1.2805496258731768
1.2800123594324901
1.2794898907063421
1.2789759081722927
1.2784688943760296
1.2779687758639373
1.277475480484851
1.2769889368240133
1.2765090742694913
1.2760358232324511
1.2755691151270876
1.275108882351035
1.2746550582662464
1.274207577180327
1.2737663743283127
1.2733313858548738
1.2729025487969412
1.2724798010667349
1.2720630814351899
1.2716523295157653
1.2712474857486262
1.2708484913851894
1.2704552884730234
1.270067819841089
1.2696860290853185
1.2693098605545179
1.2689392593365854
1.2685741712450405
1.268214542805852
1.2678603212445572
1.2675114544736679
1.267167891080352
1.2668295803143859
1.266496472076369
1.266168516906194
1.2658456659717698
1.2655278710579836
1.2652150845559016
1.2649072594522002
1.2646043493188257
1.2643063083028665
1.2640130911159186
1.2637246523477346
1.2634403088885118
1.2625595264454632