0.0
0.0
0.0
0.0
0.0
0.0
0.0
0.0
0.0
0.0
0.0
0.0
0.0
0.0
0.0
0.0
0.0
0.0
0.0
0.0
0.0
0.0
0.0
0.0
0.0
0.0
0.0
0.0
0.0
0.0
0.0
0.0
0.0
0.0
0.0
0.0
0.0
0.0
0.0
0.0
0.0
0.0
0.0
0.0
0.0
0.0
0.0
0.0
0.0
0.0
0.0
0.0
0.0
0.0
0.0
0.0
0.0
0.0
0.0
0.0
0.0
0.0
0.0
0.0
0.0
0.0
0.0
0.0
0.0
0.0
0.0
0.0
0.0
0.0
0.0
0.0
0.0
0.0
0.0
0.0
0.0
0.0
0.0
0.0
0.0
0.0
0.0
0.0
0.0
0.0
0.0
0.0
0.0
0.0
0.07812917051348488
0.1591303164438626
0.15788184227194668
0.1556224825756432
0.20130094857095324
0.18363718194592465
0.18191821953411802
0.18373127592671654
0.18754704789089416
0.19274665431138643
0.20668505899427977
0.25729443735223817
0.3397716996888665
0.4505345545483151
0.545775121283579
0.6430159678480775
0.725663071687687
0.7939777244019833
0.8615129663137652
0.9422078006151309
1.0174619225284829
1.0954225746448842
1.1719970039213727
1.2428528750889654
1.3074643636991004
1.365165998607939
1.4144561093037653
1.4540275123917492
1.4812552182478054
1.4932242348262303
1.491086182718671
1.4790580919213352
1.4614004437979493
1.4421336013238382
1.4240105057642765
1.4083679048845066
1.3945800124234808
1.3824277134818381
1.3715288462430686
1.3614514785309653
1.352049814333071
1.3434002864122876
1.3357383850324644
1.3291764871193528
1.3235141441801845
1.3186264825828604
1.31458078549708
1.3112220317103793
1.3083152860015033
1.305797307090744
1.3035630340223467
1.3014668387780257
1.2994757933920524
1.2976088026051835
1.2958599912876443
1.2942238968009447
1.2926786910312404
1.2911819676234126
1.2897155152006792
1.2882941362297207
1.2869266409962523
1.2856111337574951
1.284345800532377
1.2831241357089223
1.2819303337148718
1.280754996713395
1.2796272237769784
1.278573625542985
1.2775915958822337
1.2766787287774457
1.2758320034673007
1.2750217184404016
1.2742202731479129
1.2734275654005571
1.2726434947490335
1.2718679793533803
1.271107847468042
1.2703836732701648
1.2697084222725448
1.2690808000229412
1.268499596119122
1.267957098438081
1.2674324375393375
1.2669116852509075
1.2662983664120975
1.265624336758638
1.2651026802393166
1.2644140018150625
1.263847078121669
1.2631997713757468
1.26247208996885
1.2617611566368
1.2610771171162156
1.2604474428346908
1.2598887701498664
1.259389322105303
1.2589279242712517
1.2584857124889128
1.2580365767166621
1.2575631928358093
1.2570425537301835
1.2564609542101126
1.2558407842196226
1.255239678316378
1.2547008924178111
1.2542357622297202
1.2538479678360255
1.2535168048212273
1.2531870946321475
1.2527898894414755
1.2523108001719465
1.251776088033222
1.2512026785556174
1.2505937430676533
1.2499760637407478
1.2493774698520095
1.248794666377247
1.248220637831564
1.2476536992118228
1.2470937752343132
1.246540791997194
1.2459946763477676
1.245455355956273
1.2449227595635877
1.2443968169599842
1.2438774589644068
1.2433646174042474
1.2428582250956084
1.2423582158240403
1.2418645243257396
1.2413770862691902
1.2408958382372437
1.2404207177096183
1.2399516630458085
1.2394886134683956
1.2390315090467423
1.238580290681069
1.2381349000868922
1.2376952797798233
1.2372613730607112
1.236833124001126
1.2364104774291684
1.2359933789155986
1.2355817747602793
1.235175611978919
1.2347748382901105
1.2343794021026562
1.2339892525031755
1.2336043392439802
1.2332246127312188
1.2328500240132765
1.2324805247694284
1.2321160672987361
1.2317566045091868
1.231402089907058
1.2310524775856715
1.2307077214217808
1.2303670228819878
1.2293152218370762