0.0
0.0
0.0
0.0
0.0
0.0
0.0
0.0
0.0
0.0
0.0
0.0
0.0
0.0
0.0
0.0
0.0
0.0
0.0
0.0
0.0
0.0
0.0
0.0
0.0
0.0
0.0
0.0
0.0
0.0
0.0
0.0
0.0
0.0
0.0
0.0
0.0
0.0
0.0
0.0
0.0
0.0
0.0
0.0
0.0
0.0
0.0
0.0
0.0
0.0
0.0
0.0
0.0
0.0
0.0
0.0
0.0
0.0
0.0
0.0
0.0
0.0
0.0
0.0
0.0
0.0
0.0
0.0
0.0
0.0
0.0
0.0
0.0
0.0
0.0
0.0
0.0
0.0
0.0
0.0
0.0
0.0
0.0
0.0
0.0
0.0
0.0
0.0
0.0
0.0
0.0
0.0
0.0
0.0
0.0
0.14004393655742664
0.16154059586791164
0.14929230119080028
0.1396597619767635
0.12884961105248421
0.12740250703631142
0.12890797642382945
0.13213006856759324
0.1365606747037313
0.14217305413100823
0.18186107257897333
0.25473184104137153
0.3681879091623949
0.4640317587018409
0.5638089352802252
0.6484873682813457
0.7172309959023951
0.7835040581804488
0.8634119329014868
0.9369866816147419
1.0135905275892803
1.0898101325708565
1.1618925822971857
1.229659353531073
1.2917359338703143
1.3464693677107433
1.3915651483911085
1.4238684891465072
1.439411807947925
1.4389353229513533
1.4269817115979577
1.4085326253956065
1.3882669711308657
1.3694322813364228
1.3532926446251423
1.3391411735839587
1.3267050005135008
1.3155662697224666
1.3052709128198374
1.2956643321948487
1.2868225201888697
1.2789857060373837
1.2722694409823452
1.2664696463528748
1.2614595338392462
1.2573094229154027
1.2538616333770718
1.2508759229593824
1.2482879921804373
1.2459903659241303
1.2438335528790776
1.2417838026599612
1.2398607128943164
1.2380583809937187
1.2363713232079019
1.2347771589290188
1.2332322108592528
1.2317177061146694
1.2302489617626553
1.2288351335649246
1.2274743201259404
1.2261647030851208
1.2248996026435637
1.2236626857754245
1.2224442260028223
1.2212744237389803
1.2201809668724886
1.2191612528832367
1.2182128800260936
1.217332803238771
1.21649021516848
1.2156564344079162
1.2148313575519314
1.2140148829848647
1.213206927718649
1.2124146124790227
1.2116594126897409
1.2109549050290176
1.210299800233562
1.2096928929883775
1.2091261809895588
1.2085778930853375
1.208033491537835
1.2073920434554468
1.2066867325756154
1.2061406415802796
1.205419324511231
1.204825248446416
1.2041465968397367
1.2033832230826524
1.2026369514184612
1.201918460903172
1.201256674539922
1.2006691847489899
1.2001437104927497
1.1996580436970912
1.1991923660722503
1.1987191860884348
1.198220225812678
1.197671172763547
1.1970574687996984
1.1964026303764097
1.1957674843380295
1.1951978143134476
1.1947057319729775
1.1942952587066265
1.1939445800928112
1.1935953040078038
1.1931743365243792
1.1926662997833581
1.1920989045090957
1.191489998673176
1.1908428448813009
1.1901858333594795
1.1895485665646421
1.1889275697359423
1.1883153862490285
1.1877102262652968
1.1871120144954421
1.1865206770722296
1.1859361408750841
1.1853583336083378
1.1847871840666009
1.1842226221128906
1.1836645786572988
1.1831129856361813
1.1825677759918576
1.182028883652798
1.1814962435142953
1.1809697914195965
1.180449464141487
1.179935199364317
1.1794269356664475
1.1789246125031174
1.1784281701897081
1.177937549885402
1.1774526935772214
1.1769735440644364
1.1765000449433334
1.1760321405923333
1.1755697761574488
1.175112897538077
1.1746614513731077
1.1742153850273527
1.1737746465782732
1.1733391848030088
1.172908949165694
1.1724838898050582
1.172063957522292
1.1716491037691947
1.1712392806365668
1.1708344408428644
1.1704345377230974
1.1700395252179694
1.1696493578624607
1.1692639899934942
1.1688825911979839
1.1677140612702626