0.0
0.0
0.0
0.0
0.0
0.0
0.0
0.0
0.0
0.0
0.0
0.0
0.0
0.0
0.0
0.0
0.0
0.0
0.0
0.0
0.0
0.0
0.0
0.0
0.0
0.0
0.0
0.0
0.0
0.0
0.0
0.0
0.0
0.0
0.0
0.0
0.0
0.0
0.0
0.0
0.0
0.0
0.0
0.0
0.0
0.0
0.0
0.0
0.0
0.0
0.0
0.0
0.0
0.0
0.0
0.0
0.0
0.0
0.0
0.0
0.0
0.0
0.0
0.0
0.0
0.0
0.0
0.0
0.0
0.0
0.0
0.0
0.0
0.0
0.0
0.0
0.0
0.0
0.0
0.0
0.0
0.0
0.0
0.0
0.0
0.0
0.0
0.0
0.0
0.0
0.0
0.0
0.0
0.0
0.0
0.0
0.0
0.0
0.0
0.0
0.0
0.0
0.0
0.0
0.0
0.0
0.054613710745670584
0.06428357649036183
0.057584777063028315
0.06071091645193358
0.3370438469381411
0.42548053306719325
0.5349473885028663
0.6451268014573094
0.7509892808788208
0.8498385424212112
0.9402676302563335
1.0184390720307468
1.0826299333451204
1.1329283425168581
1.1686674949673856
1.1894950987249306
1.196704752977625
1.1925461463871911
1.1801909585826718
1.1631356315252033
1.1438424590048424
1.1250854863938302
1.1079241672993043
1.0924103598089356
1.0784540981321333
1.0660737516479908
1.054927552288876
1.0445766271630674
1.0348713123262563
1.0258919101691544
1.0178896190634634
1.0109944479449102
1.005008925819554
0.9998121981594634
0.995487514602422
0.991879892445891
0.9887440420319762
0.9860166866376731
0.9835877303705536
0.9813007799876832
0.9791208739266596
0.9770697052534109
0.9751418792013467
0.9733323985848472
0.9716180087299657
0.9699521660156112
0.9683147899023823
0.9667226299037771
0.965185918035578
0.9637029233945551
0.9622719940926091
0.9608861340291834
0.9595276474927946
0.958185916018239
0.9568943855121225
0.9556840855082444
0.954552671684058
0.9534979828436054
0.9525171205356242
0.9515760806426306
0.9506429287869403
0.9497175687800931
0.9487999061483157
0.9478898620534958
0.9469954929807944
0.9461411966613122
0.9453426151000931
0.9445985945377755
0.9439080579416093
0.9432621567956865
0.9426362253413437
0.9420137714613162
0.9412789881919871
0.9404692024329367
0.9398411732407749
0.9390096979283155
0.938323542507371
0.9375380303440507
0.9366522199905799
0.9357839838153462
0.9349458870317958
0.9341720010447914
0.9334834251385555
0.9328662669870564
0.9322947803586716
0.9317458304363134
0.9311870281943184
0.9305966636976528
0.9299456714856457
0.929216283580471
0.9284359233492697
0.9276769409677658
0.9269944251420592
0.926403488113113
0.9259095711354092
0.925486909614542
0.9250653085258166
0.9245562687651143
0.923940584351839
0.9232511943130294
0.9225092608773773
0.9217182637780572
0.9209125640107427
0.9201284760929007
0.9193618824372582
0.9186036660974466
0.9178516452839461
0.917105751846612
0.9163659190668568
0.9156320808206503
0.9149041716758388
0.9141821272288971
0.9134658840838393
0.9127553798316637
0.9120505530303127
0.9113513431851348
0.910657690729831
0.9099695370078746
0.909286824254387
0.9086094955784588
0.9079374949459027
0.907270767162424
0.9066092578571991
0.9059529134668487
0.9053016812197948
0.9046555091209909
0.9040143459370141
0.9033781411815095
0.9027468451009776
0.9021204086608935
0.9014987835321495
0.9008819220778135
0.9002697773401916
0.8996623030281898
0.899059453504963
0.8984611837758475
0.8978674494765666
0.8972782068617023
0.8966934127934265
0.8961130247304854
0.8955370007174283
0.8949652993740757
0.8943978798852225
0.8938347019901713
0.8932757254229893
0.8927201314661601
0.8910543738515302