0.0
0.0
0.0
0.0
0.0
0.0
0.0
0.0
0.0
0.0
0.0
0.0
0.0
0.0
0.0
0.0
0.0
0.0
0.0
0.0
0.0
0.0
0.0
0.0
0.0
0.0
0.0
0.0
0.0
0.0
0.0
0.0
0.0
0.0
0.0
0.0
0.0
0.0
0.0
0.0
0.0
0.0
0.0
0.0
0.0
0.0
0.0
0.0
0.0
0.0
0.0
0.0
0.0
0.0
0.0
0.0
0.0
0.0
0.0
0.0
0.0
0.0
0.0
0.0
0.0
0.0
0.0
0.0
0.0
0.0
0.0
0.0
0.0
0.0
0.0
0.0
0.0
0.0
0.0
0.0
0.0
0.0
0.0
0.0
0.0
0.0
0.0
0.0
0.0
0.0
0.0
0.0
0.0
0.0
0.0
0.0
0.0
0.0
0.0
0.0
0.0
0.0
0.0
0.0
0.0
0.13525627191135042
0.13195124428941768
0.12539208998339163
0.13935079695364955
0.5468048428798101
0.5959512261917199
0.6654608944261206
0.7331993449098436
0.8145631372011165
0.8911356035644221
0.9718391609233601
1.0545270524119832
1.1368391080665854
1.219649244127215
1.3024902513947867
1.3839921960210184
1.461761251463988
1.5304391952295064
1.5824481230460867
1.613727560688516
1.6255187939251046
1.6212429807164863
1.6070577597180353
1.5894486171579287
1.5715929556558093
1.5545387273241904
1.5389775797905594
1.5251208895993178
1.5123594769031612
1.5004729631763571
1.489541134924369
1.4798549028113044
1.4715536514544463
1.4643841868509502
1.4581898602836685
1.4530572550359084
1.4487916387242155
1.445096545944433
1.4418926323677836
1.4390470308716292
1.436374975024808
1.4338348166071937
1.4314508675567512
1.4292159012593453
1.4271231809212255
1.4251449922770751
1.4232272269800759
1.4213466501371714
1.4195222848107663
1.4177655192725753
1.4160740314081797
1.4144455947150107
1.4128719274777644
1.4113327474283313
1.4098160142139253
1.4083593407781883
1.4069972318125183
1.405726529674786
1.4045443207176267
1.4034468498407837
1.4023957564390341
1.401355315610751
1.4003253994715563
1.399305882456429
1.3982966707649829
1.3973066813181219
1.3963627633198499
1.39548191689057
1.3946625836554878
1.3939032989288371
1.3931940794467121
1.3925077136352992
1.3918259181728558
1.3910223984778836
1.390138811966029
1.389454149662748
1.3885498581465574
1.3878046165438864
1.3869529850171614
1.3859947478179417
1.3850575656511923
1.384154893968166
1.3833231205360066
1.3825844248656298
1.3819234480001032
1.3813123198445505
1.3807261290432433
1.3801302832443894
1.379501737274253
1.3788098198269456
1.3780361271144674
1.3772102386072085
1.3764088272551773
1.3756897047503007
1.3750682699024228
1.3745496959345018
1.3741064804869771
1.3736648456927507
1.3731323863650489
1.3724895754498798
1.371771335533139
1.371000141121913
1.3701800480903312
1.3693469648696301
1.3685383992400006
1.3677499691618382
1.3669722289412136
1.3662029121215309
1.3654419270568492
1.3646891838801813
1.3639445936447423
1.3632080684223857
1.362479521640957
1.3617588680565922
1.3610460237267097
1.3603409059836828
1.359643433409162
1.3589535258090382
1.3582711041890194
1.3575960907308064
1.3569284087688545
1.3562679827676924
1.3556147382997978
1.354968602023998
1.3543295016643926
1.353697365989778
1.353072124793557
1.3524537088741289
1.3518420500157333
1.35123708096975
1.3506387354364284
1.3500469480470427
1.3494616543464624
1.348882790776117
1.3483102946573566
1.3477441041751885
1.3471841583623831
1.346630397083939
1.346082761021898
1.3455411916604971
1.3450056312716592
1.344476022900794
1.3439523103529232
1.3434344381791021
1.342922351660399
1.3424159948185028
1.3419138723732362
1.3403621339801581