0.0
0.0
0.0
0.0
0.0
0.0
0.0
0.0
0.0
0.0
0.0
0.0
0.0
0.0
0.0
0.0
0.0
0.0
0.0
0.0
0.0
0.0
0.0
0.0
0.0
0.0
0.0
0.0
0.0
0.0
0.0
0.0
0.0
0.0
0.0
0.0
0.0
0.0
0.0
0.0
0.0
0.0
0.0
0.0
0.0
0.0
0.0
0.0
0.0
0.0
0.0
0.0
0.0
0.0
0.0
0.0
0.0
0.0
0.0
0.0
0.0
0.0
0.0
0.0
0.0
0.0
0.0
0.0
0.0
0.0
0.0
0.0
0.0
0.0
0.0
0.0
0.0
0.0
0.0
0.0
0.0
0.0
0.0
0.0
0.0
0.0
0.0
0.0
0.0
0.0
0.0
0.0
0.0
0.0
0.0
0.0
0.0
0.0
0.0
0.0
0.0
0.0
0.0
0.0
0.0
0.11365924678781883
0.15060689695331178
0.2035122970614814
0.22164534020685256
0.23926273809344098
0.5865499393955945
0.6192757409624333
0.6876688146378646
0.7697673361196785
0.8475816603555404
0.9294546291912141
1.0140315714861092
1.100155500346833
1.189807059301492
1.2838179647486434
1.3823378395219406
1.4843002357562165
1.5840998194569524
1.6723906632241752
1.7416322070307317
1.7886578904055292
1.8128520445977372
1.8184980876032864
1.8130080200889391
1.8016070797616182
1.7873217622266795
1.7722561184550287
1.7572631235539249
1.7424129988962858
1.7278610930484497
1.7144454177994393
1.7025680172818116
1.6923930373822575
1.6836073181269176
1.6760179239864286
1.66972918748546
1.6645018923572998
1.659973261097354
1.65604592740866
1.6525569582214852
1.6492802281730248
1.6461648321463909
1.6432405288689707
1.6404984921643657
1.637930455051344
1.6355023965019806
1.6331479976755885
1.630838823868924
1.628598217555427
1.626440154109681
1.6243618055831928
1.6223604506330755
1.6204259136306778
1.6185332931178886
1.6166678767122609
1.6148759325767494
1.613199894079991
1.6116359443921247
1.6101805616999096
1.608829128414157
1.607534456636735
1.6062526162306119
1.6049834492977142
1.6037268009942756
1.6024825697448513
1.6012617802485878
1.600097547202994
1.5990108524493643
1.5979998202947627
1.5970626750190342
1.5961871078075616
1.5953395601850235
1.5944973096923696
1.5935045656020803
1.5924130191259815
1.591566493629977
1.5904487491725272
1.5895270272106807
1.588473465926405
1.587287843857119
1.5861279048767711
1.5850103553791184
1.5839802832937557
1.5830651979412351
1.582246141071593
1.5814886371293522
1.580761826811619
1.5800228388540045
1.5792430619624755
1.578384412521845
1.5774240248407945
1.576398575555429
1.5754032145743526
1.574509765056573
1.5737374558488009
1.5730927883415011
1.5725416017021858
1.5719921580123304
1.571329555307912
1.5705294504226441
1.5696351733008094
1.5686745867014653
1.5676526852023325
1.5666141487849254
1.5656056901453514
1.5646218661143263
1.563650912669215
1.562690007608049
1.5617390397092956
1.5607978999643266
1.5598664805044418
1.5589446747223286
1.5580323776926726
1.5571294861370788
1.556235898389896
1.555351514364912
1.5544762355228998
1.5536099648399886
1.5527526067768271
1.5519040672485231
1.551064253595334
1.5502330745540838
1.5494104402302895
1.5485962620709681
1.547790452838116
1.546992926582826
1.5462035986200415
1.5454223855039115
1.5446492050037435
1.5438839760805256
1.543126618864012
1.5423770546303508
1.5416352057802314
1.5409009958175575
1.5401743493286064
1.5394551919616788
1.5387434504072195
1.5380390523783927
1.537341926592104
1.536652002750459
1.5359692115226384
1.5352934845271846
1.53462475431469
1.5339629543508528
1.5333080189908896
1.5326598786850434
1.532015908057361
1.5300005689000564