0.0
0.0
0.0
0.0
0.0
0.0
0.0
0.0
0.0
0.0
0.0
0.0
0.0
0.0
0.0
0.0
0.0
0.0
0.0
0.0
0.0
0.0
0.0
0.0
0.0
0.0
0.0
0.0
0.0
0.0
0.0
0.0
0.0
0.0
0.0
0.0
0.0
0.0
0.0
0.0
0.0
0.0
0.0
0.0
0.0
0.0
0.0
0.0
0.0
0.0
0.0
0.0
0.0
0.0
0.0
0.0
0.0
0.0
0.0
0.0
0.0
0.0
0.0
0.0
0.0
0.0
0.0
0.0
0.0
0.0
0.0
0.0
0.0
0.0
0.0
0.0
0.0
0.0
0.0
0.0
0.0
0.0
0.0
0.0
0.0
0.0
0.0
0.0
0.0
0.0
0.0
0.0
0.0
0.0
0.0
0.0
0.0
0.0
0.0
0.0
0.0
0.0
0.0
0.0
0.0
0.029433083723578276
0.04756064868388915
0.09225004521700259
0.12629588746674392
0.1422460220283526
0.47108781777457726
0.516081209886279
0.584115446665251
0.6674321505213171
0.7454141969871326
0.8252471398928805
0.9055272189176995
0.984644751707832
1.064461770029948
1.145841695413101
1.2297005389785207
1.315922438608195
1.3995580123346016
1.471140828351791
1.52288300407874
1.5513781758879068
1.557006334551123
1.5464479786361947
1.5284854937171524
1.5088546651565469
1.4899654268730647
1.4727857654208631
1.4577456724179518
1.4440334340168726
1.4313267992409273
1.4196631858986941
1.4093346802294282
1.400484498874181
1.3928402935825206
1.3862340998012959
1.3807582463360901
1.3762055359094554
1.3722601147329554
1.368837712917684
1.3657967926904064
1.3629401331953728
1.360223306942548
1.3576724203628328
1.3552798736027163
1.353038591317298
1.3509190143918957
1.3488632381697823
1.3468463746707175
1.344888845955809
1.3430029202390041
1.3411861650713408
1.3394362503388288
1.3377443333840666
1.3360886440229436
1.334456240675723
1.332887640438267
1.3314201005287203
1.3300503465809927
1.3287753598597238
1.3275912071530849
1.3264565800556087
1.3253329403986893
1.3242201515695107
1.3231180795182635
1.322026624184821
1.3209554373094317
1.3199336083035371
1.3189796130422622
1.3180918455025303
1.3172687960762672
1.3164997105929692
1.3157551209815965
1.3150152105154154
1.3141428244774032
1.3131830186827405
1.3124389669554137
1.3114557315519901
1.3106450257311024
1.3097181101710629
1.3086745389649492
1.3076532476499954
1.306668938830415
1.305761383850003
1.3049549305485328
1.3042329542931022
1.3035651100306487
1.3029242269657095
1.3022724909334655
1.301584657350041
1.3008270742572445
1.2999794446071649
1.299074020968862
1.298194816446802
1.297405362340306
1.2967227404890236
1.296152812811739
1.2956654940285044
1.295179717960018
1.2945937690089397
1.2938859786853385
1.2930946042308886
1.2922442482505339
1.2913392336948952
1.2904190825918196
1.2895252217491984
1.2886528523439393
1.2877915482917515
1.2869388085272124
1.286094537380199
1.2852586411125206
1.2844310269648724
1.2836116032641047
1.282800279797451
1.2819969677819243
1.2812015798345096
1.2804140299431153
1.2796342334382713
1.2788621069655448
1.2780975684586542
1.2773405371132593
1.2765909333614092
1.2758486788466266
1.2751136963996088
1.2743859100145312
1.2736652448259291
1.2729516270861505
1.2722449841433507
1.2715452444200248
1.270852337392056
1.2701661935682658
1.2694867444704538
1.268813922613912
1.2681476614883975
1.2674878955395572
1.2668345601507849
1.2661875916255034
1.2655469271698567
1.2649125048758052
1.2642842637046054
1.2636621434706736
1.2630460848258147
1.2624360292438084
1.261831919005347
1.2612336971833065
1.2606413076256133
1.2600546928873229
1.2594722377355527
1.2577033885971383