0.0
0.0
0.0
0.0
0.0
0.0
0.0
0.0
0.0
0.0
0.0
0.0
0.0
0.0
0.0
0.0
0.0
0.0
0.0
0.0
0.0
0.0
0.0
0.0
0.0
0.0
0.0
0.0
0.0
0.0
0.0
0.0
0.0
0.0
0.0
0.0
0.0
0.0
0.0
0.0
0.0
0.0
0.0
0.0
0.0
0.0
0.0
0.0
0.0
0.0
0.0
0.0
0.0
0.0
0.0
0.0
0.0
0.0
0.0
0.0
0.0
0.0
0.0
0.0
0.0
0.0
0.0
0.0
0.0
0.0
0.0
0.0
0.0
0.0
0.0
0.0
0.0
0.0
0.0
0.0
0.0
0.0
0.0
0.0
0.0
0.0
0.0
0.0
0.0
0.0
0.0
0.0
0.0
0.0
0.0
0.0
0.0
0.0
0.0
0.0
0.0
0.0
0.0
0.0
0.0
0.021273800567803328
0.049316156141154664
0.09002773006158281
0.1790861959324519
0.22934551104249712
0.4657975146525399
0.5160362296817544
0.5848617129651821
0.6685579389748129
0.7481614167642512
0.8295299884904458
0.9119962661758599
0.9944864990762602
1.0792333439279056
1.1676301323249156
1.26188678668958
1.3636393562080367
1.4700731202783877
1.5730919668737688
1.6637895637004736
1.7345720417031538
1.7803657806827413
1.802589093168151
1.8082546602736826
1.8041027388975155
1.7947075016660006
1.7833064630653723
1.7712163486616728
1.75883158261824
1.7465643397466348
1.7348227405564212
1.7244190745649182
1.7156168250992367
1.708102074457073
1.701678154448462
1.6964051797878932
1.6920584135618113
1.6883203917341927
1.6851003603532981
1.68225720454791
1.6796024568109111
1.6770927297282616
1.6747500040470926
1.6725651072659664
1.6705294983647738
1.6686145547211764
1.6667669424350213
1.6649638744743578
1.6632231228793042
1.661554866438149
1.6599561742841595
1.6584242395722602
1.656950632161536
1.6555159370100259
1.6541087719917178
1.6527636277039928
1.6515114621885814
1.6503483497588445
1.649270672689244
1.6482740910009759
1.6473231539524016
1.6463853537766926
1.6454605239150604
1.6445485009937184
1.643649161216521
1.6427703739053503
1.6419356816513697
1.6411596059247482
1.6404402275068664
1.639775744682433
1.6391569690162804
1.6385599003285827
1.6379684407047759
1.6372737353095257
1.6365129764454607
1.6359252371028163
1.635152257551729
1.6345174941482812
1.6337949246951728
1.6329856552093363
1.6321979508231812
1.6314428734160296
1.6307502951440103
1.6301378037956202
1.6295918328269736
1.6290888052895558
1.6286079095272719
1.6281207338350916
1.6276086350122159
1.6270471052709023
1.626422022543728
1.625758122425498
1.6251172459870928
1.624545008803417
1.6240526985374268
1.6236434366831225
1.6232947488501568
1.6229483023981228
1.6225320320288088
1.6220316299021518
1.6214752874348966
1.6208812257827536
1.6202533320665353
1.6196196149570492
1.6190085755616308
1.6184166472347155
1.617836591610934
1.6172666536178613
1.6167067157966626
1.61615666278753
1.6156163806814465
1.6150857570847361
1.6145646813503993
1.614053044540615
1.6135507393902275
1.6130576602711943
1.6125737031579537
1.6120987655936978
1.61163274665751
1.61117554693235
1.6107270684738564
1.6102872147799403
1.6098558907611502
1.6094330027117845
1.609018458281723
1.6086121664489685
1.6082140374928626
1.6078239829679677
1.6074419156785917
1.6070677496539325
1.6067014001238336
1.6063427834951227
1.6059918173285241
1.6056484203161296
1.6053125122593985
1.6049840140476943
1.6046628476373215
1.6043489360310614
1.604042203258188
1.6037425743549523
1.6034499753455214
1.6031643332233596
1.602885575933042
1.6026136323524773
1.6023484322721562
1.6020899045931283
1.6018370275338731
1.6010885923955485