0.0
0.0
0.0
0.0
0.0
0.0
0.0
0.0
0.0
0.0
0.0
0.0
0.0
0.0
0.0
0.0
0.0
0.0
0.0
0.0
0.0
0.0
0.0
0.0
0.0
0.0
0.0
0.0
0.0
0.0
0.0
0.0
0.0
0.0
0.0
0.0
0.0
0.0
0.0
0.0
0.0
0.0
0.0
0.0
0.0
0.0
0.0
0.0
0.0
0.0
0.0
0.0
0.0
0.0
0.0
0.0
0.0
0.0
0.0
0.0
0.0
0.0
0.0
0.0
0.0
0.0
0.0
0.0
0.0
0.0
0.0
0.0
0.0
0.0
0.0
0.0
0.0
0.0
0.0
0.0
0.0
0.0
0.0
0.0
0.0
0.0
0.0
0.0
0.0
0.0
0.0
0.0
0.0
0.0
0.0
0.0
0.0
0.0
0.0
0.0
0.0
0.0
0.0
0.0
0.0
0.0
0.0
0.0
0.12414310975014937
0.10200353278058098
0.10803791169405903
0.48258989410266284
0.522569535624874
0.6070536915617701
0.6874058419602916
0.7674374521799405
0.8477472873536888
0.9265977748703209
1.005631046520007
1.0855865699421892
1.1684525869889268
1.256130688843027
1.3468552907734268
1.434114954055598
1.5096475435920045
1.5664751099375251
1.600045831847773
1.6127718846135966
1.6124693105564671
1.6058689610739139
1.5971642861644106
1.588545149450584
1.5805810131437845
1.5731752499474316
1.5664807804259904
1.5607472554766244
1.5560323305776764
1.552282341211654
1.5492748741323623
1.5468605255729062
1.5449969923663491
1.5435476520554496
1.542368405426359
1.5414054674849946
1.5405982342089912
1.5398826760140563
1.5392417058051742
1.5386759752995218
1.5381779751869948
1.5377408234661283
1.5373541705088396
1.5370045797753604
1.5366864813017787
1.5364018218951272
1.536150496177928
1.5359301090450699
1.5357383963515598
1.5355726087938482
1.5354293619485149
1.535306873688544
1.5352070382284393
1.5351297783016584
1.5350719921350477
1.5350308366908119
1.5350036897473969
1.5349878303428
1.5349820524518574
1.5349862010721944
1.5350001236101813
1.5350236690043715
1.5350563460342803
1.5350964688976478
1.5351419184406374
1.5351912275777557
1.535243051343897
1.5352968459958822
1.5353539182735914
1.535415542769289
1.5354945538448381
1.5355895150463403
1.5356689840079347
1.535781937167926
1.5358819418257341
1.5360039843249924
1.5361513435039358
1.5363059047170595
1.5364646899598264
1.536619748404634
1.5367645869224267
1.5368999474150518
1.5370299969014982
1.537159209102168
1.5372950823802327
1.537443418731824
1.5376127230616583
1.5378095947562749
1.5380286777086245
1.5382502131970972
1.5384566109784656
1.538640846679265
1.5387988053676611
1.538936880181594
1.5390773015237227
1.5392504072258173
1.5394649927136868
1.5397120981098837
1.539986167419823
1.540287704779895
1.5406048418393368
1.5409232513484608
1.5412439607775157
1.5415703822685374
1.541903260892952
1.5422424731218085
1.5425878968090454
1.5429394115361188
1.5432968985527358
1.5436602405883386
1.5440293218250989
1.5444040278717313
1.5447842457380934
1.5451698638105484
1.5455607718280704
1.5459568608590617
1.5463580232788676
1.5467641527479568
1.5471751441907566
1.5475908937750384
1.5480112988454988
1.5484363688918263
1.5488661579881624
1.5493005895494003
1.5497395904881304
1.5501830914223305
1.55063102690404
1.551083335670773
1.551539960921534
1.5520008506194858
1.5524659578234634
1.5529352410507082
1.5534086646733902
1.5538861993516828
1.554367822506373
1.554853518834234
1.5553432808696181
1.5558371095960177
1.5563350151116055
1.556837017353104
1.5573431468826293
1.5578534457444382
1.5583679699417794
1.5588880617062515
1.5604845062515258