0.0
0.0
0.0
0.0
0.0
0.0
0.0
0.0
0.0
0.0
0.0
0.0
0.0
0.0
0.0
0.0
0.0
0.0
0.0
0.0
0.0
0.0
0.0
0.0
0.0
0.0
0.0
0.0
0.0
0.0
0.0
0.0
0.0
0.0
0.0
0.0
0.0
0.0
0.0
0.0
0.0
0.0
0.0
0.0
0.0
0.0
0.0
0.0
0.0
0.0
0.0
0.0
0.0
0.0
0.0
0.0
0.0
0.0
0.0
0.0
0.0
0.0
0.0
0.0
0.0
0.0
0.0
0.0
0.0
0.0
0.0
0.0
0.0
0.0
0.0
0.0
0.0
0.0
0.0
0.0
0.0
0.0
0.0
0.0
0.0
0.0
0.0
0.0
0.0
0.0
0.0
0.0
0.0
0.0
0.0
0.0
0.0
0.0
0.0
0.0
0.0
0.0
0.0
0.0
0.0
0.0
0.0
0.0
0.1612724055045428
0.1660552452615564
0.17240334931493778
0.46829783515351325
0.5097207961332728
0.5927171372100322
0.6756458245455724
0.7554601453352193
0.8356537731748059
0.9152522022089352
0.9954671475838768
1.0769278712107229
1.1618570316121986
1.2530182475890597
1.3500393712543717
1.4476743373093517
1.5376996634077575
1.6102210663748113
1.6571665959797868
1.6782785298890757
1.6805244634566854
1.672178214432291
1.6593056582750827
1.6456593170889937
1.6325071896080003
1.619907543555722
1.6078800213291762
1.5970320368858089
1.5876086081158634
1.5796680085572428
1.5729133159006126
1.5671580695671916
1.5624481487544002
1.5585759255321792
1.5552538356436754
1.552398295632125
1.5498820485982618
1.547536950352681
1.5453239915733152
1.5432620005135627
1.5413422922603086
1.5395568103025439
1.537879985284207
1.5362647867464625
1.5346911200459354
1.5331743648625573
1.5317231974036702
1.5303348464178492
1.5290066655169552
1.527731161276538
1.5264913877445536
1.5252774077639213
1.524118854586765
1.5230421454242016
1.5220435831455525
1.5211197630882007
1.5202667069098585
1.519453870639382
1.5186533745319293
1.5178650596039527
1.517088769872662
1.5163243789469778
1.5155785353981497
1.5148711341065277
1.5142143304707203
1.5136063221641514
1.5130454246437284
1.5125237474232924
1.51202096470914
1.511523538276088
1.510940003643552
1.510301821282055
1.5098096346777905
1.5091630942429797
1.5086330870803082
1.5080306929191747
1.5073571792780247
1.506702880268848
1.5060768847265198
1.5055037734389762
1.5049978221115128
1.504547546801874
1.5041333101349739
1.5037378738772025
1.503337855489229
1.5029180192583123
1.5024584300075532
1.5019477831672874
1.5014065539962842
1.5008852408485864
1.5004207523273485
1.5000219114318618
1.4996909152465896
1.499409338134028
1.4991299790186081
1.498794829240608
1.4983926838598953
1.4979465721831335
1.4974714110697638
1.496970572378515
1.4964665866394786
1.4959821284945716
1.4955142764176317
1.495057249793776
1.4946096393884345
1.4941713331560802
1.4937422210019389
1.4933221942677735
1.4929111457791964
1.4925089700203593
1.4921155630979617
1.4917308227062134
1.4913546480927253
1.4909869400252973
1.4906276007595758
1.4902765340075552
1.4899336449068947
1.4895988399910294
1.4892720271600468
1.4889531156523086
1.4886420160167975
1.4883386400861587
1.4880429009504264
1.487754712931406
1.4874739915577002
1.4872006535403504
1.4869346167490856
1.4866758001891562
1.4864241239787344
1.4861795093268675
1.4859418785119685
1.485711154860824
1.4854872627281135
1.4852701274764168
1.4850596754566991
1.4848558339892637
1.484658531345153
1.4844676967279908
1.4842832602562506
1.4841051529459395
1.4839333066936842
1.483767654258952
1.4836081284790077
1.4834541878747567
1.483020031950414