0.0
0.0
0.0
0.0
0.0
0.0
0.0
0.0
0.0
0.0
0.0
0.0
0.0
0.0
0.0
0.0
0.0
0.0
0.0
0.0
0.0
0.0
0.0
0.0
0.0
0.0
0.0
0.0
0.0
0.0
0.0
0.0
0.0
0.0
0.0
0.0
0.0
0.0
0.0
0.0
0.0
0.0
0.0
0.0
0.0
0.0
0.0
0.0
0.0
0.0
0.0
0.0
0.0
0.0
0.0
0.0
0.0
0.0
0.0
0.0
0.0
0.0
0.0
0.0
0.0
0.0
0.0
0.0
0.0
0.0
0.0
0.0
0.0
0.0
0.0
0.0
0.0
0.0
0.0
0.0
0.0
0.0
0.0
0.0
0.0
0.0
0.0
0.0
0.0
0.0
0.0
0.0
0.0
0.0
0.0
0.0
0.0
0.0
0.0
0.0
0.0
0.0
0.0
0.0
0.0
0.0
0.0
0.0
0.14661973674117862
0.1905379166717125
0.19405427402195374
0.44622263814199586
0.49064457585484156
0.5736427492890186
0.6589915172674381
0.7392964279539207
0.8198427177732848
0.899950603734392
0.9804207825973112
1.0615984939259897
1.1456508926265394
1.235618098204946
1.33235074882438
1.4329173541663396
1.5306405454276586
1.6149938901430403
1.6748170606653203
1.7063612373581774
1.714656819079326
1.7077768876768
1.6934400603015807
1.6771305637160951
1.6609205232581936
1.6452075330358835
1.6301269496893518
1.6163442241697097
1.6042643826130798
1.5939776026955261
1.5851342026770052
1.5775218226410734
1.5712320974343152
1.5660163311269808
1.5615067543171683
1.5576027733143474
1.5541398961637378
1.5508922733984603
1.5478087072417352
1.544917993537277
1.5422107409636554
1.5396781892578029
1.5372862917919763
1.5349693947586132
1.5326993457739075
1.530498938022232
1.5283816915066732
1.5263446146232273
1.5243848375748092
1.522492217497029
1.5206422611401005
1.5188205031608253
1.517072012847782
1.5154379771775621
1.5139144162150209
1.5124976630751437
1.5111830147296257
1.5099244157266338
1.5086790936483838
1.507446876958333
1.5062275975468216
1.5050211377879303
1.5038381569316859
1.5027106781614488
1.5016589111735985
1.5006809173886384
1.499774867671752
1.4989287689293593
1.4981101313097176
1.497297007059322
1.496339063246973
1.4952863337441125
1.4944704206167656
1.4933936071087142
1.4925061937680717
1.4914924169645545
1.4903522750942142
1.4892375888829963
1.4881643497001953
1.4871757446679865
1.486298010131539
1.485512799972167
1.4847869519586352
1.4840908385517793
1.4833833870374038
1.4826372460476016
1.48181605996531
1.4808980970637196
1.479918555301909
1.478968366311611
1.4781159868640343
1.4773795817374744
1.4767651770113719
1.4762400877242103
1.4757168708794532
1.475086157338812
1.4743249314572398
1.47347460392617
1.4725618186931195
1.4715914463671382
1.4706060022988698
1.4696498135596672
1.4687176714441645
1.4677983982877139
1.4668893065618298
1.4659902789007355
1.465101200297528
1.4642219570826247
1.463352437033188
1.4624925297641072
1.461642126688175
1.460801120977322
1.4599694075248846
1.4591468829088683
1.4583334453561794
1.4575289947077883
1.4567334323848036
1.455946661355421
1.455168586102725
1.4543991125933153
1.453638148246734
1.4528856019056664
1.452141383806897
1.4514054055529904
1.4506775800846854
1.4499578216539712
1.4492460457978338
1.4485421693126446
1.447846110229181
1.4471577877882542
1.446477122416928
1.4458040357053141
1.4451384503839257
1.4444802903015688
1.443829480403767
1.4431859467116923
1.4425496163015956
1.4419204172847206
1.4412982787876862
1.440683130933328
1.4400749048219685
1.4394735325067423
1.4388789433548315
1.4382889915853028
1.4365069900793814