0.0
0.0
0.0
0.0
0.0
0.0
0.0
0.0
0.0
0.0
0.0
0.0
0.0
0.0
0.0
0.0
0.0
0.0
0.0
0.0
0.0
0.0
0.0
0.0
0.0
0.0
0.0
0.0
0.0
0.0
0.0
0.0
0.0
0.0
0.0
0.0
0.0
0.0
0.0
0.0
0.0
0.0
0.0
0.0
0.0
0.0
0.0
0.0
0.0
0.0
0.0
0.0
0.0
0.0
0.0
0.0
0.0
0.0
0.0
0.0
0.0
0.0
0.0
0.0
0.0
0.0
0.0
0.0
0.0
0.0
0.0
0.0
0.0
0.0
0.0
0.0
0.0
0.0
0.0
0.0
0.0
0.0
0.0
0.0
0.0
0.0
0.0
0.0
0.0
0.0
0.0
0.0
0.0
0.0
0.0
0.0
0.0
0.0
0.0
0.0
0.0
0.0
0.0
0.0
0.0
0.054524894693325866
0.08215900973652808
0.14537305957540375
0.2759688907297964
0.31089539459515825
0.32302588969077306
0.590732544727857
0.6288383862200307
0.7139295934286825
0.8018076779300052
0.8841093474915126
0.9674531059351317
1.0515315118304105
1.1370226556019027
1.2244597397764478
1.31607520939736
1.4149111155302565
1.522593424765336
1.6385969531681253
1.759429961372694
1.8761429204844386
1.9763784289181385
2.0523689064744333
2.103403595821968
2.132767837540649
2.146090237971355
2.149312370166034
2.1462410714978204
2.1385869618371243
2.127983233667325
2.115758961511295
2.1033399975534133
2.091841718611634
2.081351451514914
2.0719916639109495
2.063977458163917
2.057243465251317
2.0513484782535336
2.046198907165369
2.0415939755670904
2.0372312456359785
2.0330490539623978
2.0290980749235596
2.0253783247290404
2.0218952692737506
2.0186023770941155
2.015409802567576
2.012279188007323
2.0092420355635245
2.006317109702948
2.0035004979260234
2.0007884047303706
1.998166911159473
1.9956022829898608
1.9930748378055898
1.9906472010767906
1.9883766151400266
1.9862578843832555
1.984286213887502
1.9824551518401938
1.9807007727473458
1.9789637302963148
1.9772437999359558
1.975540762237076
1.9738545155715002
1.9722000798766564
1.9706222832260198
1.9691494816225514
1.9677791448944764
1.966508838689406
1.965321809687373
1.9641726059585511
1.9630299339151713
1.9616832963093815
1.9602037649959292
1.9590545950703337
1.957539054207847
1.9562881298080732
1.9548582022163785
1.9532494261484141
1.95167532424006
1.950158668307911
1.9487606248407607
1.9475184399391758
1.9464063784085808
1.9453776744969082
1.9443904014096864
1.9433863751188525
1.94232668364028
1.941159596790713
1.9398541604603736
1.9384603195982295
1.937107310722805
1.9358926712817872
1.934842590954646
1.9339658784982159
1.9332159678111946
1.9324680118560758
1.9315658871976211
1.930476566740919
1.9292588859186763
1.927950632507841
1.9265586347651684
1.925143694268095
1.923769312409869
1.9224280739933002
1.9211039733147046
1.919793169078086
1.918495508587136
1.9172108422891232
1.9159390223084258
1.9146799026069121
1.913433339551947
1.9121991918639736
1.9109773205655165
1.909767588931552
1.9085698624412062
1.9073840087307319
1.9062098975477375
1.9050474007066098
1.9038963920451075
1.9027567473820846
1.9016283444763034
1.9005110629863136
1.8994047844313517
1.8983093921532437
1.8972247712792674
1.8961508086859562
1.8950873929638055
1.8940344143828645
1.8929917648591812
1.8919593379220765
1.8909370286822205
1.8899247338004959
1.888922351457612
1.8879297813244615
1.8869469245331882
1.8859736836489491
1.8850099626423527
1.884055666862552
1.8831107030109706
1.882174979115651
1.8812484045062048
1.8803308897891737
1.8794223467697633
1.87852267057506
1.8776258149530456
1.8747409174943743