0.0
0.0
0.0
0.0
0.0
0.0
0.0
0.0
0.0
0.0
0.0
0.0
0.0
0.0
0.0
0.0
0.0
0.0
0.0
0.0
0.0
0.0
0.0
0.0
0.0
0.0
0.0
0.0
0.0
0.0
0.0
0.0
0.0
0.0
0.0
0.0
0.0
0.0
0.0
0.0
0.0
0.0
0.0
0.0
0.0
0.0
0.0
0.0
0.0
0.0
0.0
0.0
0.0
0.0
0.0
0.0
0.0
0.0
0.0
0.0
0.0
0.0
0.0
0.0
0.0
0.0
0.0
0.0
0.0
0.0
0.0
0.0
0.0
0.0
0.0
0.0
0.0
0.0
0.0
0.0
0.0
0.0
0.0
0.0
0.0
0.0
0.0
0.0
0.0
0.0
0.0
0.0
0.0
0.0
0.0
0.0
0.0
0.0
0.0
0.0
0.0
0.0
0.0
0.0
0.0
0.08342350997954412
0.1162615196198921
0.17885285329366707
0.24826171858474605
0.3212807822280885
0.5759419057895796
0.6220011943826419
0.6948956752277935
0.7824990447825265
0.8728284973848589
0.955695675445088
1.0391166088882282
1.1222437498126983
1.2053980514184741
1.2889558991324193
1.3744169725804234
1.464003130044146
1.5591068109006965
1.6601777643857156
1.765100500087108
1.866629554050912
1.9535055545370528
2.0176899986174
2.0574301366205208
2.075737750571216
2.078348877528527
2.071966879770661
2.0608115748066185
2.047123228414095
2.0322995590029453
2.0173338496829816
2.003228605883142
1.9907103241452686
1.9795356455101782
1.9697245628753133
1.9615102697347995
1.9546569840325174
1.9487151777021778
1.9435579429959702
1.938972052934865
1.9346617567355846
1.9305607648251613
1.9267084083619026
1.923093451167092
1.9197052698947035
1.916499188092011
1.9133880011372564
1.9103344126066257
1.9073693233312543
1.9045112999402234
1.9017567575363463
1.899102220706012
1.896534287132235
1.8940200381081491
1.8915401746723841
1.8891562805124107
1.8869248916317838
1.884841216940849
1.8829008335936692
1.8810977098700044
1.8793690794315014
1.8776564854399682
1.8759597243308652
1.8742785969876266
1.8726130076751704
1.8709777993553072
1.8694173774496645
1.8679599564336082
1.8666031945430386
1.8653448425862296
1.8641684550769566
1.8630290563465353
1.8618957786809078
1.860559460281612
1.8590900773020838
1.857948632640084
1.856441907858215
1.8551978280060333
1.853774894847298
1.8521727796225518
1.8506040966540571
1.8490915924206262
1.8476964409203345
1.846456094261454
1.8453451044187292
1.8443169079819504
1.8433296946433906
1.8423252827089407
1.8412646937755053
1.8400960041200725
1.8387879463362116
1.8373902954982948
1.8360326005755354
1.8348129410875733
1.8337578933826157
1.8328766066045052
1.8321225251428983
1.8313702010768256
1.8304624087321757
1.829365601774464
1.8281387535407596
1.826819726128273
1.8254151702190269
1.8239862948561119
1.8225972666797297
1.8212406664330945
1.8199003413532882
1.8185724202753146
1.8172567630224765
1.8159532323290504
1.8146616923593355
1.8133820088742476
1.81211404981398
1.8108576852513807
1.8096127873465688
1.808379230302742
1.80715689032315
1.8059456455691862
1.8047453761195673
1.8035559639305694
1.8023772927972845
1.8012092483158657
1.8000517178467348
1.7989045904787166
1.7977677569940826
1.7966411098344606
1.7955245430676023
1.7944179523549701
1.7933212349201224
1.792234289517879
1.7911570164042367
1.7900893173070147
1.7890310953972146
1.7879822552610654
1.786942702872739
1.7859123455677184
1.7848910920167949
1.783878852200681
1.7828755373852194
1.7818810600971715
1.7808953341005704
1.779918274373621
1.7789497970861348
1.7779898195773642
1.7770382602930024
1.7760950236142035
1.775154405687152
1.7721238536317163