0.0
0.0
0.0
0.0
0.0
0.0
0.0
0.0
0.0
0.0
0.0
0.0
0.0
0.0
0.0
0.0
0.0
0.0
0.0
0.0
0.0
0.0
0.0
0.0
0.0
0.0
0.0
0.0
0.0
0.0
0.0
0.0
0.0
0.0
0.0
0.0
0.0
0.0
0.0
0.0
0.0
0.0
0.0
0.0
0.0
0.0
0.0
0.0
0.0
0.0
0.0
0.0
0.0
0.0
0.0
0.0
0.0
0.0
0.0
0.0
0.0
0.0
0.0
0.0
0.0
0.0
0.0
0.0
0.0
0.0
0.0
0.0
0.0
0.0
0.0
0.0
0.0
0.0
0.0
0.0
0.0
0.0
0.0
0.0
0.0
0.0
0.0
0.0
0.0
0.0
0.0
0.0
0.0
0.0
0.0
0.0
0.0
0.0
0.0
0.0
0.0
0.0
0.0
0.0
0.0
0.11542428486477914
0.1552628419649777
0.22294614808599636
0.28199344451179104
0.3393077965935259
0.6288375962372073
0.669944843447871
0.7440112204621686
0.8322954814562624
0.9235543908055129
1.0059801426645039
1.089540861544922
1.1726159144529855
1.255412429976677
1.3381936075912588
1.42208967827159
1.5086472811080405
1.5992283281800312
1.695063799128612
1.7955967158846748
1.8950821303991108
1.9833969449097548
2.052025413685753
2.0975588239368226
2.1209463721698616
2.1272067664003416
2.1228573938373114
2.1127211647632125
2.0995325079094327
2.0850645092085234
2.0703977693942424
2.0565883256838586
2.044303616919358
2.033335245286918
2.0237052854980777
2.0156474961944992
2.008903852842562
2.0030200781540266
1.9979062432918127
1.9933602563452841
1.9890886314332366
1.9850255274055304
1.9812097563490758
1.9776300393653221
1.974275706642583
1.9711023979796747
1.9680237419156628
1.9650028207829588
1.9620701733458312
1.9592441100378792
1.9565210317520594
1.953897447369576
1.9513600582864068
1.9488763084133356
1.9464271370024333
1.944073333437403
1.9418706331736533
1.939814216321524
1.937899632381883
1.9361208384080366
1.9344158597570225
1.9327270322230328
1.9310541522263232
1.929397020643639
1.9277555433295224
1.926144346814106
1.924607155734007
1.923171712012046
1.9218356567554375
1.9205967232973018
1.919438672194822
1.9183172054217783
1.9172018995696978
1.9158870236253296
1.9144415979457725
1.9133188611580836
1.9118372601768212
1.9106141042387406
1.9092153939935548
1.907640965556316
1.906099783167754
1.9046141755520414
1.9032441694502893
1.9020264449432671
1.900935930043968
1.8999268626121202
1.8989581767563155
1.897972782314175
1.8969324591532124
1.89578633017886
1.8945038280772435
1.8931338535183215
1.891803409526215
1.8906085356796922
1.8895751649511998
1.8887121490569398
1.887973806484457
1.8872372737569783
1.8863486888209327
1.8852753293619737
1.884075013342624
1.8827848686207826
1.8814114895459946
1.8800147835934147
1.8786574633816955
1.8773322520495197
1.8760233574618552
1.8747269940433746
1.873443020972949
1.8721713003206144
1.8709116956017953
1.86966407194015
1.8684282966353432
1.8672042391166934
1.865991770898047
1.8647907655338343
1.8636010985762723
1.862422647533684
1.8612552918298908
1.86009891276465
1.8589533934751052
1.8578186188982166
1.8566944757341433
1.8555808524105466
1.8544776390477893
1.8533847274249995
1.8523020109469834
1.8512293846119463
1.8501667449800105
1.849113990142504
1.8480710196919936
1.8470377346930447
1.8460140376536838
1.8449998324975478
1.843995024536695
1.842999520445063
1.8420132282325532
1.8410360572197244
1.8400679180130806
1.8391087224809326
1.838158383729819
1.8372168160814748
1.836283935050324
1.8353596573213615
1.8344439006837079
1.8335365681737696
1.832631911909214
1.8296988239153453