0.0
0.0
0.0
0.0
0.0
0.0
0.0
0.0
0.0
0.0
0.0
0.0
0.0
0.0
0.0
0.0
0.0
0.0
0.0
0.0
0.0
0.0
0.0
0.0
0.0
0.0
0.0
0.0
0.0
0.0
0.0
0.0
0.0
0.0
0.0
0.0
0.0
0.0
0.0
0.0
0.0
0.0
0.0
0.0
0.0
0.0
0.0
0.0
0.0
0.0
0.0
0.0
0.0
0.0
0.0
0.0
0.0
0.0
0.0
0.0
0.0
0.0
0.0
0.0
0.0
0.0
0.0
0.0
0.0
0.0
0.0
0.0
0.0
0.0
0.0
0.0
0.0
0.0
0.0
0.0
0.0
0.0
0.0
0.0
0.0
0.0
0.0
0.0
0.0
0.0
0.0
0.0
0.0
0.0
0.0
0.0
0.0
0.0
0.0
0.0
0.0
0.0
0.0
0.0
0.0
0.0
0.0
0.0
0.0
0.0
0.0
0.39013288701405463
0.4769950706166786
0.5881187772490785
0.6967642679753777
0.7999915315679682
0.89569736588554
0.9789769776947276
1.0480698025106288
1.1038574103663332
1.146048654067853
1.1736291229115408
1.187182729804297
1.1878518208473277
1.1779600679298863
1.1617295677387074
1.1424355575710858
1.1231278342329174
1.1056083494656495
1.0898664708793842
1.0757606509403217
1.0632817698719332
1.05207230019892
1.0416843109940608
1.031963438186694
1.0229864733908522
1.01500025993923
1.0081296759500118
1.0021737514114881
0.9970090999593639
0.9927157217070798
0.9891374800324771
0.9860296312630377
0.9833285215331065
0.9809244412052784
0.9786622279088355
0.9765071069618174
0.974480348088351
0.9725764386436213
0.9707902760664253
0.9690987646123043
0.9674558943176538
0.9658418200597884
0.9642730128107141
0.9627594971347327
0.9612995066598541
0.9598913566102052
0.9585281098954326
0.9571923229040618
0.9558735354562289
0.9546045882839941
0.9534158987786635
0.9523050826350248
0.9512699425056975
0.9503075641357432
0.9493845352367023
0.9484695145442188
0.9475624032604341
0.9466631043686918
0.9457715363676794
0.9448955845354422
0.9440591223697699
0.9432774274356117
0.9425493287133193
0.941873733650308
0.9412419521889662
0.9406298375907234
0.9400212542112643
0.9393030151900188
0.9385116797549121
0.9378981128847058
0.9370860003835225
0.9364160049363733
0.9356491980017008
0.9347847472706189
0.9339377221819348
0.9331203613349345
0.932365852535286
0.9316947048419425
0.9310933181290919
0.930536563893409
0.9300018820967483
0.9294577223907454
0.928882958044579
0.9282493248663586
0.9275395837083675
0.9267804762427496
0.9260423975581029
0.9253788774528942
0.9248045401272516
0.9243246070355148
0.9239139914771695
0.9235044794595055
0.923010134710747
0.9224123694345132
0.921743234070396
0.9210233257336987
0.920256071773774
0.9194748369059698
0.9187148322617892
0.9179720493229611
0.9172376438697885
0.9165094979682571
0.915787542095326
0.9150717081800771
0.9143619287920602
0.91365813723458
0.9129602678691587
0.912268256093626
0.911582038320769
0.9109015519575229
0.9102267353846858
0.9095575279371444
0.9088938698845922
0.9082357024127282
0.9075829676049202
0.9069356084243198
0.9062935686964169
0.9056567930920172
0.9050252271106366
0.9043988170642931
0.9037775100616922
0.9031612539927881
0.9025499975137145
0.9019436900320721
0.9013422816925653
0.900745723362973
0.9001539666204519
0.8995669637381561
0.8989846676721683
0.8984070320487321
0.8978340111517786
0.8972655599107369
0.8967016338886258
0.896142189270411
0.8955871828516293
0.895036572027266
0.8944903147808835
0.8939483696739898
0.8934106958352764
0.8928772524327455
0.8923472650799477
0.8907706236062027