0.0
0.0
0.0
0.0
0.0
0.0
0.0
0.0
0.0
0.0
0.0
0.0
0.0
0.0
0.0
0.0
0.0
0.0
0.0
0.0
0.0
0.0
0.0
0.0
0.0
0.0
0.0
0.0
0.0
0.0
0.0
0.0
0.0
0.0
0.0
0.0
0.0
0.0
0.0
0.0
0.0
0.0
0.0
0.0
0.0
0.0
0.0
0.0
0.0
0.0
0.0
0.0
0.0
0.0
0.0
0.0
0.0
0.0
0.0
0.0
0.0
0.0
0.0
0.0
0.0
0.0
0.0
0.0
0.0
0.0
0.0
0.0
0.0
0.0
0.0
0.0
0.0
0.0
0.0
0.0
0.0
0.0
0.0
0.0
0.0
0.0
0.0
0.0
0.0
0.0
0.0
0.0
0.0
0.0
0.0
0.0
0.0
0.0
0.0
0.0
0.12572097917537647
0.10359678866329887
0.10262247576459144
0.10992963887548683
0.1364918227510894
0.16626913279223754
0.21342732902533362
0.2792261864311882
0.3342471855122528
0.40454611082255204
0.7045423615581643
0.7394790498156988
0.8136368640657484
0.9015349844441993
0.9934519010200735
1.075408818223131
1.1600137118838074
1.244547925412371
1.329328655271128
1.414727738151776
1.5014366724739414
1.590620422340285
1.6838637890157666
1.783046198289757
1.8887804330921265
1.9969174632586226
2.098568100873882
2.1849521056922288
2.2503281055669406
2.293193604531079
2.3165057885316576
2.325679952445056
2.325584851072328
2.3195596875268407
2.3100409082758087
2.298714812062829
2.2871146827099467
2.2762377260010926
2.2662722410249847
2.257255622812803
2.2496227601208765
2.243225713942894
2.237484310391872
2.232455147005641
2.2279457951232167
2.223653077672778
2.2195185147726106
2.2155996328112804
2.211895193472086
2.208402274760071
2.205078336104213
2.20183182463144
2.19862481042658
2.195494304468457
2.192463549762767
2.189538105530083
2.1867205505845004
2.183996479607795
2.1813309111008983
2.1787035109080564
2.1761794237843843
2.1738181871328464
2.171614489535405
2.1695634228978053
2.1676582910100795
2.1658326378248387
2.1640247860823822
2.16223451127244
2.160461594165706
2.1587059520435
2.1569832616491107
2.1553402080018036
2.153806326803213
2.1523790185211693
2.151055766510087
2.1498191199038716
2.1486217544718706
2.1474309169987227
2.14602749757364
2.1444858405648906
2.1432877807022956
2.1417082582982925
2.140404069023939
2.1389131512938424
2.137235790700225
2.1355944363590345
2.1340128802714777
2.132554916920056
2.131259379632693
2.1300994450218402
2.1290263593780536
2.127996386673675
2.12694884584937
2.125843125098273
2.124625253679667
2.1232629708724353
2.1218084280458833
2.1203964625038956
2.119128836881218
2.1180329045115265
2.1171178496847656
2.1163350316809684
2.1155541131227062
2.114612193934521
2.1134748368476823
2.112203426574614
2.1108373761794312
2.1093838372983753
2.1079062908102615
2.106471004326382
2.105070237752304
2.103687289947333
2.102318156159167
2.1009626812707562
2.099620713319538
2.0982921019705385
2.096976698687729
2.095674357330565
2.0943849341027545
2.0931082875023908
2.0918442782733946
2.090592769358238
2.0893536258519014
2.088126714957026
2.086911905940224
2.085709070089515
2.0845180806728494
2.0833388128976877
2.0821711438715993
2.0810149525638604
2.079870119768007
2.078736528065325
2.077614061789243
2.0765026069906076
2.0754020514038065
2.074312284413722
2.073233197023488
2.0721646818230237
2.0711066329583296
2.070058946101513
2.069021518421535
2.0679942485556424
2.066977036581484
2.065969783989875
2.0649723936582003
2.0639847698244376
2.063006818061781
2.062038445253851
2.0610795595701568
2.060130070353105
2.0591898624534126
2.0582513591513685
2.0551298374325135