0.0
0.0
0.0
0.0
0.0
0.0
0.0
0.0
0.0
0.0
0.0
0.0
0.0
0.0
0.0
0.0
0.0
0.0
0.0
0.0
0.0
0.0
0.0
0.0
0.0
0.0
0.0
0.0
0.0
0.0
0.0
0.0
0.0
0.0
0.0
0.0
0.0
0.0
0.0
0.0
0.0
0.0
0.0
0.0
0.0
0.0
0.0
0.0
0.0
0.0
0.0
0.0
0.0
0.0
0.0
0.0
0.0
0.0
0.0
0.0
0.0
0.0
0.0
0.0
0.0
0.0
0.0
0.0
0.0
0.0
0.0
0.0
0.0
0.0
0.0
0.0
0.0
0.0
0.0
0.0
0.0
0.0
0.0
0.0
0.0
0.0
0.0
0.0
0.0
0.0
0.0
0.0
0.0
0.0
0.0
0.0
0.0
0.0
0.0
0.0
0.16570658315563708
0.14001213566628473
0.13886437436529014
0.1476203641732186
0.15930974928403968
0.19026353877303295
0.22816430486776676
0.26825549368786716
0.35144470074747847
0.6646045049668254
0.7179477455664612
0.795049566100523
0.8690470117944558
0.956303692434968
1.0484145527437063
1.1285726039330664
1.2113279049231398
1.292782959873001
1.3732686222341943
1.452770110982547
1.5313639245005048
1.6098247332669158
1.6893863044103548
1.7719486710396435
1.858277957281028
1.9450374093330791
2.024648298929463
2.0894416406455485
2.1339952299892855
2.157332585106489
2.162803543176288
2.1566691097840893
2.1441868042653223
2.1289926532770798
2.113300345029056
2.098136924452866
2.0842706129867956
2.072204369719133
2.0615641757866494
2.052303099947668
2.044591660249753
2.03815282457679
2.0325658741586285
2.0277194740564637
2.0234117539819882
2.019364358091956
2.0155148240762255
2.011899938542312
2.008509002222068
2.005331899828905
2.0023266087102223
1.9994113070315749
1.9965510249457983
1.9937746894700827
1.9910996361920708
1.9885224456957307
1.986039801321191
1.9836391084326592
1.981289553218265
1.9789730882002268
1.97674720159871
1.9746645725918581
1.9727205880496612
1.970910986275095
1.969230014010267
1.9676190657053962
1.9660236343967976
1.964443529292526
1.9628785636580035
1.9613286471189362
1.95980758273491
1.958356634361902
1.9570019566971824
1.9557412820183333
1.9545724343373416
1.9534800629953382
1.952422359282178
1.9513706504961637
1.9501309338445427
1.948768317052655
1.947710180093249
1.946313982113783
1.9451616146734432
1.9438441070602828
1.942361390344436
1.940910337847591
1.9395119468356334
1.9382226731550924
1.9370769627650917
1.9360511505464306
1.9351021355540465
1.934191269165756
1.9332648632075682
1.9322870083684824
1.931209928729369
1.9300049711074303
1.928718158064675
1.9274688129162671
1.9263470684526296
1.9253771723299815
1.9245673371640175
1.9238746261549846
1.923183742194129
1.9223503842019616
1.9213439556950394
1.9202187849541115
1.9190097718028245
1.917723176955832
1.9164151837567585
1.9151445304955654
1.913904380713947
1.9126799412425441
1.9114676662990675
1.910267421784532
1.909079076294992
1.9079024997711156
1.90673756365251
1.905584141409538
1.9044421085008514
1.9033113423320278
1.9021917222152729
1.9010831293301567
1.899985446685346
1.8988985590813126
1.8978223530739802
1.896756716939283
1.8957015406386124
1.8946567157851186
1.89362213561085
1.892597694934697
1.8915832901311238
1.8905788190996597
1.8895841812351328
1.888599277398617
1.887624009889084
1.8866582824157254
1.8857020000709377
1.8847550693039439
1.8838173978950388
1.8828888949304377
1.8819694707777082
1.8810590370617817
1.8801575066415073
1.8792647935867555
1.8783808131560429
1.877505481774664
1.876638717013325
1.8757804375672558
1.8749305632356803
1.8740890148611973
1.8732556998436694
1.8724253120441066
1.8697073795027725