0.0
0.0
0.0
0.0
0.0
0.0
0.0
0.0
0.0
0.0
0.0
0.0
0.0
0.0
0.0
0.0
0.0
0.0
0.0
0.0
0.0
0.0
0.0
0.0
0.0
0.0
0.0
0.0
0.0
0.0
0.0
0.0
0.0
0.0
0.0
0.0
0.0
0.0
0.0
0.0
0.0
0.0
0.0
0.0
0.0
0.0
0.0
0.0
0.0
0.0
0.0
0.0
0.0
0.0
0.0
0.0
0.0
0.0
0.0
0.0
0.0
0.0
0.0
0.0
0.0
0.0
0.0
0.0
0.0
0.0
0.0
0.0
0.0
0.0
0.0
0.0
0.0
0.0
0.0
0.0
0.0
0.0
0.0
0.0
0.0
0.0
0.0
0.0
0.0
0.0
0.0
0.0
0.0
0.0
0.0
0.0
0.0
0.0
0.0
0.0
0.19005074561053295
0.1716817747874276
0.17068068796772484
0.1665299260514054
0.17747966327403075
0.2244137381648715
0.31260140258466657
0.44910667064297866
0.5707599143866647
0.667824105449756
0.7660473431601378
0.8434578516261345
0.9153776106322002
0.9997140252851103
1.089999238408676
1.165789509441232
1.2432082633396315
1.316946815506521
1.387154377100746
1.4538012846589707
1.5163598973996348
1.575003540384119
1.630605038710849
1.6850108323738728
1.7388172039632264
1.789501907348344
1.8314334583838752
1.8591624673873355
1.8696232172087939
1.864027139102233
1.8474913442094265
1.8263621186337216
1.804843546202778
1.7849960346792055
1.7675810974244255
1.7527340151689241
1.7401688670628754
1.7296796423492768
1.720777361956216
1.7131715163767516
1.7069034131062013
1.7017024450780684
1.6971962280784907
1.6932857662169187
1.6898090871748266
1.6865412970353293
1.683431919497709
1.6805110082186967
1.6777701237572988
1.675201357439478
1.672770982487081
1.6704128062574954
1.668098442427146
1.6658513797706045
1.6636857617666234
1.661598884681109
1.6595881426865733
1.6576434255218944
1.6557397803805232
1.6538624523197258
1.6520580777748601
1.6503695289756137
1.648793126731371
1.6473254735058143
1.6459620527503036
1.6446553559168402
1.6433610816460904
1.6420790813952908
1.6408092094341644
1.639551373349956
1.6383167351627759
1.6371388294443632
1.636038959153661
1.635015307151062
1.634066150521683
1.6331790866130014
1.6323201554494937
1.631466344181623
1.63045964901315
1.6293523519525392
1.628493319964597
1.627358656882873
1.6264226401356565
1.6253523524750535
1.6241474084436953
1.6229680500625911
1.621831302535321
1.6207831060874773
1.619851570711802
1.619017508904966
1.6182458890669202
1.6175053173697727
1.6167521172863413
1.6159571009885454
1.6150813796998216
1.6141015328259556
1.6130548769014297
1.6120385026263353
1.6111258270646514
1.6103366179703833
1.6096776421931784
1.6091140747366635
1.6085521526098499
1.607874320066896
1.607055559098062
1.6061400818551241
1.6051563084271974
1.6041092629005547
1.6030446621319332
1.6020103931385223
1.6010009066088695
1.6000041523678
1.5990172432078162
1.598040072749099
1.5970725367225405
1.5961145318713146
1.595165956078625
1.5942267088038404
1.5932966910503699
1.5923758053343515
1.5914639556541221
1.5905610474604488
1.5896669876274976
1.5887816844245164
1.5879050474882168
1.5870369877958261
1.5861774176387964
1.5853262505971493
1.5844834015144382
1.5836487864733102
1.5828223227716498
1.582003928899292
1.5811935245152793
1.5803910304256619
1.5795963685618095
1.578809461959231
1.5780302347368893
1.577258612076986
1.5764945202052185
1.575737886371482
1.5749886388310146
1.5742467068259705
1.5735120205674058
1.5727845112176715
1.5720641108731994
1.5713507525476733
1.5706443701555695
1.5699448984960649
1.5692522732372756
1.5685664308906828
1.5678873034923508
1.5672120273415984
1.5650575546406227