0.0
0.0
0.0
0.0
0.0
0.0
0.0
0.0
0.0
0.0
0.0
0.0
0.0
0.0
0.0
0.0
0.0
0.0
0.0
0.0
0.0
0.0
0.0
0.0
0.0
0.0
0.0
0.0
0.0
0.0
0.0
0.0
0.0
0.0
0.0
0.0
0.0
0.0
0.0
0.0
0.0
0.0
0.0
0.0
0.0
0.0
0.0
0.0
0.0
0.0
0.0
0.0
0.0
0.0
0.0
0.0
0.0
0.0
0.0
0.0
0.0
0.0
0.0
0.0
0.0
0.0
0.0
0.0
0.0
0.0
0.0
0.0
0.0
0.0
0.0
0.0
0.0
0.0
0.0
0.0
0.0
0.0
0.0
0.0
0.0
0.0
0.0
0.0
0.0
0.0
0.0
0.0
0.0
0.0
0.0
0.0
0.0
0.0
0.0
0.18780627536516933
0.2524350480436659
0.24624761102838527
0.29630655577401604
0.29030337869729533
0.3261527317850829
0.3982324265196097
0.5052881279314658
0.6391235940652922
0.7545326651584072
0.8466056562320349
0.9393247931684156
1.013333606505452
1.0842516578564043
1.1678970319779907
1.2586465864556053
1.3369854487984645
1.4191359096283325
1.499282516961919
1.5781068082601297
1.6558599829211202
1.7320011791077714
1.8070053359807645
1.8819571289298438
1.9588537620046813
2.0389886581476055
2.120620906636593
2.198219228908672
2.265026216901817
2.314792395463924
2.344629007665773
2.3560975540340814
2.3542339863972312
2.344206001844089
2.330269048121996
2.3152468823719032
2.3005404980666473
2.287032634789126
2.275178000068573
2.2648237801713518
2.255673969969489
2.2480464768040984
2.241670396755069
2.236102977046152
2.231245005819186
2.2269036197155283
2.2227937805699423
2.218856277592751
2.215137397141023
2.211636445741546
2.208355055069444
2.20525000002123
2.2022369365607393
2.199279868859604
2.1964087652229063
2.1936416244145627
2.1909750028911485
2.188405545736111
2.1859202761408474
2.1834873641113384
2.1810882298103347
2.178782457082569
2.176624646883358
2.1746101105401183
2.1727345106753133
2.1709919084185443
2.1693216034669605
2.1676671508198044
2.1660283619041207
2.164405052253822
2.162797148950597
2.1612190058990124
2.1597134452303743
2.15830761682222
2.1569992023262285
2.155785963748331
2.15465197162605
2.1535538499836835
2.1524617056139084
2.151174293296442
2.1497594554726236
2.148660213623718
2.1472101830949626
2.1460129845713745
2.144644118652068
2.143103614851503
2.141595867610827
2.140142737148031
2.1388029015216756
2.1376121536659074
2.1365459162036764
2.135559413469496
2.1346124709749246
2.133649291147952
2.1326325273860256
2.13151250724783
2.1302594684394225
2.1289212961010193
2.1276220527833467
2.126455451305933
2.125446729169895
2.1246044214290443
2.1238838376347315
2.123165031362718
2.122297958995446
2.1212508262782275
2.1200801194349417
2.1188221144137396
2.1174833450779245
2.1161222664570403
2.114799963772241
2.1135093265285754
2.11223497295751
2.110973219722808
2.109723931717897
2.1084869765108833
2.1072622229436546
2.1060495412962883
2.1048488038438204
2.1036598848155177
2.1024826603551805
2.101317008482447
2.100162809055064
2.099019943732099
2.0978882959380694
2.096767750827948
2.095658195253036
2.0945595177276637
2.093471608396704
2.092394359003873
2.0913276628607878
2.0902714148167725
2.08922551122938
2.0881898499356124
2.0871643302238247
2.0861488528062844
2.085143319792376
2.084147634662429
2.083161702242148
2.082185428677639
2.081218721411006
2.0802614891565003
2.079313641877223
2.0783750907623433
2.077445748204839
2.0765255277797317
2.075614344222809
2.0747121134098228
2.0738187523361384
2.0729341790966247
2.07205831279801
2.071191052473776
2.0703257028911204
2.0673871432475868