0.0
0.0
0.0
0.0
0.0
0.0
0.0
0.0
0.0
0.0
0.0
0.0
0.0
0.0
0.0
0.0
0.0
0.0
0.0
0.0
0.0
0.0
0.0
0.0
0.0
0.0
0.0
0.0
0.0
0.0
0.0
0.0
0.0
0.0
0.0
0.0
0.0
0.0
0.0
0.0
0.0
0.0
0.0
0.0
0.0
0.0
0.0
0.0
0.0
0.0
0.0
0.0
0.0
0.0
0.0
0.0
0.0
0.0
0.0
0.0
0.0
0.0
0.0
0.0
0.0
0.0
0.0
0.0
0.0
0.0
0.0
0.0
0.0
0.0
0.0
0.0
0.0
0.0
0.0
0.0
0.0
0.0
0.0
0.0
0.0
0.0
0.0
0.0
0.0
0.0
0.0
0.0
0.09352953927991219
0.19005389658849828
0.24096251019085702
0.24378579937773717
0.2404981936816988
0.31531519737426744
0.31949286961372436
0.32951744286434903
0.33515155754343234
0.3490791003772315
0.3567726276870191
0.3687011467563944
0.41468256820263916
0.4976944776204566
0.6139627441711618
0.7528078272938445
0.8705550885979609
0.9609994155033741
1.0526102290757247
1.1238582536658699
1.1914320760999897
1.272077953197242
1.361887772610053
1.437266290186368
1.5164489207993985
1.5925163744950492
1.6663217465531561
1.7382544188818116
1.8074373258996312
1.8741114224583628
1.9392258167280967
2.0045639062075264
2.0714355844271153
2.1385344246373417
2.2013810652996226
2.254068749450854
2.2912331500503957
2.3102521579436206
2.3126843907017984
2.3037728537503046
2.2884943903757624
2.2709983700869363
2.253805199382268
2.237961461069732
2.2239400632137096
2.211875164524385
2.201507648069739
2.192569045116848
2.185159471219984
2.1789841208609992
2.173625875088011
2.1689753680201544
2.164838661428541
2.160948880982949
2.1572464528257154
2.1537672055719153
2.1505013017263517
2.147439427962511
2.1445414447468827
2.1417286813175513
2.138967526358044
2.136286028553438
2.133701083526769
2.1312095404839595
2.128808333977483
2.126485405881893
2.1242110321490335
2.1219678048296196
2.119811475913297
2.1177932113579274
2.115908688854959
2.11415390888712
2.112523406010679
2.110960416168597
2.109412094050362
2.107878269690512
2.1063587766277374
2.104853542653717
2.103375994077525
2.101966249449026
2.100649773130033
2.099424418579403
2.0982881207737547
2.0972259965615123
2.096197422469469
2.095174509043836
2.093968554853506
2.0926428590474333
2.0916131647283978
2.0902543500131787
2.0891326095868505
2.087849915291073
2.0864061448923876
2.084992950038223
2.0836308110304005
2.082374761770684
2.081258413530835
2.0802587595915956
2.0793338346351167
2.078445988793227
2.077542897735486
2.0765895454578445
2.075539333590902
2.0743642970528535
2.0731092892384284
2.071890675948832
2.0707963985093674
2.069850157198206
2.069060002337021
2.068384062733292
2.06770984131751
2.066896523875943
2.065914227933025
2.0648159391596033
2.0636356927407338
2.0623795868718044
2.0611024628568955
2.059861670353678
2.058650546714137
2.0574546573373067
2.056270547518768
2.0550980935102654
2.053937173984307
2.0527876687214794
2.051649458767124
2.050522426956646
2.049406457879752
2.048301437845582
2.0472072548486877
2.0461237985358527
2.0450509601737186
2.043988632617198
2.0429367102786444
2.041895089097771
2.0408636665122826
2.039842341429206
2.0388310141969024
2.0378295865777383
2.0368379617213943
2.0358560441387996
2.0348837396766726
2.033920955492649
2.0329676000309798
2.0320235829987907
2.031088815342879
2.030163209227041
2.029246678009906
2.0283391362232766
2.0274404995509445
2.026550684807989
2.0256696099205254
2.0247971939059086
2.0239333568533655
2.023078019905058
2.022231105237552
2.0213925360436957
2.0205622365147353
2.019740131773463
2.0189261311704705
2.0181144481085322
2.0153511159886968