0.0
0.0
0.0
0.0
0.0
0.0
0.0
0.0
0.0
0.0
0.0
0.0
0.0
0.0
0.0
0.0
0.0
0.0
0.0
0.0
0.0
0.0
0.0
0.0
0.0
0.0
0.0
0.0
0.0
0.0
0.0
0.0
0.0
0.0
0.0
0.0
0.0
0.0
0.0
0.0
0.0
0.0
0.0
0.0
0.0
0.0
0.0
0.0
0.0
0.0
0.0
0.0
0.0
0.0
0.0
0.0
0.0
0.0
0.0
0.0
0.0
0.0
0.0
0.0
0.0
0.0
0.0
0.0
0.0
0.0
0.0
0.0
0.0
0.0
0.0
0.0
0.0
0.0
0.0
0.0
0.0
0.0
0.0
0.0
0.0
0.0
0.0
0.0
0.0
0.0
0.0
0.05799521897478872
0.14296548626939878
0.21099346721156076
0.2637427230477392
0.27317377741387305
0.27044961563431075
0.3380956144613512
0.3468441393474195
0.35867201662895354
0.36405453907485097
0.3770537867368825
0.37953099242199057
0.40013681823337804
0.4582946351610589
0.5456486574107613
0.6641087004340835
0.80232985897305
0.9192735487366176
1.008513402825336
1.0960043061980598
1.1653319087783078
1.231687119796544
1.310837481022836
1.4004859998698598
1.4797382902722722
1.5629612194627198
1.6441338636103624
1.7245079731859507
1.8045220249709866
1.8832268655059334
1.9609424767258266
2.0386332278121904
2.1183776995007766
2.201926578448146
2.288617225318287
2.3746261628522074
2.454036658906081
2.5200102205216153
2.567385081294925
2.595611400557341
2.6076601212374637
2.607934700571018
2.6010683193559396
2.5907679437685456
2.579334138911217
2.5681143946267033
2.5579023335712585
2.548769810641397
2.5406256207020745
2.5337657541427414
2.5280297507915046
2.5230182747067005
2.518511351605772
2.5144683026273564
2.51060493450775
2.506868066854628
2.5033153855889285
2.499948637357036
2.496767736467489
2.493734617345373
2.490763896510039
2.4878205728435834
2.4849410578299804
2.482148757854636
2.4794432777852733
2.476823810417875
2.4742786534757055
2.4717751976320868
2.469294818656809
2.4669033528306827
2.4646615917257377
2.4625659658729773
2.4606130383435407
2.458797337535056
2.457054106533015
2.4553246903254444
2.453612203495556
2.4519164496830714
2.450237372877746
2.448589996351046
2.4470189539217553
2.445552453499204
2.4441879893211222
2.4429231239603455
2.4417411364387247
2.4405967900508276
2.4394586626615546
2.438117601507122
2.436644974773184
2.4355003103911717
2.4339919119241564
2.4327463915269623
2.4313228043705046
2.429721676650533
2.4281552863471423
2.4266463517815766
2.4252556815774913
2.4240202009522807
2.4229142361431464
2.421891248535683
2.4209095041790323
2.4199111755955856
2.4188575792411324
2.417697364795597
2.416399950910905
2.415015158114272
2.4136713746866674
2.412465344163256
2.411422965155183
2.4105528189675876
2.4098085047174664
2.4090660422405925
2.408170702355009
2.407089941509758
2.4058822185387525
2.4045850751587268
2.4032054506971523
2.401803683795385
2.400442611006726
2.3991148598661973
2.397804594023584
2.3965080208775476
2.3952249952329123
2.3939553747091664
2.3926990183025785
2.391455786556203
2.3902255421300778
2.389008149758271
2.38780347620702
2.3866113902339112
2.38543176254808
2.3842644657714005
2.3831093744006306
2.3819663647704874
2.380835315017622
2.379716105045475
2.3786086164899776
2.37751273268608
2.3764283386350846
2.375355320972748
2.374293567938152
2.373242969343299
2.372203416543429
2.3711748024080257
2.370157021292496
2.369149969010514
2.3681535428069895
2.3671676413316676
2.3661921646133255
2.365227014034557
2.3642720923071265
2.3633273034478783
2.3623925527551903
2.3614677467859426
2.3605527933330106
2.359647601403245
2.358752081195941
2.3578661440812474
2.3569897024470303
2.3561226363147947
2.355256312033026
2.3522107837419917