0.0
0.0
0.0
0.0
0.0
0.0
0.0
0.0
0.0
0.0
0.0
0.0
0.0
0.0
0.0
0.0
0.0
0.0
0.0
0.0
0.0
0.0
0.0
0.0
0.0
0.0
0.0
0.0
0.0
0.0
0.0
0.0
0.0
0.0
0.0
0.0
0.0
0.0
0.0
0.0
0.0
0.0
0.0
0.0
0.0
0.0
0.0
0.0
0.0
0.0
0.0
0.0
0.0
0.0
0.0
0.0
0.0
0.0
0.0
0.0
0.0
0.0
0.0
0.0
0.0
0.0
0.0
0.0
0.0
0.0
0.0
0.0
0.0
0.0
0.0
0.0
0.0
0.0
0.0
0.0
0.0
0.0
0.0
0.0
0.0
0.0
0.0
0.0
0.0
0.0
0.0
0.0
0.09748495365174588
0.16136143484382906
0.23395172012557952
0.2458284775607096
0.24441186623201588
0.3166934067378033
0.3223051318294398
0.33290245592471657
0.33875935067430174
0.35280388582235417
0.36074908923819643
0.37294799498474973
0.41987675865804824
0.505026783355599
0.6255330652891848
0.7711908271580853
0.8966075522602757
0.9904469750500806
1.0776924679552755
1.1455754969816971
1.208162045716394
1.281808642370454
1.3667916669891649
1.44352768796022
1.5221875670022342
1.5978695382756491
1.6716165302452164
1.7437474361578158
1.8129726861939062
1.8793870273551503
1.943628468618862
2.0074818293940058
2.0726019614933455
2.138831048437504
2.2030199853593024
2.2601258717195285
2.304183338992845
2.3311082554362814
2.3406945519931455
2.336696387762902
2.3241193693698095
2.3077940514853594
2.2911167453802994
2.2755983171874457
2.261943612540312
2.2504283643521625
2.2405114293475314
2.2320271800406255
2.2250390173415537
2.2192416729288267
2.2142078794975437
2.2098301386002466
2.205926826987214
2.202251762080158
2.198758172383808
2.1954791751840945
2.192404832744365
2.1895257820022533
2.1868037840727195
2.184164646909429
2.1815767052733737
2.1790661180553763
2.1766485034453695
2.1743206943798965
2.17207961406904
2.169913816186727
2.167795457090893
2.165708264505788
2.1637039896137216
2.161829911756739
2.160081686134347
2.1584552932513295
2.156945377536119
2.1554991708720688
2.1540677074006793
2.1526508162349045
2.151248329969457
2.1498601694357387
2.148498689313796
2.1472007638213
2.1459896715691205
2.1448632549298297
2.143819444442692
2.1428444205259396
2.1419008022507224
2.140962964231717
2.139858097085253
2.138644545386961
2.137702638402242
2.1364607034391914
2.1354362797810156
2.1342658305219575
2.132949663903298
2.1316626742759106
2.130423425912814
2.129281796854264
2.1282680406012684
2.1273609805298213
2.1265223463002645
2.125717896848095
2.124900209916925
2.124037652340655
2.1230882298878506
2.1220269381899044
2.120894575906846
2.1197962143835154
2.1188109093978382
2.1179596652977284
2.1172493873966434
2.1166421754778413
2.1160368723520127
2.115307193288777
2.1144266583514413
2.113443122315591
2.1123873556771384
2.1112650807729696
2.1101254808651664
2.109019727630262
2.107941796791375
2.106878791034469
2.105827619030764
2.1047881560078077
2.10376027955438
2.102743868452839
2.101738802817194
2.1007449645548117
2.0997622373304954
2.098790506531465
2.097829659233191
2.0968795841660732
2.0959401716829285
2.095011313727268
2.0940929038023413
2.0931848369409267
2.0922870096758417
2.0913993200111545
2.0905216673940843
2.089653952687555
2.088796078143402
2.0879479473761973
2.0871094653376905
2.086280538291835
2.085461073790392
2.084650980649097
2.0838501689243647
2.083058549890529
2.082276036017591
2.081502540949476
2.0807379794827723
2.079982267545946
2.0792353221790183
2.0784970615136915
2.0777674047539136
2.077046272156869
2.076333585014382
2.075629265634728
2.074933237324706
2.0742454243292325
2.073565737545849
2.0728892923845432
2.070600471807136