0.0
0.0
0.0
0.0
0.0
0.0
0.0
0.0
0.0
0.0
0.0
0.0
0.0
0.0
0.0
0.0
0.0
0.0
0.0
0.0
0.0
0.0
0.0
0.0
0.0
0.0
0.0
0.0
0.0
0.0
0.0
0.0
0.0
0.0
0.0
0.0
0.0
0.0
0.0
0.0
0.0
0.0
0.0
0.0
0.0
0.0
0.0
0.0
0.0
0.0
0.0
0.0
0.0
0.0
0.0
0.0
0.0
0.0
0.0
0.0
0.0
0.0
0.0
0.0
0.0
0.0
0.0
0.0
0.0
0.0
0.0
0.0
0.0
0.0
0.0
0.0
0.0
0.0
0.0
0.0
0.0
0.0
0.0
0.0
0.0
0.0
0.0
0.0
0.0
0.0
0.0
0.12417359814983386
0.17828278809193782
0.23107444094351948
0.2836422245134597
0.2987813933461839
0.299685682641908
0.36094952721526335
0.3710809235850562
0.3836711571199533
0.39075210911697805
0.40557061986044823
0.4114036627961583
0.43624601586746525
0.4985967575603179
0.5903992269160175
0.7124968942123772
0.8531470075967768
0.9731002324288073
1.063860179182532
1.1462666138129665
1.213031982216414
1.2759475385644123
1.3498309133508442
1.4353283013562024
1.5167179410484168
1.6005131098570484
1.6836353711752794
1.767238332860353
1.8514926868112855
1.9352003634634327
2.0186904270383654
2.1028487753669753
2.1896137686978716
2.281109868381508
2.377717134982876
2.4771595346222695
2.5743387584451796
2.6618324657250825
2.7326348342386253
2.783696545587095
2.8154834183173345
2.8314177553478124
2.8361591079867754
2.8343340096454526
2.828859183146973
2.8218346972216843
2.814875702811115
2.8081754720314436
2.801899330042338
2.796542084736267
2.792051161279267
2.7880736560158326
2.784576342900945
2.781414984526439
2.7782897418580466
2.775152489893914
2.7720847813232106
2.769116267302071
2.7662866469193492
2.763564122250403
2.760857284955409
2.757985348462505
2.755133003273687
2.7523328998299204
2.749589724783802
2.7469071587553686
2.744275723025962
2.7416609038126896
2.7390435805801348
2.7365025914720422
2.734112539951213
2.731872955997098
2.7297830808434584
2.7278392442552533
2.7259683740455656
2.7241008278031513
2.7222373614213784
2.7203786688094462
2.7185255945444355
2.7166972016095614
2.7149485333620205
2.7133153789908326
2.7117964136208608
2.710390187553038
2.709077783920687
2.7078054988432503
2.706535170579454
2.7050145339972875
2.7033279287895358
2.7020296055031765
2.7003147079677396
2.69891894245533
2.6972947618915457
2.6954380402444746
2.6936122957300315
2.6918464719506288
2.6902175149611267
2.688773409859039
2.687484128180722
2.6862930246795043
2.6851487038232884
2.6839790900658365
2.6827374036411484
2.6813695780885096
2.67983957878327
2.6782061419145675
2.676620593569014
2.675197073771046
2.673966320096175
2.672938555362063
2.672058961643
2.6711810289200955
2.670122029732026
2.6688434693598944
2.6674142336819404
2.6658785090265193
2.6642444497949924
2.6625834072728947
2.660969709324487
2.6593946509366275
2.6578394975747996
2.65629976558833
2.654775290314026
2.6532659103485963
2.6517714658436593
2.6502917987071917
2.648826753280748
2.647376176289413
2.6459399167930417
2.644517826138744
2.6431097579145697
2.641715567904364
2.6403351140437556
2.6389682563772436
2.6376148570163505
2.636274780098806
2.634947891748737
2.63363406003783
2.6323331549474385
2.631045048331605
2.6297696138809767
2.6285067270875864
2.6272562652104683
2.6260181072420945
2.624792133875601
2.6235782274727852
2.62237627203285
2.6211861531618794
2.6200077580430126
2.6188409754073154
2.617685695505312
2.6165418100791697
2.615409212335517
2.614287796918873
2.6131774598856765
2.612078098678899
2.610989612103213
2.609911900299058
2.6088448643874256
2.6077883396483563
2.6067285022024613
2.6028604250600957