0.0
0.0
0.0
0.0
0.0
0.0
0.0
0.0
0.0
0.0
0.0
0.0
0.0
0.0
0.0
0.0
0.0
0.0
0.0
0.0
0.0
0.0
0.0
0.0
0.0
0.0
0.0
0.0
0.0
0.0
0.0
0.0
0.0
0.0
0.0
0.0
0.0
0.0
0.0
0.0
0.0
0.0
0.0
0.0
0.0
0.0
0.0
0.0
0.0
0.0
0.0
0.0
0.0
0.0
0.0
0.0
0.0
0.0
0.0
0.0
0.0
0.0
0.0
0.0
0.0
0.0
0.0
0.0
0.0
0.0
0.0
0.0
0.0
0.0
0.0
0.0
0.0
0.0
0.0
0.0
0.0
0.0
0.0
0.0
0.0
0.0
0.0
0.0
0.0
0.0
0.0
0.09279388512435667
0.149368386057882
0.2043948492540498
0.26566940107062886
0.28119222959576473
0.2832191249685886
0.34865428692612077
0.355421358022968
0.3667413568700408
0.374484309206102
0.39052015959422154
0.40152383240551404
0.41805296650043594
0.47038513035343976
0.5612382541607934
0.685608383621506
0.8322776754357591
0.9588357668844614
1.0533540327091961
1.1359362408458642
1.2020680898514886
1.2621984837867273
1.332121886655112
1.4141074326235523
1.4934553988670736
1.5738411551891143
1.6534652425592546
1.7329748230311899
1.812206215337941
1.8898465039984882
1.9660977795123116
2.0414585799548344
2.117594479749806
2.1966194709075006
2.2791289698031973
2.3633725958623235
2.445111646293471
2.5174266836278787
2.5736756497405775
2.610369470594599
2.628294965613566
2.6309152666574422
2.623656801326052
2.6115146748177236
2.597687525575177
2.584269721199061
2.5723541785634625
2.5618399933791447
2.5526283384529145
2.5449485262090357
2.538535423462637
2.5329473591462706
2.5279411429692584
2.5234483326910007
2.5191525546162854
2.514994605174858
2.5110378584608517
2.507284356605118
2.5037342951562076
2.5003456878319645
2.497023805959848
2.493729745991878
2.4905040678024544
2.4873729618990046
2.4843361379351396
2.4813928462938346
2.4785301168446456
2.475711480899194
2.4729160882126995
2.470218013016468
2.467685902715746
2.465316141841644
2.463105238463491
2.4610473671584177
2.4590725458848044
2.4571152779613508
2.455175356681655
2.453252580468127
2.451346913158417
2.4494754633237297
2.447689071524164
2.446020054799098
2.4444658458860964
2.443023927387036
2.4416754531157907
2.440368958962856
2.4390685437184336
2.4375350842619534
2.4358498215979676
2.434538507916678
2.4328092481990993
2.4313798691580564
2.4297446417780324
2.4279036109581935
2.4261004891192037
2.4243615817691264
2.422757255049348
2.4213305453864185
2.4200522415350636
2.41886885571083
2.417732265927577
2.416575552970179
2.4153537792618494
2.414007147459266
2.4124997618638435
2.4108890838763304
2.4093243092109344
2.407918393429081
2.4067020522720832
2.405685809992934
2.404815855553512
2.4039474252325044
2.402899385437746
2.401633158770988
2.400216656877031
2.3986934358268286
2.397071240015396
2.3954207228802704
2.3938158491166432
2.3922480601429426
2.39069874049953
2.389163439231541
2.387642007804925
2.3861343006828704
2.3846401736273486
2.3831594839020447
2.3816920909545796
2.380237856372184
2.3787966438384918
2.377368319091418
2.3759527498820936
2.3745498059348162
2.3731593589079973
2.3717812823560642
2.3704154516923017
2.3690617441526
2.3677200387600674
2.366390216290519
2.365072159238775
2.3637657517857757
2.3624708797664717
2.3611874306384752
2.359915293451453
2.3586543588172293
2.357404518880594
2.356165667290781
2.3549376991736093
2.353720511104266
2.352514001080703
2.351318068497653
2.3501326141212218
2.348957540064064
2.347792749761107
2.346638147945826
2.3454936406270384
2.3443591350662243
2.343234539755328
2.3421197643942695
2.341014719678856
2.339919270982686
2.338821897356079
2.3349050101442432