0.0
0.0
0.0
0.0
0.0
0.0
0.0
0.0
0.0
0.0
0.0
0.0
0.0
0.0
0.0
0.0
0.0
0.0
0.0
0.0
0.0
0.0
0.0
0.0
0.0
0.0
0.0
0.0
0.0
0.0
0.0
0.0
0.0
0.0
0.0
0.0
0.0
0.0
0.0
0.0
0.0
0.0
0.0
0.0
0.0
0.0
0.0
0.0
0.0
0.0
0.0
0.0
0.0
0.0
0.0
0.0
0.0
0.0
0.0
0.0
0.0
0.0
0.0
0.0
0.0
0.0
0.0
0.0
0.0
0.0
0.0
0.0
0.0
0.0
0.0
0.0
0.0
0.0
0.0
0.0
0.0
0.0
0.0
0.0
0.0
0.0
0.0
0.0
0.0
0.0
0.0
0.09298176626335547
0.14760673315000963
0.19938930677925473
0.2571034735327264
0.26279067858007793
0.24311688909657217
0.22727996180960386
0.23657408811155842
0.28650353348744584
0.3183312607373657
0.31891882958736856
0.40162002087850746
0.40861879457530387
0.46953441776954064
0.5608348280958388
0.685424795047785
0.832321094695955
0.9593956572188475
1.0539824678095653
1.1348787929304047
1.2005280345426366
1.2596836838396634
1.3282058960046401
1.4091747940275157
1.4894788902509652
1.5706460032681493
1.6525226915678906
1.7351117824733908
1.8182478379854305
1.90062392969119
1.9824671974761252
2.064218428514196
2.1474973666115855
2.2344770544128547
2.3262835321567517
2.422147557869366
2.5184583608425744
2.608377466730049
2.6843324109083433
2.741047275139317
2.7770250828748653
2.794590625242319
2.798321295284312
2.7937393654257177
2.784816673917691
2.7744124678459148
2.7645065598174643
2.755336439713591
2.747061049506372
2.74008812078585
2.7342652575317845
2.729135203722009
2.7246333640627847
2.720568540159942
2.716577926984705
2.7126149997233147
2.7087912736657693
2.7051341303832372
2.7016553410766724
2.698314250236908
2.6948628176595455
2.6913965063258205
2.6879669762263663
2.684609632698449
2.6813284352178246
2.6781263417511987
2.6749914547750366
2.6718835546608433
2.6687802114482873
2.6657708656432795
2.6629397666301675
2.660285664352787
2.657807084361459
2.6554992783620848
2.6532777830491487
2.6510624168713193
2.648853806500723
2.6466525189254266
2.6444593108541166
2.6422960188563955
2.640226097769148
2.638290745079818
2.6364883147657916
2.6348170283703976
2.6332548223925687
2.6317392289578336
2.630225805924571
2.6284207291092
2.6264226051016295
2.6248768365144644
2.622812599011196
2.621117579975708
2.619161514454404
2.6169586572336154
2.6147999693165507
2.6127171162418983
2.6107945105239843
2.6090838667554483
2.6075503788917573
2.6061300713142175
2.6047652477928627
2.6033756124077776
2.6019070865032905
2.600287698148992
2.5984742049600635
2.59653562098055
2.5946513660155937
2.5929575192639236
2.5914913824765105
2.590265853501726
2.5892161154403692
2.5881675246833247
2.5869015746734596
2.5853715514020728
2.583659099753729
2.581816516723249
2.579853012943416
2.5778539196740344
2.575908680534373
2.574006988384309
2.5721263343621956
2.5702613405773085
2.568411838834624
2.566577664441319
2.5647586541464835
2.5629546463868618
2.561165482116594
2.5593910047552053
2.557631060136937
2.5558854964613746
2.554154164245345
2.552436916276022
2.550733607565229
2.5490440953048794
2.5473682388235415
2.545705899544069
2.544056940942295
2.5424212285067296
2.5407986296992524
2.539189013916757
2.5375922524537304
2.5360082184657267
2.5344367869337243
2.532877834629333
2.5313312400808208
2.5297968835399542
2.528274646949607
2.5267644139121384
2.5252660696584988
2.523779501018054
2.5223045963891106
2.5208412457101117
2.5193893404314927
2.517948773488177
2.5165194392726997
2.5151012336089247
2.5136940537263532
2.5122977982327783
2.5109123666469744
2.509537570591762
2.50815515386605
2.503060605292602