0.0
0.0
0.0
0.0
0.0
0.0
0.0
0.0
0.0
0.0
0.0
0.0
0.0
0.0
0.0
0.0
0.0
0.0
0.0
0.0
0.0
0.0
0.0
0.0
0.0
0.0
0.0
0.0
0.0
0.0
0.0
0.0
0.0
0.0
0.0
0.0
0.0
0.0
0.0
0.0
0.0
0.0
0.0
0.0
0.0
0.0
0.0
0.0
0.0
0.0
0.0
0.0
0.0
0.0
0.0
0.0
0.0
0.0
0.0
0.0
0.0
0.0
0.0
0.0
0.0
0.0
0.0
0.0
0.0
0.0
0.0
0.0
0.0
0.0
0.0
0.0
0.0
0.0
0.0
0.0
0.0
0.0
0.0
0.0
0.0
0.0
0.0
0.0
0.0
0.0
0.0
0.0
0.0
0.0
0.0
0.0
0.0
0.0
0.0
0.0
0.0
0.0
0.0
0.0
0.0
0.0
0.0
0.0
0.06426622339188935
0.06354101403409809
0.06989205959450759
0.3280059037183595
0.4217701942358725
0.5330176888434044
0.6437502910242463
0.7511089861711909
0.8524236061911589
0.9415871132429229
1.016730890265233
1.07984535747996
1.1307662688686986
1.1678872067175567
1.1911916536693432
1.1998987326418151
1.1951481681590552
1.181238415303808
1.1625009804776136
1.1423818230871028
1.124140614355578
1.10786211143503
1.0933397088942725
1.0805313756404427
1.0690550911786154
1.0584446958369602
1.0485377094162396
1.039408186016707
1.031302189494844
1.0243408243686187
1.0183156532640527
1.0130982888112119
1.00876637684091
1.0051597541770556
1.0020300866512668
0.9993121839310335
0.9968948740950834
0.9946217262701198
0.9924575826861333
0.9904235955979024
0.9885140224863149
0.9867235505811075
0.9850288637158895
0.9833837668628108
0.9817683432049737
0.980199030441834
0.9786857889611901
0.9772267813483644
0.9758202557159922
0.9744592214545371
0.9731262213437546
0.9718107980716741
0.9705456697714849
0.9693610790661354
0.968254554588561
0.9672238194654161
0.9662658887265592
0.9653474475481174
0.9644372914752288
0.9635353170493963
0.9626414227014852
0.9617555230113815
0.9608854452128113
0.9600548766874154
0.9592789420474724
0.9585564301407309
0.957886211174
0.9572596246496129
0.9566526991833422
0.9560494214751861
0.9553376478171424
0.9545537055446291
0.953946032039142
0.9531419957671384
0.9524788644994263
0.9517201558519038
0.9508651545178064
0.9500277129466097
0.9492199092665233
0.9484744948478424
0.9478116569668285
0.9472178932366441
0.9466683463353935
0.9461407223270727
0.9456038841819919
0.9450370061008796
0.9444122516833312
0.9437126906184925
0.9429647503102402
0.9422378076348292
0.9415845338799819
0.9410192472776067
0.9405470064311624
0.9401430636154188
0.9397402894853873
0.9392541954305909
0.9386665818802072
0.9380090374085377
0.9373018687563435
0.9365485043380394
0.9357817466164536
0.9350361518168868
0.9343077665944142
0.9335879060568224
0.9328744887965655
0.9321674425298111
0.9314666964726901
0.93077218054466
0.9300838254588163
0.9294015630379013
0.9287253261910877
0.9280550488913633
0.9273906661534895
0.9267321140125264
0.9260793295028993
0.9254322506379954
0.9247908163902715
0.9241549666718601
0.9235246423156562
0.922899785056874
0.9222803375150569
0.921666243176529
0.9210574463772737
0.9204538922862306
0.9198555268889931
0.9192622969719008
0.9186741501065115
0.9180910346344441
0.9175128996525799
0.9169396949986158
0.9163713712369557
0.9158078796449309
0.9152491721993451
0.9146952015633284
0.9141459210734963
0.9136012847274043
0.9130612471712886
0.9125257636880868
0.9119947901857312
0.9114682831857055
0.9109461998118588
0.9104284977790796
0.9099151348528877
0.9094053446542029
0.9078992816434911