0.0
0.0
0.0
0.0
0.0
0.0
0.0
0.0
0.0
0.0
0.0
0.0
0.0
0.0
0.0
0.0
0.0
0.0
0.0
0.0
0.0
0.0
0.0
0.0
0.0
0.0
0.0
0.0
0.0
0.0
0.0
0.0
0.0
0.0
0.0
0.0
0.0
0.0
0.0
0.0
0.0
0.0
0.0
0.0
0.0
0.0
0.0
0.0
0.0
0.0
0.0
0.0
0.0
0.0
0.0
0.0
0.0
0.0
0.0
0.0
0.0
0.0
0.0
0.0
0.0
0.0
0.0
0.0
0.0
0.0
0.0
0.0
0.0
0.0
0.0
0.0
0.0
0.0
0.0
0.0
0.0
0.0
0.0
0.0
0.0
0.0
0.0
0.0
0.0
0.0
0.0
0.0
0.06182974417330042
0.10524490916426453
0.1801463270058046
0.20650255777942034
0.18650235235136012
0.17141533924804914
0.17950365934649895
0.22502069369493938
0.2637616765383319
0.26152075747988224
0.3305300139944388
0.33202901768227944
0.3851647552551344
0.46922748629350286
0.5930210298054233
0.7489433913250608
0.8873800886991191
0.9889892223981935
1.0728878560186745
1.1393546251999276
1.1959042525413877
1.2602365989412287
1.3373133884098038
1.4144240296719657
1.49099814682982
1.5680625258730363
1.6448360789556744
1.720825829217349
1.794550759300419
1.8660424704951615
1.9351249464402949
2.0030957972607157
2.0717405746037874
2.1421415329253164
2.214066505883519
2.2849964771051043
2.3491336498590236
2.399857881240834
2.4324216722362713
2.445775669716002
2.4424837781430293
2.4282789119837824
2.4089859587256854
2.388767266168691
2.3701369407583197
2.35419993588032
2.340653264674529
2.3292243718657772
2.3197844438122712
2.311993623457212
2.30525668905507
2.2994147809857672
2.294205516446713
2.2892761164369246
2.2845516104872763
2.280082840107491
2.275860486402995
2.2718775947022594
2.2680987610980865
2.2644244769411985
2.2608112639166027
2.257296045201175
2.2539013460410042
2.250623521437198
2.2474589940078484
2.2443922615783594
2.2413844136797016
2.238412750587026
2.235551391707604
2.2328687463999266
2.2303598575745878
2.2280201337509227
2.225842853791974
2.2237527133377974
2.221679338285468
2.2196225292139324
2.217582091465925
2.2155579859321204
2.213568390467951
2.211667516584741
2.2098900429234583
2.2082335179458523
2.206695539894627
2.205256268924407
2.203860899121815
2.202471345899834
2.200831418146078
2.1990270385949406
2.1976226627958857
2.195768253615882
2.1942345740251827
2.192478488906517
2.1904991668182814
2.188558546593023
2.186685033432751
2.184954758165281
2.1834146568220687
2.1820336613331723
2.1807542829477478
2.17952467417841
2.178272436803381
2.176948819813447
2.175488753255361
2.173852799932125
2.1721028007889136
2.170400766457995
2.1688699447457536
2.167544316710488
2.1664359282336396
2.165486576496122
2.1645384655139606
2.163393480144572
2.1620088664395904
2.160458353026304
2.1587891922355067
2.157009403124794
2.1551962134943254
2.153430943519072
2.1517043201831947
2.1499959075423063
2.148300824550416
2.146618928760802
2.14495008073032
2.143294142145743
2.1416509760484073
2.140020447594565
2.1384024240123285
2.1367967745597123
2.135203370483727
2.1336220849804985
2.13205279315639
2.130495371990075
2.1289497002955597
2.1274156586861093
2.125893129539048
2.1243819969614313
2.1228821467565337
2.1213934663911513
2.119915844963687
2.1184491731729937
2.1169933432879615
2.115548249117817
2.1141137859831276
2.112689850687477
2.1112763414898037
2.1098731580773844
2.1084802015394275
2.1070973743412895
2.105724580299265
2.104361724555962
2.1030087135562243
2.1016654550236056
2.1003318579373658
2.0990078325099786
2.097693290165147
2.096388143516296
2.0950923063450126
2.0938056934350238
2.0925281802497664
2.0912483247705618
2.086760464461264