0.0
0.0
0.0
0.0
0.0
0.0
0.0
0.0
0.0
0.0
0.0
0.0
0.0
0.0
0.0
0.0
0.0
0.0
0.0
0.0
0.0
0.0
0.0
0.0
0.0
0.0
0.0
0.0
0.0
0.0
0.0
0.0
0.0
0.0
0.0
0.0
0.0
0.0
0.0
0.0
0.0
0.0
0.0
0.0
0.0
0.0
0.0
0.0
0.0
0.0
0.0
0.0
0.0
0.0
0.0
0.0
0.0
0.0
0.0
0.0
0.0
0.0
0.0
0.0
0.0
0.0
0.0
0.0
0.0
0.0
0.0
0.0
0.0
0.0
0.0
0.0
0.0
0.0
0.0
0.0
0.0
0.0
0.0
0.0
0.0
0.0
0.0
0.0
0.0
0.0
0.0
0.0
0.0
0.0
0.0
0.0
0.0
0.0
0.0
0.21445928712955234
0.26434254501616794
0.2590609369062715
0.3112733644764545
0.3133396430509487
0.36453556052212843
0.4464752225774665
0.5694842099106455
0.7272128840179444
0.8685860602229862
0.9721385701684778
1.056245369928641
1.1232616149273267
1.179211143168791
1.2422577884950903
1.318156010848905
1.395256254944188
1.4716093866074287
1.5497090554635806
1.62791120739312
1.7057780531896638
1.781955815641552
1.8563631618588727
1.9286881439885184
1.999935242845309
2.071859224128075
2.145860716630871
2.222221782150009
2.299109624069925
2.371833519420211
2.433582901708642
2.478503570641614
2.5037220991463482
2.51007021959633
2.5024189207050465
2.4867604246474904
2.468095918984834
2.4498814452860866
2.4338369821384624
2.420116932279904
2.4084652470849517
2.398967290175855
2.3911814910123645
2.384347986892539
2.3784381996662876
2.373174043495405
2.3681857613319433
2.363395405148278
2.3588565794441583
2.3545610169407127
2.350503863106362
2.34663614025583
2.342852115696192
2.339107757306477
2.3354460336059093
2.331894282207195
2.328461177373796
2.325147067399106
2.3219356588395907
2.318786195904364
2.315674981376618
2.3126795842626326
2.309871513469652
2.307245533269284
2.3047967931274713
2.302518163978107
2.3003308143419137
2.2981611443944585
2.296008941370499
2.2938739978582943
2.2917562833725507
2.289674837915859
2.2876863491775485
2.285827048798469
2.284094352403562
2.282485716861936
2.2809803501953287
2.279520930851028
2.278067471485484
2.2763522952108377
2.2744656093099826
2.272996719208603
2.271057828766188
2.269454024900391
2.2676177554371266
2.2655483526067735
2.263519538279283
2.261561029168412
2.2597523766112335
2.258142573059744
2.256699104604895
2.255361868538092
2.2540766519212903
2.2527677968484667
2.2513843457784914
2.2498583190937
2.2481485785337862
2.246319825673737
2.244541342949767
2.2429418545634108
2.24155683311359
2.2403988050366457
2.2394068867731813
2.2384161817186707
2.2372197901048576
2.235773125006431
2.2341532206800663
2.2324094380312482
2.2305502035084293
2.2286562006131745
2.2268123272480658
2.2250088860332924
2.2232245354845235
2.221454177484635
2.2196976611875274
2.217954838938645
2.2162255643175524
2.2145096923713274
2.2128070804067157
2.211117587943645
2.2094410766699375
2.207777410397174
2.206126455017678
2.20448807846258
2.2028621506609416
2.201248543499894
2.199647130785768
2.198057788206187
2.196480393293086
2.1949148253866406
2.193360965600071
2.1918186967853006
2.1902879034994363
2.1887684719720606
2.1872602900732963
2.185763247282636
2.1842772346585004
2.1828021448085217
2.1813378718605136
2.1798843114341224
2.1784413606131334
2.1770089179184176
2.1755868832814964
2.174175158018715
2.172773644805997
2.171382247654177
2.1700008718848864
2.168629424106979
2.16726781219348
2.1659159452582903
2.1645737334404984
2.16324103826731
2.1619048330416897
2.1571880878070377