0.0
0.0
0.0
0.0
0.0
0.0
0.0
0.0
0.0
0.0
0.0
0.0
0.0
0.0
0.0
0.0
0.0
0.0
0.0
0.0
0.0
0.0
0.0
0.0
0.0
0.0
0.0
0.0
0.0
0.0
0.0
0.0
0.0
0.0
0.0
0.0
0.0
0.0
0.0
0.0
0.0
0.0
0.0
0.0
0.0
0.0
0.0
0.0
0.0
0.0
0.0
0.0
0.0
0.0
0.0
0.0
0.0
0.0
0.0
0.0
0.0
0.0
0.0
0.0
0.0
0.0
0.0
0.0
0.0
0.0
0.0
0.0
0.0
0.0
0.0
0.0
0.0
0.0
0.0
0.0
0.0
0.0
0.0
0.0
0.0
0.0
0.0
0.0
0.0
0.0
0.0
0.0
0.0
0.0
0.0
0.0
0.0
0.0
0.0
0.19047378607434357
0.2591374729026908
0.2505666347360445
0.28898734959623223
0.2848816783476807
0.3220723089914263
0.3984691107797008
0.5191828150982222
0.6811600911844748
0.8292024525336199
0.9371368108453874
1.0230699397803626
1.091245131565755
1.14626025621941
1.2073306371710377
1.2812009283881067
1.35699219781234
1.431438152639831
1.508314174983744
1.5851012444418437
1.6614417660773269
1.7360564839063057
1.808670508033629
1.8787040498566925
1.9467910523919307
2.014509876344271
2.083140727315401
2.153536772199361
2.2246797553037547
2.2927874287648997
2.3516810196662497
2.3951537821281406
2.419731325180907
2.425252871681174
2.4162523601380257
2.398797479923434
2.3781870041047544
2.358305715072839
2.341023668992734
2.326436696673939
2.314250538690981
2.3043260495008497
2.296228734450335
2.2892998616317257
2.283339532985036
2.2780507232063893
2.273060266296624
2.2682848487884604
2.2637704869472115
2.2595050187121806
2.2554809706133447
2.2516489074753894
2.2479198254240025
2.2442533963151754
2.2406870202933193
2.2372434769047826
2.233919004356134
2.2307099141261233
2.227600431144508
2.224551069627703
2.2215388112331045
2.2186387537477086
2.215920161395143
2.2133779451099547
2.2110073928376663
2.2088016315199277
2.2066843355476005
2.2045842118756154
2.2025010530371567
2.2004346565850836
2.19838498017768
2.1963704283925516
2.1944458735965515
2.1926463955096933
2.19096948404117
2.189412680145128
2.1879558754303434
2.1865435848484993
2.1851372327749226
2.1834775992932216
2.1816517303494614
2.180230639366827
2.1783543805506302
2.17680268510855
2.1750260938559753
2.1730238382267077
2.1710608888748832
2.1691659690745784
2.16741605290962
2.165858567866753
2.1644620602698184
2.1631683741328973
2.16192506866231
2.1606589393833544
2.1593207003637196
2.1578445819340155
2.1561907483570777
2.1544217501146474
2.15270135916453
2.151154125070427
2.1498143588571876
2.1486941981120484
2.147734790348398
2.146776656733224
2.145619612980174
2.1442204916975443
2.1426538220743643
2.140967369906006
2.139169262181019
2.137337534633723
2.1355543313134513
2.1338102754460224
2.1320847197557495
2.1303727310119753
2.128674162381362
2.1269888701394377
2.1253167117763576
2.1236575462219514
2.122011234611556
2.1203776402405605
2.1187566285201145
2.1171480669339746
2.115551824996438
2.1139677742113427
2.112395788032098
2.1108357418227084
2.1092875128197743
2.107750980095427
2.1062260245211766
2.104712528732649
2.1032103770951758
2.1017194556702252
2.1002396521826365
2.0987708559886435
2.097312958044668
2.09586585087684
2.094429428551256
2.093003586644925
2.091588222217403
2.0901832337830846
2.0887885212841377
2.0874039860640665
2.08602953084188
2.0846650596868517
2.0833104779938534
2.081965692459253
2.080630611057348
2.079305143017337
2.0779891988007986
2.076682690079135
2.075385529564792
2.0740975904027805
2.0728074063759045
2.068319000132612