0.0
0.0
0.0
0.0
0.0
0.0
0.0
0.0
0.0
0.0
0.0
0.0
0.0
0.0
0.0
0.0
0.0
0.0
0.0
0.0
0.0
0.0
0.0
0.0
0.0
0.0
0.0
0.0
0.0
0.0
0.0
0.0
0.0
0.0
0.0
0.0
0.0
0.0
0.0
0.0
0.0
0.0
0.0
0.0
0.0
0.0
0.0
0.0
0.0
0.0
0.0
0.0
0.0
0.0
0.0
0.0
0.0
0.0
0.0
0.0
0.0
0.0
0.0
0.0
0.0
0.0
0.0
0.0
0.0
0.0
0.0
0.0
0.0
0.0
0.0
0.0
0.0
0.0
0.0
0.0
0.0
0.0
0.0
0.0
0.0
0.0
0.0
0.0
0.0
0.0
0.0
0.0
0.07927971100356213
0.12359018003614076
0.18666328942028862
0.22631331118067155
0.20939115913201217
0.19098447284278058
0.1983628023123034
0.25790100841281843
0.32566713674857894
0.3124203828328973
0.3323809102350087
0.34234934860859545
0.3895822952598082
0.4745682670359438
0.596948765618433
0.7488945218561632
0.8836310321341824
0.9821662818999463
1.0611523002684657
1.1264691773316176
1.1818362022668307
1.2446676578828424
1.3200797569699083
1.3987204895311531
1.4773438947342763
1.5606598850363265
1.6459180728364322
1.7334070626050364
1.822366157342876
1.9127669514065804
2.004211780304349
2.0975863045130083
2.194559076923838
2.2968611857637073
2.406249826611885
2.5231146057922094
2.644497450997216
2.7644616141402096
2.875318690283231
2.969711672647051
3.0431047801486373
3.095397220878475
3.1299890012033935
3.1509556479784075
3.163478629410758
3.1713711014103088
3.176736771113116
3.180652075862147
3.1844371476130235
3.1882781878942845
3.1919589711577463
3.1954991969859448
3.1989345132611637
3.2017859577195456
3.2040275621436725
3.205921626448865
3.2075241401242782
3.2088399161294565
3.2099092340832196
3.2106177281058437
3.210914362140224
3.210876478156911
3.2106100144188408
3.2101385619430705
3.209483114628161
3.2086431922140233
3.2075764463395453
3.2062885523133446
3.204876247659205
3.203474686366135
3.2021193443060003
3.2008584786162113
3.1996904346163633
3.1985316791491627
3.1972627428364073
3.1959003009269225
3.1944469694663518
3.192891753434054
3.1912801475726496
3.1896894639857063
3.1881992731004924
3.186817249811569
3.185550011028257
3.1843755308072415
3.183213966657189
3.1820026325604007
3.1803413731255383
3.1783405023695606
3.176901280662748
3.175371102405091
3.174331496680968
3.172920372155334
3.1710917873119344
3.1692672930979664
3.167201706752931
3.165296682174782
3.1636458096363094
3.1622165487289733
3.1609288375182905
3.1597063648514685
3.1584357921263284
3.157034050899961
3.1553909599319696
3.15343028135149
3.1512430442408657
3.1490868170252004
3.1471706224530083
3.1455608076656576
3.1442910536192894
3.14327880790624
3.1422767405947876
3.1409621479068126
3.13925527433039
3.1372657252953307
3.1350641786475055
3.132660245723815
3.1301754900353855
3.127742406825416
3.12534878119897
3.1229635665022752
3.120580211263886
3.1181996359692206
3.1158226794777275
3.1134500985909903
3.1110825707569516
3.108720697443082
3.106365005999145
3.1040159512803034
3.1016739170180285
3.099339216925893
3.0970120955268428
3.0946927286878947
3.092381223847492
3.090077619919956
3.087781886867397
3.0854939255830693
3.0832136309161435
3.0809498841924503
3.0787034331009995
3.076474097366801
3.074261699480068
3.0720660646397158
3.0698870206983
3.06772439810837
3.065578029870176
3.0634477514807013
3.0613334008839694
3.0592348184225977
3.057151846790549
3.055084330987051
3.053032118271653
3.050995058120377
3.048973002182934
3.046965804240979
3.0449733201673674
3.0429954078862016
3.041031927310758
3.039082737432057
3.03714733743381
3.0351795942511344
3.027327073283446