0.0
0.0
0.0
0.0
0.0
0.0
0.0
0.0
0.0
0.0
0.0
0.0
0.0
0.0
0.0
0.0
0.0
0.0
0.0
0.0
0.0
0.0
0.0
0.0
0.0
0.0
0.0
0.0
0.0
0.0
0.0
0.0
0.0
0.0
0.0
0.0
0.0
0.0
0.0
0.0
0.0
0.0
0.0
0.0
0.0
0.0
0.0
0.0
0.0
0.0
0.0
0.0
0.0
0.0
0.0
0.0
0.0
0.0
0.0
0.0
0.0
0.0
0.0
0.0
0.0
0.0
0.0
0.0
0.0
0.0
0.0
0.0
0.0
0.0
0.0
0.0
0.0
0.0
0.0
0.0
0.0
0.0
0.0
0.0
0.0
0.0
0.0
0.0
0.0
0.0
0.0
0.0
0.0
0.0
0.0
0.0
0.0
0.0
0.0
0.21416974901283894
0.2699822312222453
0.2450801847059624
0.2446524737647302
0.2580839461405414
0.2989731241072511
0.35228499240398103
0.41960789070947807
0.5174091501273219
0.6916248029901158
0.9628345506843258
0.9934627596328617
1.0594651566278823
1.1138224238029995
1.1748772586535978
1.2486127156287374
1.3264129031976115
1.403490028608116
1.4857293513850223
1.5697702594371628
1.6561836120538715
1.7442501834236437
1.8337605371092858
1.9241568033706522
2.0160647378720444
2.110766781910467
2.2099387528841046
2.315387666520129
2.428222192864722
2.546646317244927
2.666064006875915
2.779236973895568
2.878425819371449
2.957746398203524
3.0155549839098024
3.054172948587839
3.0774108966480846
3.090657327897158
3.098385478177838
3.1030539034009954
3.106204534224272
3.1091990882095804
3.112334545477277
3.1153111882428184
3.118311166123886
3.1211601255335126
3.1234521329182905
3.125278862663024
3.126730362072474
3.1279084655336815
3.1288155665551667
3.129489626045247
3.1298147506476632
3.1297402414772346
3.129385128061155
3.1288149554792657
3.1280530822172574
3.127120207688811
3.126015586247201
3.124696419295387
3.1231379838530944
3.1214661721335037
3.1198458252267547
3.118311181555171
3.116866025498487
3.115521372869142
3.1141930359871837
3.112762251504077
3.1112456031511777
3.109645751558391
3.107951856496938
3.106209062929706
3.104493958238042
3.1028847201015624
3.1013879417242465
3.099995624599801
3.0986983123829615
3.097429960386905
3.0961292220166343
3.094399665191608
3.0923542790789726
3.0908739719934823
3.0892623552116425
3.0881479544197545
3.08667105922853
3.0844920538325598
3.082297660292458
3.0801385015231046
3.078145632038016
3.07641010928005
3.074897820147259
3.073528022555408
3.072224241895122
3.07087370921954
3.0693945682928607
3.0676781574123226
3.0656505039168263
3.0634030933608485
3.0611918917044028
3.0592228614901336
3.057560432882306
3.0562362131154455
3.0551669360421894
3.054106536582986
3.0527357694259507
3.050977126241685
3.048940405054017
3.0466963255744473
3.044254938932541
3.0417371122687427
3.0392737794722557
3.0368524486686264
3.0344421219560265
3.0320361088453627
3.029635118473435
3.027239776796264
3.02485062561784
3.0224681246389307
3.020092654069236
3.0177245156462855
3.015363933314149
3.013011053543597
3.0106659452744142
3.008328599465542
3.0059989288153637
3.00367682233088
3.0013697451126227
2.999080606391899
2.9968092134785436
2.994555376728444
2.992318909479398
2.9900996279886702
2.9878973513721934
2.9857119015453475
2.983543103165295
2.9813907835747933
2.9792547727474585
2.977134903234427
2.9750310101123736
2.9729429309328452
2.970870505672865
2.968813576686781
2.9667719886593034
2.964745588559709
2.9627342255971776
2.9607377511772133
2.958756018859135
2.956788884314593
2.9548362052869366
2.9528978415322906
2.9509736522939747
2.949063174337982
2.9471235191056437
2.9395146573309896