0.0
0.0
0.0
0.0
0.0
0.0
0.0
0.0
0.0
0.0
0.0
0.0
0.0
0.0
0.0
0.0
0.0
0.0
0.0
0.0
0.0
0.0
0.0
0.0
0.0
0.0
0.0
0.0
0.0
0.0
0.0
0.0
0.0
0.0
0.0
0.0
0.0
0.0
0.0
0.0
0.0
0.0
0.0
0.0
0.0
0.0
0.0
0.0
0.0
0.0
0.0
0.0
0.0
0.0
0.0
0.0
0.0
0.0
0.0
0.0
0.0
0.0
0.0
0.0
0.0
0.0
0.0
0.0
0.0
0.0
0.0
0.0
0.0
0.0
0.0
0.0
0.0
0.0
0.0
0.0
0.0
0.0
0.0
0.0
0.0
0.0
0.0
0.0
0.0
0.0
0.0
0.0
0.0
0.0
0.0
0.0
0.0
0.0
0.0
0.13757474364103944
0.1967549555091575
0.17403876314802524
0.17369104990074363
0.1823824619325579
0.21532997026764786
0.2577853511198023
0.32020841367987646
0.3997596815918843
0.48344476796946495
0.622856496964882
0.9612257776185043
0.9652245923535243
1.018884289779963
1.0778981628933362
1.1497895732763497
1.2268844375533565
1.3019700862765438
1.3823527919093117
1.4640812634604419
1.5479351228694913
1.633153725181077
1.7192432545901097
1.8054771171588433
1.892088802273511
1.9798659951762922
2.070158782290445
2.1647577370373257
2.265030429978188
2.370134831967972
2.4766765584426835
2.5785970229153428
2.6682270600041496
2.739012851052014
2.788353680077562
2.81750869778144
2.830690100246893
2.8334455263474414
2.8310122626308742
2.8264611694535704
2.8213701274820564
2.8170636954840735
2.8137797087588385
2.8110124634739257
2.8087485912405
2.806763309013227
2.8046770954544447
2.8024194655394252
2.80008809102548
2.7977308872044135
2.7953624367214203
2.792982454813438
2.7904911166935467
2.7878294319773183
2.785079260689903
2.782291692834447
2.779466343946344
2.7766283634995284
2.7737707037776977
2.7708506355810503
2.767872095409238
2.7649485509390335
2.762191467913952
2.7596063189051327
2.757054085114287
2.754672904747877
2.7523657725652133
2.750037194466617
2.747689288845754
2.745324038888573
2.742943679828433
2.740576134197009
2.7383003633502163
2.736169364350869
2.7341839712075937
2.7323445220457376
2.7306263604798597
2.7289551381114037
2.727276355297197
2.725233971567277
2.722943907417185
2.7211895422966887
2.7189153763339973
2.7170844889566483
2.714920492901763
2.7124107190017064
2.709930579763582
2.707522989190327
2.7053003424643776
2.7033348202859524
2.7015867140328726
2.6999771801479677
2.6984338610720564
2.6968539070987423
2.695166169412464
2.6932757531675318
2.6911230443809164
2.6887942501522653
2.6865198168272424
2.684477744862105
2.6827193491581034
2.681265000010265
2.68003399567965
2.678802318663252
2.6772863803347517
2.6754233765214215
2.6733382064771085
2.671094351976904
2.6687031283145624
2.6662683841448724
2.6638988049113888
2.661581817360903
2.6592900371789066
2.657016914592618
2.6547622352726554
2.6525257895521053
2.6503073699058444
2.648106771236559
2.6459237918712106
2.6437582334850958
2.641609901028015
2.6394786026524892
2.6373641496439317
2.635266356352747
2.6331850401282573
2.6311200212544192
2.629071122887266
2.6270381709940147
2.625020994293797
2.6230194241999465
2.6210332947638015
2.61906244261998
2.6171067069330656
2.6151659293456815
2.6132399539278826
2.611328627127853
2.609431797723848
2.6075493167773507
2.6056810375874084
2.603826815646109
2.601986508595161
2.6001599761835523
2.5983470802262496
2.596547684563906
2.594761655023551
2.5929888593802355
2.591229167319598
2.5894824504013307
2.5877485820234796
2.5860274373816594
2.5843188924593514
2.5826226627949467
2.580911393043649
2.5745977207903055