0.0
0.0
0.0
0.0
0.0
0.0
0.0
0.0
0.0
0.0
0.0
0.0
0.0
0.0
0.0
0.0
0.0
0.0
0.0
0.0
0.0
0.0
0.0
0.0
0.0
0.0
0.0
0.0
0.0
0.0
0.0
0.0
0.0
0.0
0.0
0.0
0.0
0.0
0.0
0.0
0.0
0.0
0.0
0.0
0.0
0.0
0.0
0.0
0.0
0.0
0.0
0.0
0.0
0.0
0.0
0.0
0.0
0.0
0.0
0.0
0.0
0.0
0.0
0.0
0.0
0.0
0.0
0.0
0.0
0.0
0.0
0.0
0.0
0.0
0.0
0.0
0.0
0.0
0.0
0.0
0.0
0.0
0.0
0.0
0.0
0.0
0.0
0.0
0.0
0.0
0.0
0.0
0.0
0.0
0.0
0.0
0.0
0.0
0.0
0.10847516764058585
0.19148649385414454
0.1654257022346831
0.16503739178406748
0.1745196851713669
0.17881075612169411
0.21057717021299333
0.27443668174321906
0.36637560949393155
0.46236648509321204
0.6259254984763177
0.9033475366798636
0.9181957693763864
0.9711825555173416
1.0291204615552323
1.1000503626769491
1.1773306418111034
1.2517203406057438
1.3317848909375565
1.413284048969127
1.4973731128261363
1.5833416638172888
1.6706931506201703
1.7586980661064227
1.8474477539764322
1.937539990983721
2.030022019106724
2.126662955846189
2.229153086875239
2.3375427992792193
2.449820054819311
2.5609464593274853
2.663552491667514
2.750194429840598
2.8163290981803417
2.8614546651612605
2.8880936801636463
2.9015428230167783
2.9070528000944296
2.908369488286119
2.9078302828076086
2.907327137220172
2.9073075025496533
2.9074119102739955
2.9078026204977436
2.9083328512648507
2.9085661566886074
2.9084305867120177
2.908030457977576
2.9074107656051114
2.9066851603515937
2.9058337328893913
2.9047126816136766
2.903306621985557
2.9016908355528335
2.8998943589851724
2.897981015367294
2.8959843553057856
2.8939022406415917
2.8916927417353726
2.8893330294159782
2.8869312789785377
2.8846261181680446
2.8824449413908093
2.8803860122437612
2.8784548358667155
2.8765655300679502
2.8746032433520896
2.8725973692178632
2.870551194213873
2.8684683289187904
2.8663799869824764
2.864372755997222
2.8625051483528017
2.8606364552515537
2.8589074215194294
2.857294089145706
2.8557185380843944
2.8541220798157094
2.8521240245560353
2.84984172572798
2.848115284198633
2.845963170496329
2.8442738659469513
2.8422192341318757
2.8397740589983176
2.83734040528852
2.8349656008326956
2.8327724070014346
2.83084239304734
2.8291372381191304
2.8275755693450466
2.826081769319109
2.8245467488803406
2.822893611397929
2.821020000786627
2.818859613928604
2.816503173681378
2.814196890015233
2.8121339720233296
2.810372124850093
2.8089365534603368
2.8077436667081694
2.8065557164118533
2.805069033125949
2.8032134132207807
2.8010966149918337
2.798787681814374
2.7962971952465385
2.79374124105045
2.7912435795296955
2.78879086848347
2.78635245128251
2.783921051105737
2.7815088280593407
2.779116341047186
2.776743361026516
2.7743896617562243
2.7720550208549612
2.769739219713484
2.7674420434094884
2.7651632806248707
2.762902723565316
2.7606601678821296
2.758435412596254
2.756228260024384
2.7540385157071117
2.751865988339043
2.749710489700801
2.7475718345928812
2.745449840771276
2.743344328884818
2.7412551224141937
2.739182047612561
2.737124933447732
2.7350836115458637
2.7330579161366098
2.7310476839996927
2.729052754412846
2.7270729691010858
2.7251081721872774
2.7231582101439415
2.721222931746281
2.7193021880263784
2.7173958322285348
2.7155037197657097
2.7136257081770427
2.7117616570864005
2.709911428161876
2.708074885065955
2.706251891907688
2.7044420913753227
2.7026119570475213
2.695756319723348