0.0
0.0
0.0
0.0
0.0
0.0
0.0
0.0
0.0
0.0
0.0
0.0
0.0
0.0
0.0
0.0
0.0
0.0
0.0
0.0
0.0
0.0
0.0
0.0
0.0
0.0
0.0
0.0
0.0
0.0
0.0
0.0
0.0
0.0
0.0
0.0
0.0
0.0
0.0
0.0
0.0
0.0
0.0
0.0
0.0
0.0
0.0
0.0
0.0
0.0
0.0
0.0
0.0
0.0
0.0
0.0
0.0
0.0
0.0
0.0
0.0
0.0
0.0
0.0
0.0
0.0
0.0
0.0
0.0
0.0
0.0
0.0
0.0
0.0
0.0
0.0
0.0
0.0
0.0
0.0
0.0
0.0
0.0
0.0
0.0
0.0
0.0
0.0
0.0
0.0
0.0
0.0
0.0
0.0
0.0
0.0
0.0
0.0
0.0
0.16793604457735786
0.24090417677707326
0.21444570233676702
0.21397139672473484
0.22409722855804837
0.2387913839905228
0.28279672968132974
0.35852486884748486
0.46021407601593534
0.5707172380651577
0.743137624713465
0.9736755907540895
0.9870246743747385
1.0398416581602457
1.098561232183423
1.170215455180505
1.248538783986031
1.3234897813317894
1.404341157641258
1.4868440730463173
1.5725231205339985
1.660723293672386
1.7510025030062106
1.8428802675827272
1.9364352182719415
2.032103510613835
2.130714934671105
2.233928314953998
2.343406867478007
2.4597977886341926
2.582255063474771
2.707332393778983
2.828708862494337
2.939066763532838
3.0327471092547342
3.107052779886233
3.162558003986363
3.202642381776607
3.2318000062721537
3.2534573121280506
3.270760611677364
3.286081597474345
3.300395843790135
3.3138163748723657
3.3267876567403376
3.3393506572162974
3.3509809102044303
3.361740202657472
3.37178943045778
3.381191895256186
3.3900231107574377
3.398286390440441
3.4058694905160087
3.4127161492157647
3.418904936157452
3.424510718209685
3.4296602765351576
3.4342962051750545
3.4384313639530477
3.4421011897932376
3.4451811309065503
3.44781122418787
3.4502540755480817
3.452501951299167
3.454684054851936
3.4568361112504347
3.458808593140422
3.460527134728695
3.461991750103232
3.4632011522793387
3.464101848416473
3.4647804127372
3.465348056516197
3.465896371723909
3.4664478681269557
3.467023360972555
3.46760907890109
3.4681382948763746
3.4685324926578938
3.4683096711855494
3.4675424744341528
3.4672942107071103
3.4682127496846156
3.4696412930402696
3.4705591583172963
3.4707998823812862
3.470859951369727
3.47073816867159
3.470662528520754
3.4707773643973754
3.471077157152708
3.4715215546137816
3.472035320515461
3.472489814416429
3.4727746410691935
3.472744185844142
3.472271686458644
3.4714389698448125
3.4705129171959355
3.4697965724029554
3.4693969579115413
3.4693922321460704
3.4697144086651543
3.470086065568226
3.4701338097284236
3.469701606331995
3.468867121157513
3.46772531488636
3.4662735016588844
3.464618461660982
3.4629505523475532
3.461288687607866
3.4596005271744845
3.4578826134149785
3.456140739803404
3.4543807742034582
3.4526051235216375
3.450521678430014
3.4484031009129392
3.446252155768087
3.4440714895740077
3.441863633182498
3.4396310043139495
3.437375910240792
3.4351005505447025
3.432807019933891
3.4304973111073735
3.428173317653794
3.4258368369729535
3.4234895732088346
3.4211331401835507
3.418769064322211
3.4163987875593236
3.414023670217923
3.4116449938531446
3.409263964052541
3.406881713185937
3.4044993030980844
3.402117727737895
3.3997379157183967
3.397360732802041
3.394986984306299
3.392617417424871
3.390252723460144
3.3878935399627905
3.385540452774674
3.3831939979714414
3.3808546637013226
3.3785228919155177
3.376199079869934
3.3738835710514765
3.371575711378653
3.369188509748652
3.3588771890032154