0.0
0.0
0.0
0.0
0.0
0.0
0.0
0.0
0.0
0.0
0.0
0.0
0.0
0.0
0.0
0.0
0.0
0.0
0.0
0.0
0.0
0.0
0.0
0.0
0.0
0.0
0.0
0.0
0.0
0.0
0.0
0.0
0.0
0.0
0.0
0.0
0.0
0.0
0.0
0.0
0.0
0.0
0.0
0.0
0.0
0.0
0.0
0.0
0.0
0.0
0.0
0.0
0.0
0.0
0.0
0.0
0.0
0.0
0.0
0.0
0.0
0.0
0.0
0.0
0.0
0.0
0.0
0.0
0.0
0.0
0.0
0.0
0.0
0.0
0.0
0.0
0.0
0.0
0.0
0.0
0.0
0.0
0.0
0.0
0.0
0.0
0.0
0.0
0.0
0.0
0.0
0.0
0.0
0.0
0.0
0.0
0.0
0.0
0.07995740329691779
0.10145319984422096
0.18496625735570538
0.15963827451705775
0.15930658143655496
0.16853106540062615
0.172670304502932
0.20328980917533024
0.26588283122485135
0.3564154039068783
0.44845429457139724
0.6147590959755701
0.9136112955904891
0.9267878005426667
0.9803029955227307
1.0380683930369852
1.1093405521573936
1.1892613831106453
1.2633438070131684
1.343102461599722
1.4235412351697774
1.5064841234336128
1.5911190148616599
1.6767567774529473
1.7627731788114154
1.848940452923898
1.9351201843532133
2.0218256132192143
2.1102814055971097
2.201893038374977
2.2973950545796087
2.39657390826748
2.496702603915381
2.592495915536913
2.6773894365456874
2.745467022169751
2.7939125817566497
2.8230599297020036
2.8368312552891486
2.8405296522680326
2.838536328621211
2.834146396512238
2.829821130792129
2.826264836830296
2.8233551359220495
2.8212414827886074
2.8195315989972904
2.8177212966606353
2.815814402938683
2.8138552679869058
2.811824180822887
2.809771967939775
2.8076340544789793
2.805321997058791
2.8028091106297386
2.80018012228396
2.7974717738455954
2.794713568648071
2.791922597253706
2.7890952362913373
2.786174726475796
2.7831508148642885
2.7801441784413954
2.777287440482641
2.7746021427108274
2.7720965702931495
2.7697735657282037
2.767528391278762
2.765113390289396
2.7626690040919906
2.760197657286087
2.7577020671027577
2.755212816831152
2.7528159583482275
2.7505698010249593
2.7484761459760354
2.746536156886796
2.74472378479141
2.7429588925662847
2.741182158113531
2.7390075692211058
2.7365595867171857
2.7346879627333056
2.7322792632683104
2.730348211677541
2.7280524703354563
2.725375701964387
2.7227257018071485
2.720149586492744
2.7177702926103384
2.715667455236279
2.7137989695709983
2.7120798305386176
2.7104317343353976
2.7087429423983345
2.7069357699427554
2.7049065876966063
2.7025898325235462
2.7000790299829496
2.697625259174435
2.695423256000111
2.693529801908106
2.691968009269277
2.690650506664949
2.6893332480976424
2.687706663175664
2.6857002876391842
2.6834248461229757
2.680974377950482
2.6783622505470492
2.6757017904905718
2.673111673156214
2.6705781937741966
2.6680714502563925
2.665584291706926
2.6631164893518924
2.6606678194914366
2.658238060741298
2.65582699434324
2.653434405254032
2.651060082061594
2.6487038169035246
2.646365405387911
2.644044646516363
2.6417413426091856
2.6394552992326203
2.6371863251280807
2.6349342321433333
2.6326988351655354
2.6304799520560915
2.6282774035872523
2.626091013380411
2.623920607846036
2.6217660161251897
2.619627070032581
2.6175036040011097
2.6153954550278433
2.6133024626213968
2.6112244687506574
2.609161317794823
2.6071128564947075
2.6050789339052787
2.6030594013493884
2.601054112372657
2.599062922699485
2.5970856901901493
2.595122274798957
2.5931725385334206
2.5912363454144356
2.5893135614373577
2.5874040545257713
2.5855076932078696
2.5836241453336797
2.581721066753759
2.5746558140736657