0.0
0.0
0.0
0.0
0.0
0.0
0.0
0.0
0.0
0.0
0.0
0.0
0.0
0.0
0.0
0.0
0.0
0.0
0.0
0.0
0.0
0.0
0.0
0.0
0.0
0.0
0.0
0.0
0.0
0.0
0.0
0.0
0.0
0.0
0.0
0.0
0.0
0.0
0.0
0.0
0.0
0.0
0.0
0.0
0.0
0.0
0.0
0.0
0.0
0.0
0.0
0.0
0.0
0.0
0.0
0.0
0.0
0.0
0.0
0.0
0.0
0.0
0.0
0.0
0.0
0.0
0.0
0.0
0.0
0.0
0.0
0.0
0.0
0.0
0.0
0.0
0.0
0.0
0.0
0.0
0.0
0.0
0.0
0.0
0.0
0.0
0.0
0.0
0.0
0.0
0.0
0.0
0.0
0.0
0.0
0.14304322751138504
0.12397843967955592
0.10679719860327994
0.11222808951046288
0.14226684078986454
0.21810655005897508
0.19256743937247084
0.19219523105304048
0.2018254259584643
0.21230010173739142
0.2515771922059016
0.32326634333938475
0.42201537481595447
0.5273701715151533
0.7038691897000279
0.9636475452067084
0.9756153414973384
1.0288311275365587
1.0868060250416949
1.1585437778580112
1.239748904580435
1.3141803207581606
1.394417789470265
1.4755655255442586
1.5596727476437946
1.6459465845527745
1.7338515802243042
1.8229499904728854
1.913041980555577
2.004029978261619
2.096311977508602
2.1908792527468792
2.2890526136375002
2.391923138965338
2.4999053064074324
2.611405050831471
2.722234762813041
2.8263464784119807
2.9174838723570273
2.991170087187203
3.0457739150759537
3.083415041841033
3.1080726781015677
3.123737155014707
3.133966302612718
3.141929858866729
3.1491400967435617
3.1558549191692298
3.162539034196279
3.1690867749321003
3.175072874275328
3.180422448118734
3.1853086362825014
3.189663602630052
3.1936194179871475
3.1971629493686966
3.2001773020096826
3.2026431230344525
3.204668230174553
3.2063157594592773
3.2076133839413865
3.20859109739559
3.2092553964027877
3.2095650093533896
3.209493498474928
3.2091978522276623
3.208883087587117
3.208547984642731
3.208220795524054
3.207953089389816
3.207644528623661
3.207148797982772
3.2064974041173406
3.2056621539117995
3.2046750026953292
3.203570641098726
3.2024362702134392
3.201378423600743
3.2004105264345246
3.199544378298546
3.198745674774361
3.1979431207536604
3.197066971773838
3.195676064693295
3.1938766333239212
3.192654222978742
3.1916257003902793
3.1910691476993387
3.1900610740185096
3.1885194593650117
3.1868791709226807
3.1852224876929003
3.183670824178815
3.182360848696252
3.1812928126693856
3.1803869213706495
3.1795650512711884
3.1787062573241776
3.1777188782895784
3.1764810327394546
3.1749035397008427
3.173080484398893
3.170997730178276
3.1691604732770804
3.1676483945538316
3.1665071744038817
3.165652544422328
3.1648156363028956
3.163637184246861
3.1620220470469422
3.1600860011047534
3.157904042836893
3.1554843666604055
3.152959439357155
3.150477110165647
3.148025484554328
3.1455711814661074
3.143107687438724
3.140636726662962
3.1381599133452136
3.135678752123078
3.133194642061767
3.1307088815369886
3.128222671566751
3.125737118996128
3.123253239520726
3.120771960534981
3.1182941237917365
3.1158204878596885
3.1133517303654354
3.110888450006839
3.108431168324284
3.1059803312162
3.1035363101848885
3.101099403298198
3.098669835852025
3.0962477607179126
3.093833258359182
3.091426336502112
3.089026929817783
3.086634934181067
3.084254811263815
3.0818923212466105
3.0795472792617633
3.077219503294696
3.074908814125287
3.072615035270723
3.0703379929298245
3.068077515928787
3.065833435668309
3.0636055860720464
3.06139380353637
3.0591979268810277
3.057017797263245
3.0548532538583593
3.0527036499337865
3.0505124732871036
3.04176873424979