0.0
0.0
0.0
0.0
0.0
0.0
0.0
0.0
0.0
0.0
0.0
0.0
0.0
0.0
0.0
0.0
0.0
0.0
0.0
0.0
0.0
0.0
0.0
0.0
0.0
0.0
0.0
0.0
0.0
0.0
0.0
0.0
0.0
0.0
0.0
0.0
0.0
0.0
0.0
0.0
0.0
0.0
0.0
0.0
0.0
0.0
0.0
0.0
0.0
0.0
0.0
0.0
0.0
0.0
0.0
0.0
0.0
0.0
0.0
0.0
0.0
0.0
0.0
0.0
0.0
0.0
0.0
0.0
0.0
0.0
0.0
0.0
0.0
0.0
0.0
0.0
0.0
0.0
0.0
0.0
0.0
0.0
0.0
0.0
0.0
0.0
0.0
0.0
0.0
0.0
0.0
0.0
0.0
0.0
0.0
0.0
0.0
0.0
0.0
0.0
0.0
0.0
0.0
0.0
0.0
0.0
0.0
0.0
0.0
0.0
0.0
0.0
0.36991372907356873
0.4609654189647297
0.5731963706037047
0.6825629602582243
0.785332278774779
0.8733881228504903
0.9443632996584392
1.0010591336259742
1.044274764312561
1.073481196845784
1.0891500595768142
1.091294291511297
1.0814038087917845
1.0644623817638046
1.044734902056587
1.0260588453373418
1.0093972182607913
0.9946150764598557
0.9814762963203982
0.9699196045906103
0.9595894400050156
0.9500598615910939
0.9411809442798676
0.93301557120851
0.9257798116057403
0.9195771205871223
0.914217377846409
0.9095829690788405
0.9057401038856356
0.9025443015279243
0.8997738397230669
0.8973700086416505
0.8952337685212285
0.8932264064962394
0.8913166386630683
0.8895229499207773
0.8878400744049695
0.8862631519341654
0.8847714999090428
0.8833243482053738
0.8819041153978595
0.8805252117806249
0.8791963298654688
0.8779157866633822
0.876681980418545
0.8754887234520434
0.874320666272574
0.8731686085810529
0.8720611685950143
0.8710247502927488
0.8700570963095383
0.8691561278314842
0.8683191645244778
0.8675170405591076
0.8667224721136444
0.865935363917573
0.8651556224467117
0.8643831660425539
0.8636248061239656
0.8629011655103291
0.8622253814848909
0.8615963497385318
0.8610130429594058
0.8604678888581776
0.8599400051591558
0.8594154819011636
0.8587968144415167
0.8581156093245166
0.8575878476422953
0.8568896969220487
0.8563141703841283
0.8556559365738223
0.8549144505114061
0.8541885231246837
0.8534885955218163
0.852842999076829
0.8522691504708015
0.8517552907817144
0.8512798584971091
0.8508235422086255
0.8503594064596076
0.8498694646442155
0.8493296956307747
0.8487255292032533
0.8480798500831855
0.8474525726039226
0.8468891032082201
0.8464017105056821
0.8459946797290295
0.8456466265142133
0.8452996888007208
0.8448811036738725
0.8443752667382357
0.8438094606410198
0.8432012332336968
0.8425535908460656
0.8418947766174156
0.8412544888838309
0.8406293120609627
0.8400117777159078
0.8394000942852328
0.8387941955512771
0.8381940166581296
0.8375994934271095
0.8370105624331928
0.8364271612742279
0.8358492285493637
0.8352767038380353
0.8347095276794939
0.8341476415528611
0.8335909878576914
0.8330395098950298
0.8324931518489483
0.8319518587685459
0.8314155765504007
0.8308842519214578
0.8303578324223432
0.829836266391088
0.829319502947254
0.8288074919764459
0.8283001841152011
0.8277975307362466
0.827299483934109
0.8268059965110719
0.826317021963468
0.8258325144682971
0.8253524288701609
0.8248767206685063
0.8244053460051667
0.8239382616521959
0.8234754249999828
0.8230167940456439
0.8225623273816807
0.8221119841848978
0.8216657242055775
0.8212235077568938
0.8207852957045737
0.8203510494566167
0.8199207306695109
0.8194938210882359
0.8182508619145007