0.0
0.0
0.0
0.0
0.0
0.0
0.0
0.0
0.0
0.0
0.0
0.0
0.0
0.0
0.0
0.0
0.0
0.0
0.0
0.0
0.0
0.0
0.0
0.0
0.0
0.0
0.0
0.0
0.0
0.0
0.0
0.0
0.0
0.0
0.0
0.0
0.0
0.0
0.0
0.0
0.0
0.0
0.0
0.0
0.0
0.0
0.0
0.0
0.0
0.0
0.0
0.0
0.0
0.0
0.0
0.0
0.0
0.0
0.0
0.0
0.0
0.0
0.0
0.0
0.0
0.0
0.0
0.0
0.0
0.0
0.0
0.0
0.0
0.0
0.0
0.0
0.0
0.0
0.0
0.0
0.0
0.0
0.0
0.0
0.0
0.0
0.0
0.0
0.0
0.0
0.0
0.0
0.0
0.0
0.0
0.14087784286576654
0.11743465620986372
0.10007902358112929
0.10525476793637324
0.12763220076803217
0.20449674132137977
0.17946410248491934
0.17916157475529515
0.18848864905005272
0.19552480204921882
0.23122425434651409
0.2995866834545969
0.3955099829312211
0.49585136467927315
0.6719595566372959
0.9529181856093449
0.9638367172387213
1.0166220996849162
1.0733220487095183
1.1469214598037647
1.2299402139018492
1.3039698616256237
1.3837651538214253
1.4640260374277088
1.547019575795014
1.6318912336529567
1.7181073478902447
1.8053066871784615
1.8931649761874834
1.981401892673001
2.070099204709861
2.160051136552904
2.252378672686315
2.348119221826817
2.4480892902242157
2.551283365828542
2.6545682298003936
2.752487895668274
2.8390850586164587
2.90925405215229
2.9606325363880166
2.9946087338113223
3.0151096922409426
3.0261410761582708
3.0316595154689128
3.0350482145775883
3.0379242026963267
3.0406178343119574
3.043613531002828
3.0466489525264904
3.049353007188081
3.0516315303873958
3.0536381241232817
3.055326386537641
3.0567797813606674
3.057923066996966
3.0586945213666867
3.05904912103619
3.0590579034964955
3.0587980167057625
3.058315110820446
3.057637339789779
3.0567709191120875
3.055677983558165
3.054335209583694
3.052868473106747
3.0514124514928036
3.050001768115223
3.0486711431128333
3.047448036834015
3.046220002823728
3.0448941751600405
3.043459651653966
3.0419329937001125
3.040303575045448
3.0386175713586896
3.036953849056787
3.0353929855625834
3.033942832127615
3.032609932477865
3.0313581569257533
3.0301196811784346
3.0288312399916077
3.027101548034213
3.025043657740536
3.0235563948956035
3.0219468166707957
3.0208385457995273
3.019358877807056
3.017459916801626
3.015272210925841
3.013115335574117
3.011123497812593
3.009390672222896
3.0078832295885323
3.0065197151022462
3.005222716772042
3.0038776048880975
3.002400770109454
3.000681258108288
2.9986429529277543
2.996378488657944
2.994148285315181
2.992162632483414
2.990487724460541
2.98915652865395
2.9880849642769145
2.987023061354148
2.9856457769971603
2.983873706156951
2.9818181838608875
2.9795509750756044
2.977082192363785
2.974534685318154
2.9720417368147136
2.9695907836123405
2.9671504024368778
2.964713863398973
2.9622819500955053
2.959855353769511
2.957434672509251
2.955020413479197
2.9526129956839977
2.950212751069885
2.9478199252331456
2.945434677713276
2.9430570818472224
2.9406871241678134
2.938324704082692
2.935969704647991
2.9336316515232226
2.931312045554355
2.929010683710655
2.9267273662496778
2.924461896646339
2.9222140815238995
2.919983730586828
2.917770656555441
2.9155746751022904
2.9133956047902383
2.9112332670121623
2.909087485932226
2.9069580884286945
2.904844904038219
2.9027477649015627
2.9006665057107077
2.8986009636573162
2.89655097838249
2.8945163919278047
2.892497048687558
2.890492795362218
2.888503480913019
2.8865289565175285
2.8845690755072706
2.8826236908702163
2.880692337532317
2.8787326958904904
2.8711800973460972