0.0
0.0
0.0
0.0
0.0
0.0
0.0
0.0
0.0
0.0
0.0
0.0
0.0
0.0
0.0
0.0
0.0
0.0
0.0
0.0
0.0
0.0
0.0
0.0
0.0
0.0
0.0
0.0
0.0
0.0
0.0
0.0
0.0
0.0
0.0
0.0
0.0
0.0
0.0
0.0
0.0
0.0
0.0
0.0
0.0
0.0
0.0
0.0
0.0
0.0
0.0
0.0
0.0
0.0
0.0
0.0
0.0
0.0
0.0
0.0
0.0
0.0
0.0
0.0
0.0
0.0
0.0
0.0
0.0
0.0
0.0
0.0
0.0
0.0
0.0
0.0
0.0
0.0
0.0
0.0
0.0
0.0
0.0
0.0
0.0
0.0
0.0
0.0
0.0
0.0
0.0
0.0
0.0
0.04491997979681919
0.09642064567213603
0.16506791139154628
0.15646373333805055
0.1390351013181274
0.1453651180209488
0.18383430604092466
0.23076466833874154
0.2089935160385825
0.20864686905863916
0.23404135006075755
0.27340038842509157
0.3255385882747386
0.3994473166145129
0.4917560505827528
0.597690623956137
0.7648131880904663
1.0672921620481792
1.0650124060287987
1.117912818535286
1.1752702060086089
1.2500949932923375
1.3346426061205086
1.4096835450932035
1.490105583127578
1.5708264949949242
1.6542210897552219
1.7394622910587412
1.8261158278543608
1.9139870949763336
2.002778550018557
2.092134631411469
2.1820934462542487
2.2732373266304013
2.3665771012917185
2.4630730924355464
2.5637731865917592
2.6683161734545022
2.7743622933155954
2.877373023225529
2.9716109459426954
3.0516604213637795
3.1141688997869816
3.1593774453758563
3.1902043438669136
3.2100680748335595
3.223128135098058
3.232807874804893
3.241027143930873
3.2485870760096347
3.256129172100405
3.2635707268596015
3.2704910300697216
3.2768350623877223
3.2827413557732026
3.2881813501275543
3.293115705486045
3.2976216593224126
3.30158202047503
3.3049435543880077
3.307862599293864
3.310347178893148
3.3124565054958293
3.3142222765715337
3.315653319128961
3.3167103312701047
3.3174183391067404
3.317857432130471
3.318178714649426
3.31841213797292
3.318660496665737
3.3189479077527277
3.319147557176745
3.319175404326295
3.319033296278494
3.3186923041944856
3.318184570531988
3.3175438745088774
3.316840292948997
3.3161809605476202
3.3155803804043966
3.3150516027792767
3.3145763921932136
3.314087094146853
3.313514619898053
3.3124236374460883
3.310909363033143
3.309933603443902
3.3093560986078887
3.30926591254359
3.3087300750244832
3.307622360212874
3.3064253025025145
3.3051956778560982
3.3040549791760663
3.3031446408623184
3.302443297965492
3.3018737788693753
3.301358582503432
3.300776278752232
3.3000310244955084
3.298996856059918
3.2976042462430195
3.295943634376067
3.2942919901867165
3.2928886186267414
3.2918186333486066
3.2911357868374345
3.2907652931355678
3.2904457636009146
3.289525467897076
3.288174067548824
3.2865014804280523
3.284579129431403
3.2824130200070223
3.2801317419162883
3.277881714308029
3.275652309210725
3.2734112253228957
3.2711524505502485
3.2688780768399615
3.2665900851457446
3.2642903455860384
3.26198062120367
3.2596625727104205
3.257337761797384
3.2550076543940314
3.252673623863554
3.250336954122729
3.247998842675104
3.2456604035467937
3.243322670114688
3.2409865978172565
3.238653066738525
3.23632288405607
3.2339967863441528
3.2316754417232714
3.2293594518475297
3.2270493537212723
3.224745621336414
3.2224486671217822
3.220158843195643
3.217876442412324
3.21560169919352
3.213334790134473
3.2110758343747317
3.208824893722607
3.206581972523224
3.204347017392054
3.2021199296683784
3.1999024363704573
3.1977015295828233
3.1955170428666584
3.1933488122412275
3.1911966761350654
3.1890604752928127
3.1869400478073047
3.1848346966026275
3.1826849797232346
3.1739526589506246