0.0
0.0
0.0
0.0
0.0
0.0
0.0
0.0
0.0
0.0
0.0
0.0
0.0
0.0
0.0
0.0
0.0
0.0
0.0
0.0
0.0
0.0
0.0
0.0
0.0
0.0
0.0
0.0
0.0
0.0
0.0
0.0
0.0
0.0
0.0
0.0
0.0
0.0
0.0
0.0
0.0
0.0
0.0
0.0
0.0
0.0
0.0
0.0
0.0
0.0
0.0
0.0
0.0
0.0
0.0
0.0
0.0
0.0
0.0
0.0
0.0
0.0
0.0
0.0
0.0
0.0
0.0
0.0
0.0
0.0
0.0
0.0
0.0
0.0
0.0
0.0
0.0
0.0
0.0
0.0
0.0
0.0
0.0
0.0
0.0
0.0
0.0
0.0
0.0
0.0
0.0
0.0
0.08205114251127464
0.1273561520812361
0.18653989261758966
0.23357128152288628
0.21111583711981138
0.19054841564188008
0.1980726914973208
0.24979558312649758
0.2981874358361478
0.27396723495716524
0.27372327574351507
0.2918689690042211
0.33745920421525816
0.3970895629387614
0.4718572288539483
0.5837864350168032
0.7814142210785429
1.0621338823798878
1.0850249528715397
1.1518913538591262
1.2053416333230837
1.2632500936214335
1.337435410292844
1.4216865811346528
1.498310446736842
1.5789893787781404
1.6598445764857828
1.7431213233527059
1.8280270478861025
1.9141766866540653
2.001484046814232
2.0895982847028294
2.1781218088238243
2.2669861052973928
2.3565964409476465
2.447762318827504
2.541355210623154
2.638503225886953
2.739208261531817
2.8418368581965856
2.942690168507947
3.036674797434173
3.118302725945649
3.1837924831165676
3.232507425482537
3.266546484811206
3.2888405869532655
3.3035738397550687
3.3144651214498366
3.32351651191062
3.331740408754211
3.3398942419317414
3.3478644273676292
3.355345572558342
3.3623796543691085
3.3689026837231717
3.3749625178552
3.380590605615156
3.385776793980141
3.3904132290947255
3.3944441305350206
3.39793418443149
3.4009386616444277
3.403516610160701
3.4057862248285056
3.407706170263575
3.4092381672462633
3.4104069600387636
3.4112917875367414
3.412046161185828
3.4127533378819734
3.413393008850985
3.4140410277767006
3.41460145834959
3.4149479341325177
3.4151125394518345
3.415096553141514
3.4148710081748606
3.414499979496941
3.4140853579129082
3.413707000066436
3.413380504108444
3.4130897307247876
3.412847190268772
3.4126001829715413
3.412248702208509
3.4113520852458095
3.409985309757532
3.4091658066745327
3.4088994889115054
3.409121445772743
3.408892476873537
3.4081033572118873
3.407184590453383
3.406220459471976
3.4053352232093834
3.4046758966906214
3.4042252079383335
3.4039085305699444
3.403649802319944
3.4033276594919664
3.4028445842545345
3.402072038187402
3.400907556823985
3.3994360778422474
3.3979047183970557
3.396608207045364
3.3956347768164195
3.395042085400492
3.394757072176963
3.3945202261398575
3.3939726822723246
3.3930126715968854
3.391750741899942
3.390256560423875
3.3882388131100627
3.3860956441177725
3.3839757941888062
3.38186926846183
3.379743727127222
3.3775933150176676
3.37542038044828
3.3732271607139466
3.3710157817442945
3.368788261445556
3.366546514109002
3.36429235341873
3.362027495459472
3.3597535617123038
3.357472082026781
3.3551844975585863
3.3528921636623266
3.3505963527296774
3.348298256963531
3.3459989910793118
3.343699594924995
3.3414010360118556
3.339104211948201
3.336809952768754
3.3345190231525774
3.3322321245226534
3.3299498970204118
3.327672921348633
3.3254017204762145
3.323136761198339
3.3208784555455226
3.318627162034972
3.316383186757528
3.314146784293276
3.311918158448655
3.3096974628076037
3.307484801088857
3.3052802273011372
3.3030837456876316
3.3008953104713354
3.2987148274232294
3.2965424341723897
3.294386008467847
3.292244776107197
3.2900538030335307
3.2809740871169693