0.0
0.0
0.0
0.0
0.0
0.0
0.0
0.0
0.0
0.0
0.0
0.0
0.0
0.0
0.0
0.0
0.0
0.0
0.0
0.0
0.0
0.0
0.0
0.0
0.0
0.0
0.0
0.0
0.0
0.0
0.0
0.0
0.0
0.0
0.0
0.0
0.0
0.0
0.0
0.0
0.0
0.0
0.0
0.0
0.0
0.0
0.0
0.0
0.0
0.0
0.0
0.0
0.0
0.0
0.0
0.0
0.0
0.0
0.0
0.0
0.0
0.0
0.0
0.0
0.0
0.0
0.0
0.0
0.0
0.0
0.0
0.0
0.0
0.0
0.0
0.0
0.0
0.0
0.0
0.0
0.0
0.0
0.0
0.0
0.0
0.0
0.0
0.0
0.0
0.0
0.0
0.07592150511361537
0.1323226392129939
0.17221508297543453
0.21580519869339143
0.2520427708907297
0.24873153610212592
0.22695557991163884
0.2343068045871648
0.2975726061272718
0.3497346295988887
0.33989111932869365
0.36780641352614313
0.38592948285241874
0.4491454249596734
0.544790347659605
0.6816707248920864
0.8523009089190144
1.0088868998541072
1.1203920216963275
1.1961367196771029
1.262630215179931
1.316837620960376
1.3750372592638127
1.4483922381778014
1.5322270340543482
1.6098983497352606
1.690346042540723
1.7708215921707127
1.8533347829754143
1.936923294102279
2.021347723646032
2.1065793773729067
2.192110788550022
2.2776047115410796
2.3628690694619032
2.4481389127862254
2.5339539513413034
2.621211303381422
2.710855941111654
2.803170504803551
2.897033506745178
2.9894477528134025
3.075944934713319
3.1512699191654554
3.211628320358842
3.255869012543455
3.285495891519402
3.303642654075314
3.314123880189432
3.320707156065247
3.325724599346316
3.3301812530747705
3.33491115070421
3.339742284313628
3.344341736567112
3.3486156412990495
3.35264101451721
3.356339404801219
3.359632496703513
3.3625675261988976
3.3650894593429386
3.3671488054020147
3.368809210476111
3.3701231984194524
3.3711687159780364
3.3719246271172607
3.3723985235953946
3.3725513068681368
3.3723778492607055
3.3720568303084173
3.3716994034415104
3.3713296125637835
3.3710027005853545
3.3707369961787856
3.3704053622260086
3.3699270434884396
3.3693036857620213
3.368506698063472
3.3675674539032703
3.366518700137899
3.3654574963981707
3.364470854802246
3.363570827109361
3.362768224414241
3.3620436957218467
3.361316171742201
3.360519481375443
3.3592345905393257
3.357562492047147
3.356424873480787
3.355497637848457
3.355042438046316
3.354157850435845
3.352765952305233
3.351277884500112
3.3497731037414575
3.348393128671902
3.3472154636470934
3.346266985864933
3.3454717846541207
3.3447554699652726
3.3440029246720555
3.3431266210070656
3.342010347468898
3.340568569973348
3.3388932981486548
3.3372512250113013
3.3355727460957967
3.334202557336927
3.3331847188958506
3.3324397866739517
3.3317128457879814
3.3306622892974396
3.3291968224470185
3.3274256877444
3.3254196556848865
3.323186040673431
3.3208501912877813
3.3185526501676668
3.3162822562714136
3.314007330644126
3.3117216991099165
3.309427025403527
3.307124878690679
3.3048167335693686
3.3025039735144404
3.3001878952194366
3.297869711517695
3.2955505542210775
3.293231476866928
3.2909134573643497
3.288597400531185
3.2862841405134757
3.2839744430793814
3.281669007779816
3.279368469968177
3.2770734026716664
3.27478431830675
3.2725016702312923
3.270225854125801
3.267957209196121
3.2656960191896665
3.2634425132170506
3.2611968663705837
3.2589592001307377
3.25672958255116
3.2545080282123275
3.2522944979388297
3.2500888988092185
3.247891137028318
3.24570905649411
3.243543125551742
3.241393185323113
3.2392590792301297
3.237140652950343
3.23503775437363
3.2329502335595848
3.230877942656368
3.228820731446581
3.2267779539029195
3.2246927497601963
3.216106735184038