0.0
0.0
0.0
0.0
0.0
0.0
0.0
0.0
0.0
0.0
0.0
0.0
0.0
0.0
0.0
0.0
0.0
0.0
0.0
0.0
0.0
0.0
0.0
0.0
0.0
0.0
0.0
0.0
0.0
0.0
0.0
0.0
0.0
0.0
0.0
0.0
0.0
0.0
0.0
0.0
0.0
0.0
0.0
0.0
0.0
0.0
0.0
0.0
0.0
0.0
0.0
0.0
0.0
0.0
0.0
0.0
0.0
0.0
0.0
0.0
0.0
0.0
0.0
0.0
0.0
0.0
0.0
0.0
0.0
0.0
0.0
0.0
0.0
0.0
0.0
0.0
0.0
0.0
0.0
0.0
0.0
0.0
0.0
0.0
0.0
0.0
0.0
0.0
0.0
0.0
0.14177680414642388
0.1936517648254758
0.2379280711807832
0.2758884408168947
0.31485889853971605
0.343613557393146
0.3296592782319071
0.3060979676793019
0.3149613365024893
0.3746779469621503
0.4103185651470845
0.40921647374742365
0.47930075224664065
0.5014861777516344
0.5765773902840304
0.6840677097710796
0.8271441367997108
0.9950487804733131
1.1461850339037152
1.2550930738645019
1.3302837115471018
1.395366838655333
1.4499481870433097
1.5083384427189688
1.5808305924377104
1.663965925138981
1.742461633408246
1.822770412429678
1.9034521466137044
1.9859051378285861
2.0692368206163176
2.1533320121767203
2.2382166602324136
2.323411727340827
2.408497526842447
2.4934012056287607
2.578170601704721
2.663212772405863
2.749334210580589
2.8374543090175335
2.928020116725947
3.020344438643902
3.11212592682626
3.199368210363462
3.277199696593455
3.3414827012899218
3.390492333056099
3.425105684150838
3.447607041042404
3.46180694610806
3.4714949702511784
3.4788195214913302
3.485323523817632
3.491921008712314
3.49850429410875
3.5048142783882574
3.510786822880909
3.5164785078201204
3.5218029718911734
3.5267755858273273
3.5313649169370342
3.535448004609434
3.5389700982735772
3.5419882912681175
3.5445819143471065
3.5468596362330085
3.5487999870002116
3.550413462845249
3.5517162373208917
3.552630267679973
3.553284778070089
3.553879374761919
3.554389179477613
3.5548926691967844
3.555411400931328
3.5558395386556176
3.556094402815869
3.556177685394142
3.5560903942106314
3.55580339204993
3.5553797121199238
3.554918536178747
3.554496972571775
3.5541297488469783
3.5538302421690133
3.5535807373729082
3.5532991130254903
3.5529159075020242
3.551999757247556
3.5506565352803428
3.5498543381152143
3.5496045916371415
3.549834822155891
3.549623636320465
3.5488381238336246
3.547955672390552
3.547032587256961
3.5461896432154143
3.5455705128498676
3.5451572092501986
3.5448757172261467
3.5446508286217986
3.544363058219566
3.5439166531485076
3.5431854552414137
3.5420692279000097
3.540651901893954
3.5392035333873766
3.537960922233323
3.5370356760442894
3.536483891846474
3.5362332060192663
3.536028035046818
3.535515239800701
3.534594366048485
3.5333736121333095
3.5319242861881635
3.5302497555995958
3.5281817602008645
3.526136069037176
3.5241027741354234
3.5220499544159685
3.5199717505065498
3.5178703885065032
3.5157479956258624
3.5136065994130186
3.5114481306128305
3.5092744270836373
3.507087236342788
3.504888218122562
3.5026789469269404
3.5004609145800942
3.498235532757981
3.496004135494832
3.49376798165678
3.4915282573752715
3.489286078433281
3.4870424925977432
3.4847984818919553
3.4825549648019845
3.4803127984114695
3.478072780459418
3.4758356513158635
3.4736020958704406
3.471372745329135
3.469148178914568
3.466928925465335
3.4647154649299527
3.4625082297510574
3.460307606135455
3.4581139352056605
3.455927514028433
3.453748596515786
3.4515773941937398
3.449414076833984
3.447258772943329
3.4451115701056207
3.4429725151697324
3.440841614207136
3.438718825340753
3.4366033639707463
3.4344249079026765
3.425120151895208