0.0
0.0
0.0
0.0
0.0
0.0
0.0
0.0
0.0
0.0
0.0
0.0
0.0
0.0
0.0
0.0
0.0
0.0
0.0
0.0
0.0
0.0
0.0
0.0
0.0
0.0
0.0
0.0
0.0
0.0
0.0
0.0
0.0
0.0
0.0
0.0
0.0
0.0
0.0
0.0
0.0
0.0
0.0
0.0
0.0
0.0
0.0
0.0
0.0
0.0
0.0
0.0
0.0
0.0
0.0
0.0
0.0
0.0
0.0
0.0
0.0
0.0
0.0
0.0
0.0
0.0
0.0
0.0
0.0
0.0
0.0
0.0
0.0
0.0
0.0
0.0
0.0
0.0
0.0
0.0
0.0
0.0
0.0
0.0
0.0
0.0
0.0
0.0
0.0
0.11040472493092429
0.19029690044626899
0.2427071406056802
0.28600543912687887
0.3204454440335635
0.3521545841409615
0.3748733994307262
0.3897567853702994
0.4483196693742052
0.4613332004133528
0.47730807857393887
0.490479062485113
0.5134366735395324
0.5329027104440781
0.5756611384925182
0.6576834003756923
0.7724099076750401
0.921368666106018
1.0929202806031226
1.24686110676001
1.3585562861973475
1.4353216480965862
1.499770157016085
1.553787471340184
1.6106158371773482
1.680719515033054
1.762101262904012
1.8397523056240255
1.9180916790856664
1.996748609815776
2.0765446589594383
2.1564015927152944
2.2363853087261676
2.316449417718736
2.3960088125363312
2.4747019147195926
2.552398179584393
2.628999622136968
2.704771328430475
2.7803205256802954
2.856561177909856
2.9338789636032487
3.011910241619901
3.088661213462229
3.1607305872774174
3.2237412944688564
3.2737300706961063
3.309128272976602
3.3306789661366585
3.340831799152752
3.3434371816475568
3.342527503932191
3.340468576003209
3.338567514560501
3.3374646365150302
3.337038302315255
3.3369272786468147
3.337016618290741
3.337173385691813
3.3373025761489483
3.3373148461026183
3.337188771394902
3.3367936319875056
3.3361213403966867
3.3352259996534137
3.334146001668471
3.332898112402242
3.331505521612844
3.3299711537161283
3.328256114970776
3.326337281277199
3.324384758874726
3.322514188028965
3.320738523696318
3.31908477338785
3.317546995935793
3.3160353651480223
3.3144272485668944
3.312738758033071
3.310972120534599
3.3091162042443094
3.3072170539974337
3.3053676242205268
3.30362039757729
3.301994644850576
3.300495474116986
3.2990987241394882
3.297734651754344
3.29633920164869
3.2944996011360894
3.2923360416442717
3.2907651097809474
3.2890390213007414
3.287829557441829
3.286239711568213
3.2839323012065025
3.2816128360447814
3.2793339834261013
3.27723229235753
3.27540211903161
3.273806938787154
3.272361591957018
3.270985501780362
3.269560144087265
3.26799966487834
3.266189974329609
3.2640537490773456
3.2616872756633906
3.259359776930311
3.2572877073588664
3.255538860603317
3.2541462801475043
3.253021856701788
3.2519057015326744
3.2504609411933183
3.2486057423788264
3.2464557914078482
3.244085479475384
3.241505169351316
3.2388425682025113
3.2362362076056748
3.2336728563996964
3.231119645249615
3.2285694627530814
3.2260230593738024
3.2234811122063878
3.220944223770822
3.218412924121735
3.215887673674904
3.2133688644610805
3.2108568211459505
3.208351801804214
3.2058539984353
3.203363537207631
3.2008804784177056
3.1984048161546847
3.1959364781319173
3.1934753693895708
3.191027005322765
3.1885957725899234
3.1861814975305123
3.1837840090757976
3.181403138697292
3.1790387203565156
3.1766905904559883
3.174358587791438
3.1720425535051895
3.1697423310406885
3.167457766098132
3.1651887065911826
3.1629350026047076
3.1606965063535526
3.158473072142277
3.156264556325864
3.1540708172713394
3.151891715320307
3.149727112752351
3.1475768737492866
3.145440864360007
3.1433189524374314
3.1412110041023613
3.13911645537458
3.1369814155032514
3.1281075257690536