0.0
0.0
0.0
0.0
0.0
0.0
0.0
0.0
0.0
0.0
0.0
0.0
0.0
0.0
0.0
0.0
0.0
0.0
0.0
0.0
0.0
0.0
0.0
0.0
0.0
0.0
0.0
0.0
0.0
0.0
0.0
0.0
0.0
0.0
0.0
0.0
0.0
0.0
0.0
0.0
0.0
0.0
0.0
0.0
0.0
0.0
0.0
0.0
0.0
0.0
0.0
0.0
0.0
0.0
0.0
0.0
0.0
0.0
0.0
0.0
0.0
0.0
0.0
0.0
0.0
0.0
0.0
0.0
0.0
0.0
0.0
0.0
0.0
0.0
0.0
0.0
0.0
0.0
0.0
0.0
0.0
0.0
0.0
0.0
0.0
0.0
0.0
0.0
0.16801400949452341
0.2429586978053327
0.3046588353997225
0.35394268802911577
0.3970104626740567
0.4314376667637002
0.4612015717795982
0.49967341102421986
0.5353900475892381
0.531506732066594
0.556968725592674
0.5764738557341976
0.5966233342516291
0.6272002465480565
0.6571503616364552
0.710928142130385
0.8027714144171927
0.9258477413766932
1.0781705750945567
1.246695824889873
1.3956740644105639
1.5042660269152703
1.5793026075193064
1.641570934365562
1.6951071731649328
1.7513008141470257
1.8196962083323873
1.9000687785644628
1.9779268235187948
2.055888859002011
2.13480614241357
2.2146673923819367
2.2945320137437575
2.374650924882735
2.455030906942625
2.535028836035118
2.6143606917050115
2.692889204452085
2.7704536621286966
2.847255606554044
2.9239463198106894
3.0013287640754496
3.079906406343189
3.15958662766584
3.2388484620604823
3.3144979605086426
3.382223885165848
3.4381796240048987
3.479988165632366
3.5076405815936877
3.5231927899438698
3.530288833830158
3.532761757868246
3.533292446558728
3.5335276438652174
3.5344512577709035
3.5359600170587933
3.537732774335031
3.539610784939723
3.541442547736554
3.5431484385685175
3.5447493191116863
3.5461150336320286
3.5472109256805977
3.5479310899882
3.5483283590998034
3.548439478382599
3.548280281636117
3.5478757954249454
3.547271833935319
3.5464598066910544
3.5453858674570182
3.5441862458586835
3.5430353497366616
3.5419220232888717
3.5408942594630304
3.539933959992879
3.5389608633209018
3.5378559916961048
3.536606779084014
3.535244554800127
3.53377231287586
3.532225590026694
3.5306927843331253
3.5292630916741325
3.5279464444930357
3.5267515773396396
3.5256548079271437
3.524566791695632
3.523415912577719
3.5217494558927593
3.519688265784064
3.518240043349144
3.5168348947318
3.5159458185725088
3.5145931548035594
3.5126826758593483
3.510716069619821
3.508751214730477
3.5069680531389635
3.505478751160811
3.50425205817198
3.5032014989750895
3.5022436798283163
3.5012519506728945
3.500132279129267
3.4987552506040527
3.496734318370082
3.4944407594829396
3.4921691800357872
3.490163244639712
3.488503178650052
3.487232506392427
3.486259575255872
3.485300754485466
3.4839814018721937
3.4822049035442633
3.4800942404040605
3.4777286751984646
3.4751173388887624
3.4723997235639543
3.4697303243255853
3.4670958767163698
3.464460756915371
3.461817689862681
3.4591681080005645
3.45651336014082
3.4538547106064246
3.4511933421984966
3.4485303601477626
3.445866794486784
3.4432036023329533
3.4405416700739253
3.437881815447387
3.4352247895072825
3.432571278468755
3.4299219054241696
3.4272772319226648
3.424637759405665
3.4220039304907743
3.4193761300963565
3.416754686398984
3.414139871615716
3.411531902602929
3.408930941263068
3.406337094750358
3.4037504154660523
3.4011709008366897
3.3985984931705304
3.3960331072123715
3.3934779988078176
3.390939171367821
3.38841646940835
3.3859097396321425
3.3834188308877127
3.380943594129316
3.378483882377856
3.3760395506827012
3.373610456084391
3.3711964575776285
3.3687974160157625
3.3664131877300885
3.364042945899004
3.361611906430362
3.3509844523923427