0.0
0.0
0.0
0.0
0.0
0.0
0.0
0.0
0.0
0.0
0.0
0.0
0.0
0.0
0.0
0.0
0.0
0.0
0.0
0.0
0.0
0.0
0.0
0.0
0.0
0.0
0.0
0.0
0.0
0.0
0.0
0.0
0.0
0.0
0.0
0.0
0.0
0.0
0.0
0.0
0.0
0.0
0.0
0.0
0.0
0.0
0.0
0.0
0.0
0.0
0.0
0.0
0.0
0.0
0.0
0.0
0.0
0.0
0.0
0.0
0.0
0.0
0.0
0.0
0.0
0.0
0.0
0.0
0.0
0.0
0.0
0.0
0.0
0.0
0.0
0.0
0.0
0.0
0.0
0.0
0.0
0.0
0.0
0.0
0.0
0.11775537477714383
0.26309124747147017
0.34097475440585784
0.41146247711460054
0.4675813117428408
0.5158365875035202
0.5557377163973064
0.5881775805948467
0.6135093298061126
0.6334474101480677
0.6790166414658447
0.7366438488528537
0.7209654516832449
0.753084109997396
0.7807423683358119
0.8128263956106025
0.8561978288758019
0.9017823703828838
0.970421989798339
1.0735656556839919
1.20272089411769
1.3513214778519613
1.5060784273430723
1.6396362652324274
1.7377469502906586
1.8073784309054597
1.8665261282880072
1.920396552352171
1.9779045016297447
2.047497856567171
2.1283246686523105
2.207958017891866
2.28772245482821
2.3694174523143445
2.4522404078093603
2.5356886500481957
2.620126928832208
2.705580874330287
2.7915616390873956
2.877933402162332
2.96451367759005
3.0512172368721324
3.1382274861329953
3.2260632954390855
3.315580958488491
3.407374819173264
3.501621018218191
3.597168459101545
3.6914185668816626
3.7804753312816812
3.8601718660633066
3.927601426963566
3.981656699214431
4.023035029218744
4.054302469042844
4.078887739455346
4.099271617934907
4.117429002988416
4.134808315500331
4.151749858214569
4.168240433638717
4.184156134172278
4.199593294487842
4.214583941431974
4.228992327519716
4.242906622022311
4.256042543266334
4.268476106469897
4.280253434805125
4.291263731236707
4.301687634760347
4.311553733548023
4.320863081134262
4.3294373742292995
4.337357847902112
4.344768334513594
4.351879670596587
4.358748504586435
4.365430787069486
4.371973209995877
4.378278309789194
4.384199269344244
4.389724999340546
4.3948449344502
4.399562316430832
4.403907781045231
4.408003176699034
4.412057090397297
4.416007122406281
4.4198861320515785
4.423690476463084
4.427427286018926
4.430904201120841
4.433575456022579
4.435552827238543
4.438033824735452
4.444344790120757
4.451198447354084
4.457464433894601
4.462808601702164
4.4677670715900515
4.472405025327188
4.477109319653833
4.481920158610267
4.4868798515189665
4.491945420561421
4.4972297655777975
4.502424862614209
4.507448763229688
4.512222023482672
4.516431076187384
4.520113838412079
4.5235765696227315
4.5271770354717935
4.531087463973127
4.535473202193569
4.540431979393976
4.545587647461507
4.550559420815722
4.555021712739528
4.55903561214023
4.562639072937928
4.565789671999502
4.568607326052509
4.571286888474961
4.5738248337457685
4.57617969201673
4.578383976329351
4.580441064616506
4.5823543175199175
4.584127069696854
4.5857626255467085
4.587264256759077
4.588635198010677
4.589878642155743
4.5909977136938664
4.591994467471361
4.592809143793606
4.593501869918143
4.594074920252474
4.5945304509167855
4.594870980638594
4.595130649880386
4.595314333703089
4.595427017088197
4.595473806543945
4.5954599428649905
4.59539081512053
4.595271975947843
4.595109158092896
4.594908284976653
4.594675098796407
4.5943872092859745
4.594077631339967
4.593753051059738
4.593420448104278
4.59308712328721
4.592760728338673
4.592449297967151
4.592161284365193
4.591905594411404
4.591691635513987
4.591529698743798
4.591458171214096
4.591490560930339
4.591637173006817
4.591669765735607
4.577191518471182