0.0
0.0
0.0
0.0
0.0
0.0
0.0
0.0
0.0
0.0
0.0
0.0
0.0
0.0
0.0
0.0
0.0
0.0
0.0
0.0
0.0
0.0
0.0
0.0
0.0
0.0
0.0
0.0
0.0
0.0
0.0
0.0
0.0
0.0
0.0
0.0
0.0
0.0
0.0
0.0
0.0
0.0
0.0
0.0
0.0
0.0
0.0
0.0
0.0
0.0
0.0
0.0
0.0
0.0
0.0
0.0
0.0
0.0
0.0
0.0
0.0
0.0
0.0
0.0
0.0
0.0
0.0
0.0
0.0
0.0
0.0
0.0
0.0
0.0
0.0
0.0
0.0
0.0
0.0
0.0
0.0
0.0
0.0
0.0
0.12684318148489562
0.2207202650404048
0.32806997270413435
0.40256427579731446
0.47532966154399797
0.5312833866882176
0.5804585602059338
0.6204637756642865
0.6528552275256224
0.6755065174969469
0.7320270475283601
0.7981447074819044
0.7748673940519112
0.7977655398433362
0.8345062449815676
0.8659791189864059
0.9019200045962699
0.9495847279768072
1.0009095156924739
1.075515688309171
1.1840716421107578
1.3184488618210093
1.472084198905728
1.6310058654595672
1.7683378351897532
1.8698659147646977
1.94127299316869
2.0002351154130076
2.0536421405564123
2.109439182579114
2.1768959176079443
2.256006228357574
2.334580282393154
2.4125191063911995
2.4925863927096144
2.5731258706382816
2.653813973320141
2.735038936663038
2.8166402793179097
2.898170523569755
2.9795088916764345
3.060430564198158
3.140787827762343
3.2205955367093613
3.300350150116161
3.380805507841712
3.4625307359517636
3.54573924421954
3.6296372703995026
3.712055711340675
3.789481509700696
3.8581693522639973
3.915283730882302
3.9596407897964285
3.991769927936793
4.014008540434472
4.029887276982807
4.04187485338338
4.051987590539552
4.06166629109048
4.071104124659435
4.080339739302981
4.08947568398901
4.09841893498088
4.107035554371081
4.115293894241337
4.123117275601484
4.130476732314713
4.137233513463088
4.143527330847329
4.1492921110114445
4.154638430619952
4.159495779842218
4.16396043137984
4.1679106800363295
4.17140057838488
4.174564338451156
4.177481487456911
4.180278161254129
4.182994832560687
4.185662908732361
4.188183487642123
4.1904595349452505
4.192486284635701
4.194260544725351
4.195780918110514
4.197080971379945
4.1982692831108475
4.199435337695675
4.200600809997755
4.201786027606015
4.20297785014338
4.2041423176817085
4.205147865759027
4.205513665412948
4.205307743938517
4.20562782371507
4.207631746037458
4.210209669823738
4.212244982028543
4.213597667525861
4.214760336373928
4.215730672597386
4.216741495869339
4.217945408812105
4.219408907387822
4.221007636372924
4.222667254021592
4.224258576443903
4.225728636124242
4.226867113799475
4.227534315633393
4.227802224385294
4.227962182261625
4.228298156491017
4.228924550991782
4.2299308291698114
4.231288930248761
4.232754788370342
4.233888495640343
4.23454482158587
4.2348199604041685
4.234776363501472
4.234404598877639
4.233835460402865
4.233238059005498
4.2326055535938005
4.2319025640246295
4.231093929250481
4.230208926883492
4.22925020457267
4.228220300354138
4.227121632651974
4.225956141866079
4.224697798800582
4.223374334775733
4.221987414704082
4.220538890661289
4.219058188208331
4.217549159290521
4.216015712324059
4.214461823549155
4.212891549307931
4.211309038472394
4.209718494207506
4.208120944890649
4.206226097896878
4.204308067966827
4.202369106861483
4.200411440342337
4.198437272355784
4.1964487894913525
4.1944481657264605
4.192437567471798
4.19041915893271
4.188395107803429
4.186367591312495
4.184338802639307
4.182310957723419
4.1802863024899075
4.178267120516056
4.176255741166447
4.17425454822558
4.172265989055105
4.170292583999824
4.168336912918235
4.166399828564191
4.164343388229498
4.151352584453583