0.0
0.0
0.0
0.0
0.0
0.0
0.0
0.0
0.0
0.0
0.0
0.0
0.0
0.0
0.0
0.0
0.0
0.0
0.0
0.0
0.0
0.0
0.0
0.0
0.0
0.0
0.0
0.0
0.0
0.0
0.0
0.0
0.0
0.0
0.0
0.0
0.0
0.0
0.0
0.0
0.0
0.0
0.0
0.0
0.0
0.0
0.0
0.0
0.0
0.0
0.0
0.0
0.0
0.0
0.0
0.0
0.0
0.0
0.0
0.0
0.0
0.0
0.0
0.0
0.0
0.0
0.0
0.0
0.0
0.0
0.0
0.0
0.0
0.0
0.0
0.0
0.0
0.0
0.0
0.0
0.0
0.0
0.18170896493877264
0.28185422949002975
0.37629259724899966
0.46608124097821646
0.5532513994267687
0.6163809953288073
0.6771808547701412
0.7249660149292567
0.7700487826654766
0.8055276294194418
0.8293737496266862
0.8466307122215582
0.9209946866646301
1.0011324295382917
0.9667426626409268
1.005824863761816
1.045073260563554
1.0845291140901143
1.1330170608028292
1.1945932969442914
1.2707973878911099
1.3559267334122194
1.4580491335757837
1.5833153695975395
1.7210082672549336
1.8511508723315224
1.9623171573669775
2.0539822407395505
2.1356553253618435
2.208481655621563
2.271182165271457
2.330608758233872
2.3938997224297824
2.4657338072080766
2.545809142086251
2.626318070145334
2.706397988452915
2.7886145569389806
2.8713481298276875
2.954635647440086
3.038637922943559
3.123090903036763
3.2077950199943968
3.2926640189076837
3.3777058734885657
3.4631202118791067
3.5492542431815366
3.636521127040259
3.72525071636132
3.8151462817780812
3.9051204351291666
3.9933908361173507
4.077378514247752
4.15449653333821
4.222750073500249
4.2807116245776395
4.328559113762709
4.367339478095177
4.398847356331789
4.425038282340233
4.447697193465968
4.468250176319616
4.487723062152731
4.5064944817299795
4.524792595334485
4.542613345296896
4.560032482056888
4.57681781921396
4.593078990111609
4.608773533222961
4.6238446805964
4.638132240922604
4.651774590330857
4.664761311012792
4.677093534610917
4.688774290052336
4.69979787571594
4.710233145483442
4.720196659871327
4.729728905899579
4.738864602958532
4.747640613805101
4.756096982978927
4.764292456471148
4.772285717890288
4.779838328907864
4.786933581802433
4.793587699514347
4.800011513703047
4.806156299824436
4.812045163038175
4.817704270385
4.823287716620122
4.828711212997081
4.834066046909355
4.838574757148821
4.842097045227855
4.845370934368197
4.849469289094915
4.859194490798209
4.869086195179732
4.8783934521699885
4.886701394644023
4.894544850398838
4.902012874035726
4.9095291954313796
4.9171398197370495
4.92492156795883
4.933058565245051
4.941311718933609
4.949750923402126
4.958023941121553
4.9659212326200635
4.973393698078826
4.980256145274592
4.986799297315244
4.993412240844505
5.000501287938383
5.0081101502818095
5.016447131575301
5.025089545573475
5.033700415190553
5.04183705898532
5.049528776409126
5.056970961385314
5.063927776878696
5.070499108872433
5.076886592074669
5.0830901797518955
5.089064848185553
5.094796832693187
5.100350402356031
5.105727585345522
5.110932547069806
5.116079124185506
5.12106729498013
5.125900146616094
5.130580845463247
5.135112639532908
5.139498861293569
5.1437429308786164
5.1478483585291865
5.151818753661299
5.155657871007258
5.159371462997387
5.163072120949482
5.166664312482632
5.170153226601302
5.1735450109309395
5.176888999033891
5.180195197706122
5.1834742249966945
5.186737356996048
5.189996578184454
5.1932646355718415
5.196555097312619
5.199882436273207
5.203263048419861
5.20677593430325
5.21038092585546
5.214097219860877
5.217945268538379
5.22194680931036
5.226125095612082
5.2305051947446195
5.235114756175909
5.240014724873299
5.245238166384206
5.250813883934693
5.256408223307367
5.243997438877083