0.0
0.0
0.0
0.0
0.0
0.0
0.0
0.0
0.0
0.0
0.0
0.0
0.0
0.0
0.0
0.0
0.0
0.0
0.0
0.0
0.0
0.0
0.0
0.0
0.0
0.0
0.0
0.0
0.0
0.0
0.0
0.0
0.0
0.0
0.0
0.0
0.0
0.0
0.0
0.0
0.0
0.0
0.0
0.0
0.0
0.0
0.0
0.0
0.0
0.0
0.0
0.0
0.0
0.0
0.0
0.0
0.0
0.0
0.0
0.0
0.0
0.0
0.0
0.0
0.0
0.0
0.0
0.0
0.0
0.0
0.0
0.0
0.0
0.0
0.0
0.0
0.0
0.0
0.0
0.0
0.0
0.0
0.0
0.0
0.0
0.0
0.0
0.0
0.0
0.0
0.0
0.0
0.0
0.0
0.0
0.0
0.0
0.0
0.0
0.0
0.0
0.0
0.0
0.0
0.0
0.0
0.0
0.0
0.0
0.0
0.0
0.0
0.0
0.4414993607215311
0.52536777948339
0.6384251307219118
0.7475396032088113
0.8437885980380604
0.9244754823851297
0.9932421137303016
1.051190509282464
1.0974161420822608
1.1312547264738106
1.1494784171344905
1.1509427441592477
1.1396991593641637
1.1215935402457693
1.1013726037708862
1.0829824462647428
1.0668316078266715
1.0525701638912583
1.0400772801047138
1.0289465895638745
1.0187095186617063
1.009198907733024
1.000476777926461
0.992767584065061
0.9861743559177539
0.980488988411256
0.9755822878037037
0.9715202975460876
0.9681469591862051
0.9652261816975335
0.9626946752470542
0.9604471368834051
0.9583371223957915
0.956331484310878
0.9544493663079002
0.9526849735010866
0.9510329567019522
0.9494714327903436
0.947957599490295
0.9464730136854147
0.9450326770368548
0.9436455804716251
0.9423098749369716
0.9410238004615802
0.9397808259406384
0.9385649090137005
0.9373664538152304
0.9362151801718963
0.9351384241102613
0.9341337154859366
0.933198780191893
0.9323307238255525
0.9314992223561582
0.9306759715745049
0.9298608660582455
0.92905380234854
0.9282546911146389
0.9274705701848784
0.9267227275702039
0.9260246781029667
0.9253752162970839
0.9247732199843219
0.9242108199169262
0.9236664431073607
0.9231257160698877
0.9224882147464859
0.9217866583170098
0.9212433126286115
0.9205249552288914
0.9199330209570719
0.9192563484461076
0.9184945335666146
0.917749141998755
0.9170308671360526
0.9163687168753369
0.9157804510931543
0.9152539189627014
0.9147669633633315
0.9142997689704708
0.9138247549630201
0.9133235353972186
0.9127715917348106
0.9121541202845042
0.9114946072428839
0.9108542730126472
0.9102793972882256
0.9097823872033323
0.9093675004130274
0.909012850233495
0.9086594440869413
0.90823321489515
0.9077183840763178
0.9071428312807249
0.9065244964923056
0.9058665228692429
0.9051976615791618
0.9045480580565415
0.9039142181164067
0.9032885536789309
0.9026692423366127
0.9020562113763624
0.9014493895664064
0.9008487064614459
0.9002540924786359
0.8996654791676097
0.8990827991863064
0.8985059862774297
0.897934975245522
0.8973697019346336
0.8968101032065687
0.8962561169196903
0.895707681908267
0.895164737962345
0.8946272258081317
0.8940950870888713
0.8935682643462006
0.8930467010019719
0.8925303413405244
0.8920191304913974
0.8915130144124644
0.8910119398734857
0.8905158544400554
0.8900247064579445
0.8895384450378166
0.8890570200403145
0.8885803820615015
0.88810848241865
0.887641273136369
0.8871787069330545
0.8867207372076622
0.886267318026789
0.885818404112053
0.8853739508277685
0.8849339141689033
0.8844982507493154
0.8840669177902555
0.8836398731088807
0.8832170747396282
0.8827979413709256
0.881583888093242