0.0
0.0
0.0
0.0
0.0
0.0
0.0
0.0
0.0
0.0
0.0
0.0
0.0
0.0
0.0
0.0
0.0
0.0
0.0
0.0
0.0
0.0
0.0
0.0
0.0
0.0
0.0
0.0
0.0
0.0
0.0
0.0
0.0
0.0
0.0
0.0
0.0
0.0
0.0
0.0
0.0
0.0
0.0
0.0
0.0
0.0
0.0
0.0
0.0
0.0
0.0
0.0
0.0
0.0
0.0
0.0
0.0
0.0
0.0
0.0
0.0
0.0
0.0
0.0
0.0
0.0
0.0
0.0
0.0
0.0
0.0
0.0
0.0
0.0
0.0
0.0
0.0
0.0
0.0
0.0
0.0
0.17286504595348207
0.29060372577975724
0.3860755484588741
0.4827012271968492
0.5634742551983198
0.6424844953247439
0.7060400052248436
0.7677456599981104
0.8183714094993355
0.8600964967990927
0.8810205144965233
0.8972298699090809
0.9872334695029069
1.0863667454084796
1.0416568611814774
1.0579176466594782
1.0975330247608743
1.1423239488617138
1.1834614009918578
1.2318325838890438
1.2916350867974755
1.3568774907360424
1.444929495172993
1.5631541632652604
1.702416655018445
1.8550802841113998
2.006746429125337
2.1358187045052652
2.231532298605429
2.298292560690652
2.353060522851745
2.4055007815972367
2.4599680327096816
2.5261763440563367
2.6045288245609637
2.683365307298489
2.7602278204465196
2.8403153427390406
2.9203604122126086
3.0006708667354314
3.081649133381856
3.162899453725406
3.244196336389312
3.325428518765023
3.4063268129470377
3.486717901856187
3.5666504495902465
3.6464394021532196
3.726726748536156
3.8080888970178153
3.8910060399196857
3.974957586002502
4.058314893477168
4.138269225400141
4.2114598102139205
4.274885097758873
4.326530013237562
4.366426334035307
4.396303428599443
4.418911752900523
4.436618296112698
4.451645034400945
4.465690019627748
4.47929525390503
4.492532394202968
4.5056261046016575
4.518475082058947
4.530924937534175
4.543080087172454
4.554701738716134
4.565806546666232
4.576332062564609
4.586185702721591
4.595504959610088
4.604296954988541
4.6125819641425
4.620261867079247
4.627394617320021
4.633944667498728
4.640054375575839
4.645906732516911
4.651554867166321
4.657054894338798
4.662463443277747
4.667680939804008
4.6725640340555605
4.677100108975534
4.6812791793727495
4.685192643780678
4.688776544132801
4.692148834494141
4.695412228847142
4.69859765073902
4.701832035766386
4.705018976376317
4.708065996093832
4.710968740700751
4.713101389029652
4.71450248724428
4.7164410470307505
4.721875644848089
4.727829662696133
4.7331760194977965
4.737629378256137
4.741723709917448
4.7455208060508385
4.749287550114929
4.753332121343007
4.757582542674972
4.76198843958999
4.766591522974327
4.771148229534356
4.775518997932489
4.779629191050793
4.78318355910269
4.7862334248907406
4.789090706148432
4.792099319447043
4.795418859347411
4.799301493559254
4.803616094752243
4.808182886087179
4.812417548414958
4.816220897280948
4.819565313182751
4.822495925425301
4.82497741000899
4.8271363290321005
4.829207812765032
4.831188957437594
4.833040335890394
4.834753953428698
4.836332391576362
4.8377781707028245
4.839093739080819
4.840281466143486
4.841343637200601
4.842282446020755
4.843099987073579
4.843798247378606
4.844379096543108
4.844844282319746
4.845195427431034
4.845434514398521
4.845594997379514
4.845681006471553
4.845696742987561
4.845646487054939
4.845534605963347
4.845365563306271
4.845143928964183
4.844874389980018
4.844561762380726
4.844211003999356
4.843827228223966
4.843415711740884
4.84298152824541
4.842501963013003
4.842009103575137
4.841508873716076
4.841007445071116
4.840511258351693
4.840027000610631
4.83956158178192
4.839122633693911
4.838745871064448
4.838442187883345
4.838223204579749
4.838100522168467
4.8380829881350955
4.837922142867626
4.822166123159589