0.0
0.0
0.0
0.0
0.0
0.0
0.0
0.0
0.0
0.0
0.0
0.0
0.0
0.0
0.0
0.0
0.0
0.0
0.0
0.0
0.0
0.0
0.0
0.0
0.0
0.0
0.0
0.0
0.0
0.0
0.0
0.0
0.0
0.0
0.0
0.0
0.0
0.0
0.0
0.0
0.0
0.0
0.0
0.0
0.0
0.0
0.0
0.0
0.0
0.0
0.0
0.0
0.0
0.0
0.0
0.0
0.0
0.0
0.0
0.0
0.0
0.0
0.0
0.0
0.0
0.0
0.0
0.0
0.0
0.0
0.0
0.0
0.0
0.0
0.0
0.0
0.0
0.0
0.0
0.13699870108644732
0.26130638121722594
0.3451137690239078
0.4489282909767789
0.5526536242760955
0.6413830732830039
0.7143512259229385
0.7855005605643576
0.8444465133155721
0.9055089143620153
0.9558357207792885
0.9923954514703255
1.001726287986714
1.090435964495129
1.203953615746541
1.1587019257210291
1.1775310961456993
1.1983185930615854
1.2503205714005678
1.2949602134377383
1.340976424595122
1.3976350037999263
1.467715994207447
1.550971797623925
1.64320378018007
1.7528215064540178
1.883257679492491
2.022829429292781
2.1534066716027396
2.2640525477506435
2.353498500634001
2.4318469809554366
2.5027112719535944
2.562524044390322
2.619704406094479
2.6808659708413902
2.750317438310047
2.8290950265341923
2.908940617542862
2.986832409256738
3.067562160297776
3.1482616502757956
3.229317682836812
3.3109218406223886
3.392602642777263
3.4742567095505152
3.555780504764778
3.637113058851928
3.718411625295785
3.799971288300779
3.8821800040531196
3.9654376292561917
4.049604003074883
4.133864496468914
4.216781308996603
4.296056587596483
4.369226600008047
4.4342947677623
4.489532885794073
4.534794881044375
4.571053889916399
4.5997425846685225
4.622978931324074
4.642455125639133
4.6596459281378
4.675905823385715
4.691689088670001
4.707235875276755
4.7225499368224835
4.7375297901104405
4.752181468509089
4.766296312948308
4.779938384855383
4.793035452509443
4.805558482040863
4.817345080880063
4.828517397256404
4.8390701443117194
4.849001726816489
4.858302999580805
4.867049004016376
4.875384197096474
4.883351312049167
4.89098711969567
4.898330199340616
4.905419663207551
4.912287077468459
4.918854683489264
4.925132628166794
4.93099557651333
4.936459243522635
4.941615917740924
4.946659528504182
4.951502680588039
4.956167525605973
4.960679105347611
4.965171106169037
4.969506581648703
4.97306670952603
4.975642113476914
4.9780468957892205
4.981319911941746
4.989773759527182
4.998168288866164
5.00611694576021
5.0130674980967145
5.0196166553517045
5.025834662077483
5.031955940829806
5.038418261650979
5.045082172018205
5.051902851190942
5.059009870237012
5.0660800737384735
5.073127409001632
5.079759848962193
5.085732891995031
5.091086748013716
5.096345385512394
5.101745085977873
5.107483004685839
5.1137514034544775
5.120721348814765
5.128089560545958
5.135122174112731
5.141555582003504
5.147626644292024
5.153203277713967
5.1582954859528005
5.163037631178944
5.167654373903349
5.1721445109224815
5.176461859088306
5.180597797391043
5.184663826091889
5.188559432914119
5.192286430388422
5.195846578845196
5.199241579016531
5.202473067110419
5.205542601915722
5.2084516563289345
5.211201607671637
5.2137937489908
5.216230152067371
5.218555664853732
5.220775339095477
5.222895680446099
5.224985886241792
5.226992701817381
5.228922511968836
5.230781989415397
5.232578116055637
5.23431820594341
5.23600993009337
5.237661343231442
5.239280912610815
5.240877548995492
5.242460638584404
5.2440400833747765
5.2456263477787735
5.2472310582052994
5.248897860986353
5.2506418412356135
5.252478975330219
5.254426619651847
5.256531821980549
5.258786846031277
5.261212877936179
5.2638325982752
5.266669219768359
5.2697396155677385
5.272629210731005
5.253956823012646