0.0
0.0
0.0
0.0
0.0
0.0
0.0
0.0
0.0
0.0
0.0
0.0
0.0
0.0
0.0
0.0
0.0
0.0
0.0
0.0
0.0
0.0
0.0
0.0
0.0
0.0
0.0
0.0
0.0
0.0
0.0
0.0
0.0
0.0
0.0
0.0
0.0
0.0
0.0
0.0
0.0
0.0
0.0
0.0
0.0
0.0
0.0
0.0
0.0
0.0
0.0
0.0
0.0
0.0
0.0
0.0
0.0
0.0
0.0
0.0
0.0
0.0
0.0
0.0
0.0
0.0
0.0
0.0
0.0
0.0
0.0
0.0
0.0
0.0
0.0
0.0
0.15976971551482638
0.21273898522179177
0.20918555268072536
0.2541001891010234
0.3078916063737007
0.38038802148750916
0.47239810952801675
0.555527375709815
0.6417181541556083
0.7187590765173517
0.7927517068746661
0.8538454126015668
0.9164344021616918
0.9642485791495878
0.9973493502501158
1.1010052969517106
1.2211571489313644
1.171074346946764
1.1930920463073977
1.2108383063906538
1.2298177150639729
1.278405845508977
1.3257289469602962
1.3722947247253643
1.427427580499649
1.4934563178359452
1.5671568117497559
1.661332634994847
1.7849260104600424
1.9306332479936015
2.088815749134405
2.244146949333134
2.375124306536407
2.4710135385496574
2.5339212910769184
2.582842889477003
2.6316196620858703
2.6806903179801287
2.741860251066782
2.8177483358046387
2.8940187346542294
2.9655733068086754
3.0415155279411934
3.1163252089316
3.1909026030710117
3.2658206277110198
3.3402728246276276
3.414119480063924
3.4873092531834033
3.5594851568316814
3.630449605525706
3.7001992182678154
3.7688759249373107
3.8371453371675375
3.9055333937808214
3.974520500411843
4.043877303657482
4.112335160513758
4.177552340494325
4.236509583835406
4.2864841215417
4.32546077684945
4.3530470332592754
4.370892764778679
4.381642789945452
4.387858715186968
4.391697577677528
4.395120254037544
4.398627275658181
4.402406304330685
4.406628087235312
4.411191691917015
4.41588383044839
4.420585375454019
4.425121798879938
4.429305503341076
4.433155027362021
4.436605949144106
4.439735442386093
4.442455633063641
4.4448645095594435
4.446945078096205
4.4485596506615295
4.449769653377216
4.450759066176916
4.451644185448626
4.45251886281642
4.45342691756204
4.45439459178869
4.45530413605151
4.4560185814140425
4.456532353174625
4.4568357693961
4.456924758370705
4.456837162479074
4.456694352851426
4.456590705402848
4.45654305212203
4.456567321873169
4.4566612944754445
4.456750959932191
4.456714786398351
4.455998703984265
4.454723559528488
4.454146967539439
4.454718098332484
4.455948743905085
4.4565926335475226
4.456510599575002
4.456277822749333
4.455903533719252
4.455641748633607
4.4557098323358435
4.4560297055799225
4.456506103023779
4.45703987795255
4.457472905168296
4.457735899107875
4.457631424002024
4.4570208075418405
4.4560103058651634
4.454956938604507
4.454182242960536
4.4538069468321755
4.453913786011419
4.454439737152714
4.455015786411705
4.4551607212443
4.454754432262196
4.453902241309617
4.452688911195212
4.451112549190043
4.44930982337778
4.447505026692175
4.445685215666712
4.443806281325149
4.441859146383911
4.43984528674425
4.437738709411446
4.43556715463344
4.433359981456501
4.431120866961959
4.428853523094788
4.42656170532829
4.424249222014048
4.421919943065828
4.419577731396773
4.41722203424457
4.414563505386446
4.411877089051257
4.409164794675648
4.406428580732193
4.403670343637433
4.400891852607939
4.398094749891027
4.395280765229982
4.392451790702906
4.389609631882202
4.386755985182109
4.383892639913381
4.381021300676965
4.378143289869926
4.375259764526661
4.372372167698759
4.36948216190869
4.366591217643445
4.36370075914251
4.3608124851587124
4.357927968491616
4.355048469902486
4.352175583681411
4.349315079567334
4.346473352700313
4.343646384713984
4.340844737059802
4.337830057570281
4.319481803476221