0.0
0.0
0.0
0.0
0.0
0.0
0.0
0.0
0.0
0.0
0.0
0.0
0.0
0.0
0.0
0.0
0.0
0.0
0.0
0.0
0.0
0.0
0.0
0.0
0.0
0.0
0.0
0.0
0.0
0.0
0.0
0.0
0.0
0.0
0.0
0.0
0.0
0.0
0.0
0.0
0.0
0.0
0.0
0.0
0.0
0.0
0.0
0.0
0.0
0.0
0.0
0.0
0.0
0.0
0.0
0.0
0.0
0.0
0.0
0.0
0.0
0.0
0.0
0.0
0.0
0.0
0.0
0.0
0.0
0.0
0.0
0.0
0.05254303970077694
0.11284618412596395
0.1696013107466692
0.18910750696651
0.20333132586823788
0.22053229166388094
0.22134108600195176
0.27545900048812083
0.32835682390275056
0.3927910182490546
0.46790879699769083
0.5405507089882301
0.621300020592545
0.6977997942052645
0.7758306301247172
0.8432092515760939
0.9121184401940808
0.9709593967147986
0.9967063844517593
0.9884035729492762
1.0760510140949253
1.2001552763777839
1.158791952467342
1.1771236498995568
1.1995647554275604
1.2574033415073764
1.3018152464671446
1.3491784486626197
1.4069047378555866
1.4769775651037231
1.5599040257196841
1.6531423148022149
1.765296549320216
1.898198252802915
2.0398319098703603
2.1727141047493626
2.285364739118212
2.374249715389861
2.450579801823009
2.5211864379120215
2.5790596028194783
2.6342430063730906
2.6929064440229724
2.759378623174951
2.8368534348672276
2.9162791637466943
2.9917940019687825
3.071406768678668
3.1507119947074846
3.2304418141606024
3.3108690540237187
3.391278450641189
3.4716792930032554
3.5519138047392467
3.6318544900265124
3.711640070656794
3.791534361504641
3.871912766309835
3.9531577514859437
4.035442154957861
4.118116523963255
4.200053400545474
4.279226295617236
4.353373599027261
4.420234336363286
4.478040303375073
4.52621377059989
4.565279685897438
4.5964231061911995
4.621397105468396
4.6419586763469685
4.659678593758589
4.676017549568188
4.69161119093558
4.706732040077481
4.721631091299795
4.736387834097118
4.750742738334575
4.764623542480617
4.778080407368922
4.791031632090525
4.803438531998418
4.815127006743417
4.826210366741043
4.836677158102573
4.846521564694645
4.85573418104635
4.864390432537484
4.872629872221981
4.880491006671064
4.888012985986376
4.895238201132243
4.902207004412052
4.908949623697188
4.915386054539439
4.921423957524346
4.927164753299299
4.932514407466888
4.937563945812797
4.94239740874911
4.947147259382285
4.951725027806709
4.9561558848618805
4.960573350084299
4.964835714691039
4.968190387448657
4.97065503407092
4.97295946952203
4.976177638127247
4.984581815355662
4.992928614695781
5.000604388423274
5.007251999915387
5.013693357375739
5.0198123830226224
5.0258456809990735
5.032035183760211
5.0386323088033365
5.0453948203497045
5.052268526781414
5.059272015352414
5.066066762144006
5.072606149724409
5.078473816836512
5.083711503737021
5.088675555038572
5.093784990534155
5.099421131883631
5.105609976877902
5.112512799556514
5.119635163832777
5.126571517985142
5.132883925593525
5.138640468691615
5.144057827451877
5.148981176332022
5.153552842300119
5.158005395835358
5.162337179648914
5.166500564526394
5.17048453231942
5.174290664906795
5.1779204802756675
5.18137541691882
5.184656821655594
5.187765944077743
5.190703922182104
5.193471831123466
5.1960729748328305
5.198615998552642
5.201002050660196
5.203233447576078
5.205355171720784
5.207372459627912
5.20929074514544
5.211115672738271
5.212853096332028
5.214509012751479
5.216089563449924
5.217601302099767
5.219051330656898
5.220447037527737
5.221796072185136
5.223106611219232
5.2243871755325095
5.225646252744658
5.22689257392049
5.228136857328309
5.229450975616472
5.230820901539003
5.232261127874056
5.233787494278222
5.235416754171555
5.237166656142294
5.2390568277875875
5.241113510598653
5.243364941065406
5.245825951649944
5.248527693892607
5.25098388238432
5.230689145614687