0.0
0.0
0.0
0.0
0.0
0.0
0.0
0.0
0.0
0.0
0.0
0.0
0.0
0.0
0.0
0.0
0.0
0.0
0.0
0.0
0.0
0.0
0.0
0.0
0.0
0.0
0.0
0.0
0.0
0.0
0.0
0.0
0.0
0.0
0.0
0.0
0.0
0.0
0.0
0.0
0.0
0.0
0.0
0.0
0.0
0.0
0.0
0.0
0.0
0.0
0.0
0.0
0.0
0.0
0.0
0.0
0.0
0.0
0.0
0.0
0.0
0.0
0.0
0.0
0.0
0.0
0.0
0.0
0.0
0.0
0.0
0.0
0.0
0.0
0.0
0.05638594963198406
0.0743311097462514
0.06870806041389994
0.06878918154935669
0.07319730159171955
0.10985049732366307
0.16335712947284906
0.23278165138041093
0.29407078429050854
0.37125579326051944
0.4437743227499137
0.5262040132443625
0.5981869356154105
0.6812537897607748
0.7703270155705694
0.8217298568366089
0.8090216741677684
0.8147765676173914
0.914752448161229
1.0268093770870572
0.9839640417452944
1.0041974835212457
1.050723427868282
1.0928086695072918
1.1312325043726557
1.1770777240005306
1.2336164221681927
1.2997848700514496
1.3932906264957188
1.5164809266911905
1.6623508155307103
1.8261199681831932
1.9912995893009255
2.1330159496706482
2.237758948571258
2.3030862950578883
2.349562332200543
2.3977696356932676
2.4425426108372013
2.49932701096029
2.5742782013562153
2.6506098200274226
2.718607113487525
2.792620483281733
2.865215761325931
2.937968979187925
3.011164746363567
3.0837641875686077
3.1558122910133806
3.2271719365574487
3.2973129542335573
3.3661029387474115
3.4334671886569836
3.4994475493352972
3.5646002794091363
3.6293708689993096
3.6944814614275185
3.759953415273217
3.8249319265373196
3.8875429904120957
3.9450262714272384
3.9945954643631922
4.034008475368785
4.062326592834767
4.080852230942284
4.0914969907557595
4.096683671948744
4.098838637798152
4.0999494191795325
4.1007833507120885
4.101861574542879
4.103472926334043
4.1054597520954506
4.107715716392922
4.1100361334936935
4.112316015134289
4.114450406961293
4.116271847167717
4.117803497593854
4.119057271270082
4.120077992113369
4.120820755306908
4.121319683999105
4.121479900280435
4.121339466341026
4.120985614731443
4.120611153537822
4.120194127288359
4.119823641540468
4.119540648659318
4.11923946876752
4.118807478678012
4.118245520835253
4.1175114569989875
4.116629376921198
4.115632774997466
4.114631857085702
4.113710911754501
4.112882789490514
4.112159237354555
4.111515933065695
4.110883453475823
4.110149514698937
4.108802270555591
4.106967467524425
4.105807680080791
4.10514771235616
4.105062285860231
4.10445007953361
4.103213718129644
4.101890061442677
4.100545853702171
4.099329189109209
4.098401285751348
4.097762389227992
4.0972916940029975
4.096895088240156
4.096426264940802
4.095770729604872
4.094776879429947
4.093329009564255
4.09153399699687
4.089724143648315
4.088185179619768
4.087016857620681
4.086280049887739
4.085905355917223
4.085545717512518
4.084792160054076
4.083523397204254
4.081873098583401
4.079927937049863
4.077694897031193
4.0753326044430525
4.073022994524918
4.070750428885303
4.068181833842582
4.065581332924638
4.0629510880977975
4.060293184241587
4.057609626425641
4.054902341738343
4.052173182454227
4.049423927505423
4.046656283993946
4.043871888738743
4.041072309851556
4.0382590483359255
4.035433539703855
4.032597155604904
4.029751205462622
4.026896938111043
4.024035543259975
4.021168141560187
4.018295725997784
4.015419162938416
4.012539385161323
4.009657455978024
4.006774343050421
4.003890898948309
4.001008041903551
3.9981265862548585
3.9952469562313317
3.9923693903121418
3.989494329826242
3.9866222799816495
3.9837535527769625
3.980888607945807
3.9780282563220895
3.9751731985216288
3.972324113427984
3.9694821316827857
3.9666526527425643
3.9638411507453317
3.9610406866294676
3.9582641976268986
3.9553311142939824
3.9403064059348143