0.0
0.0
0.0
0.0
0.0
0.0
0.0
0.0
0.0
0.0
0.0
0.0
0.0
0.0
0.0
0.0
0.0
0.0
0.0
0.0
0.0
0.0
0.0
0.0
0.0
0.0
0.0
0.0
0.0
0.0
0.0
0.0
0.0
0.0
0.0
0.0
0.0
0.0
0.0
0.0
0.0
0.0
0.0
0.0
0.0
0.0
0.0
0.0
0.0
0.0
0.0
0.0
0.0
0.0
0.0
0.0
0.0
0.0
0.0
0.0
0.0
0.0
0.0
0.0
0.0
0.0
0.0
0.0
0.0
0.0
0.0
0.0
0.0
0.0
0.0
0.0
0.0
0.0
0.039809711549460114
0.04255020188175417
0.06832326725325942
0.10697497835902336
0.16189685642426255
0.21763759114304934
0.2881182787281741
0.3489602679793491
0.42500750627293044
0.4871222065812755
0.5500128970608545
0.6314861455253058
0.705832000209971
0.7055569899935801
0.7036316017618001
0.7451975324393127
0.8218082735089678
0.9010151232772174
0.9805230553866058
0.9662373511292358
1.0101191712400361
1.0542406703831435
1.1034359565232503
1.1640890103068147
1.2387913140750981
1.3257600666252127
1.4344394596308851
1.5674950147501716
1.7137663668972398
1.8545031356892496
1.9752626132346625
2.0681370274791506
2.144380814113113
2.216292572972101
2.273616104254016
2.3268835545665456
2.3820404806646884
2.4439467996743165
2.5201310913591652
2.5995732514347574
2.673141862597932
2.7514269413314545
2.8294426925645393
2.9083359928399926
2.9882843272330577
3.068363727152387
3.1486955942796677
3.2290314876530766
3.3091660323825116
3.389123363175073
3.469265367390881
3.5498738016911546
3.631389565056734
3.714060875218474
3.797665794155525
3.8812253365976312
3.9630729104310864
4.041053680643047
4.112888582029999
4.176335090564261
4.230593614308739
4.275524382497255
4.311733704351464
4.34098568181946
4.364751899550287
4.384762933473859
4.4024664598911745
4.418859724893178
4.434437886913175
4.44960427311358
4.464393202794396
4.478745121169282
4.492615494155531
4.506060051688352
4.5188570536337345
4.531114639588139
4.542798730045462
4.553730840092216
4.564040297598826
4.573720686453602
4.582786717098795
4.591311406246278
4.599403273709735
4.607091104783883
4.614288770006119
4.621172316743842
4.6279132454476555
4.634433186933596
4.640661202865188
4.646501491600973
4.651949401360291
4.657016491582625
4.661786275042771
4.666338226463514
4.670803900130936
4.675095357868898
4.679249931646647
4.683389136046389
4.687387106509014
4.690518162032233
4.692687352269798
4.694789973347661
4.697745318411305
4.705365544013917
4.713119092383679
4.720229957673779
4.726343758976539
4.732053061870731
4.737447386883506
4.742754083003408
4.748205558019449
4.754031349364772
4.760016785835632
4.766269995275272
4.772465585395937
4.77844063830353
4.784157183575245
4.789210398179028
4.793638967369917
4.79778128533798
4.802031912994246
4.80664919271582
4.81192831634909
4.817752988710469
4.823923385896343
4.829787456389926
4.835205865120358
4.8401451340545725
4.84464803428321
4.84866737158103
4.852339584774483
4.855885392218049
4.85930236756755
4.862544635773694
4.86560114983556
4.868472715031671
4.871159941961235
4.873663220486091
4.875982718980591
4.878119244105953
4.880116354805743
4.881977767728823
4.883707242037248
4.885308580672254
4.8867856320061165
4.888142291906683
4.889382506242713
4.890510273859465
4.891529650047974
4.892444750210508
4.893259739491925
4.893978760653134
4.894605924834525
4.895145555985114
4.895602311692894
4.895981484410059
4.896319921583182
4.896625565684165
4.8969066746567025
4.897171470184939
4.8974283828063845
4.89768657554977
4.89795584167824
4.898246316978412
4.898568933266758
4.898935757168244
4.899359491372232
4.89985361080497
4.90043307459103
4.9011191542885255
4.901934770094346
4.902888626193276
4.904009044712283
4.904906383272383
4.886560185531945