0.0
0.0
0.0
0.0
0.0
0.0
0.0
0.0
0.0
0.0
0.0
0.0
0.0
0.0
0.0
0.0
0.0
0.0
0.0
0.0
0.0
0.0
0.0
0.0
0.0
0.0
0.0
0.0
0.0
0.0
0.0
0.0
0.0
0.0
0.0
0.0
0.0
0.0
0.0
0.0
0.0
0.0
0.0
0.0
0.0
0.0
0.0
0.0
0.0
0.0
0.0
0.0
0.0
0.0
0.0
0.0
0.0
0.0
0.0
0.0
0.0
0.0
0.0
0.0
0.0
0.0
0.0
0.0
0.0
0.0
0.0
0.0
0.0
0.0
0.0
0.0
0.0
0.0
0.0
0.0
0.0
0.0
0.0
0.0
0.08982284739554303
0.13725520470348726
0.22369540010673275
0.2986086326807925
0.3558803025721773
0.42054098309125604
0.5338253175736235
0.5760048188102976
0.5828542883440924
0.6118679269444198
0.6713633335246242
0.7228403447752872
0.7770751436897808
0.7851791155928378
0.8252601759028585
0.8593606783959951
0.8938016270477915
0.93783604718886
0.9911385256747176
1.0733240024641764
1.18659398562573
1.324799177149504
1.4863372747371988
1.6543794040687645
1.8012663595100111
1.9113262483963096
1.9802963882678744
2.026618709631802
2.0730874866954054
2.1168124074664427
2.170980439512508
2.243385986924447
2.321115653521289
2.392624909747807
2.46898880373486
2.5447598981860926
2.621895220525749
2.700553732389253
2.779490351363106
2.85903142807703
2.93902527337221
3.0189499312925445
3.098605316931354
3.177852815820387
3.2567413478757796
3.335716968287882
3.415368701307001
3.496443333874106
3.57926829145939
3.663489586417458
3.7475481607323773
3.828969305765507
3.9047606773845813
3.971964205545926
4.028582498622229
4.0743029352266635
4.11028360917135
4.138295400933684
4.160516818987489
4.179157932828703
4.195357546530575
4.210300916807645
4.224590475892092
4.238375176146581
4.251801630335658
4.264880307096323
4.277494626158011
4.289637987903009
4.301103851005155
4.312029536029081
4.322289295474034
4.332000451979607
4.341167276366849
4.3496387378313415
4.3574895690028255
4.364716669195103
4.371455003474309
4.377754747701321
4.383777350225614
4.389597046985015
4.395266737734409
4.400703137567345
4.405805230652483
4.410574376890109
4.414985130835772
4.419019821821049
4.422805693883356
4.426368932408489
4.4298194351155145
4.433189349067661
4.436509740613253
4.439772749292175
4.4429765544839075
4.445933824907329
4.448065415238503
4.449498546104257
4.451515737211042
4.457032751567027
4.463121367462594
4.468570689543919
4.473068184130428
4.4771875507397585
4.480994476871217
4.484704836292889
4.4887065790764
4.49293270545934
4.497328776659909
4.501822862336727
4.506376437224791
4.510734582399262
4.514698732583344
4.518171458115992
4.521105451814033
4.523837399892046
4.526739102558938
4.5299822691994605
4.533724166646177
4.538041819423738
4.5425237830403375
4.5466497557075884
4.550305484237541
4.553470136492096
4.556193044259357
4.55843700168503
4.560339907922442
4.562152653479721
4.563872527469842
4.565456382303844
4.566832223355397
4.5680619137813085
4.569148322975011
4.570094228179726
4.57090230527045
4.571575120983841
4.572115122720715
4.5725246278191225
4.572805810875534
4.572960696454761
4.572991154278971
4.572899427737666
4.572718700361741
4.572423749253192
4.572046212024317
4.5715903754051554
4.571060558983678
4.570461050389094
4.569796103421069
4.569070165883441
4.568287980245367
4.567454330776461
4.566573580987432
4.565622254186603
4.564631680643037
4.5636064792431785
4.562551207863836
4.561470832265364
4.560370602562497
4.559255767269717
4.558131984661924
4.557005994834554
4.555912230798519
4.554859960761628
4.553859558531393
4.552926959602916
4.552079160103674
4.551319625836736
4.55067180674407
4.549828545900364
4.532443263230216