0.0
0.0
0.0
0.0
0.0
0.0
0.0
0.0
0.0
0.0
0.0
0.0
0.0
0.0
0.0
0.0
0.0
0.0
0.0
0.0
0.0
0.0
0.0
0.0
0.0
0.0
0.0
0.0
0.0
0.0
0.0
0.0
0.0
0.0
0.0
0.0
0.0
0.0
0.0
0.0
0.0
0.0
0.0
0.0
0.0
0.0
0.0
0.0
0.0
0.0
0.0
0.0
0.0
0.0
0.0
0.0
0.0
0.0
0.0
0.0
0.0
0.0
0.0
0.0
0.0
0.0
0.0
0.0
0.0
0.0
0.0
0.0
0.0
0.0
0.0
0.0
0.0
0.0
0.0
0.0
0.0
0.0
0.0
0.0
0.0
0.0
0.0
0.0
0.13266185197467406
0.17258957733504834
0.2850032003535695
0.36509128848953615
0.39319296742627685
0.41514693563363975
0.46340553019963127
0.4865699142636202
0.5136057730862872
0.5650076073351946
0.664882970740053
0.669658504137272
0.6976765581611253
0.7338681102163696
0.7782737788441406
0.853074169361393
0.9620401931916996
1.100781738170815
1.2675404664133698
1.4491720572107851
1.611856683362144
1.73453731597708
1.8112751123208077
1.8597013376052576
1.9045749433923163
1.945676091877843
1.9949904578241897
2.0628188399662313
2.1379443074665985
2.208275223988488
2.2822321695024637
2.3556532793492173
2.430439656901842
2.50646244890761
2.582430920188636
2.6588111170996593
2.7352921905134737
2.8113658589014827
2.8868098171041905
2.9613189198851493
3.0349343534118516
3.108021735453227
3.1810174724100344
3.2547623743516536
3.329666304661405
3.405474505193053
3.480951060998173
3.553735370755347
3.621103488397003
3.679956765865991
3.728417492654438
3.7659954907766777
3.7934969022424183
3.812789154826782
3.826282277179177
3.8361432856902278
3.843796390717912
3.850311939475134
3.8565761699320484
3.8626397403069945
3.8687108857284134
3.8746478732407015
3.880424670442511
3.8858744057928853
3.8909193194235274
3.8955393947107
3.8997974109757583
3.903604920933766
3.906965676662751
3.909942079929993
3.9124074839639746
3.91443493837042
3.916070736469038
3.917568432511396
3.9189153978979183
3.9202252820743593
3.921536691557439
3.922709554370966
3.9236962626209313
3.9244999813857993
3.925098099155602
3.9254756846808507
3.9256635028641345
3.925774878897865
3.9259015911678103
3.9260625849452526
3.9262758970712297
3.9265428507012783
3.926765872508906
3.92685927959566
3.9262996874266647
3.9251881622907243
3.924711845399105
3.9253519776542594
3.9265517615016545
3.92719388113544
3.927128444773123
3.9268980955485406
3.9265704463328177
3.926329213534465
3.926263145976577
3.9264760588131966
3.926825624550371
3.9272533678677006
3.9276146570983452
3.9277889714648158
3.927616961642163
3.9269655446845855
3.925931016634604
3.924844508238146
3.9240077560148245
3.9235350844425407
3.92350624046924
3.923839386612939
3.9242486729588038
3.9242606983526875
3.9237355965059546
3.9227949265029234
3.921517207942389
3.9199006630878457
3.9180695468317177
3.9162331826960783
3.9143796606183976
3.9124410724644956
3.9104627951700355
3.9084493852254654
3.906405450581795
3.904335660550006
3.9022447602431445
3.9001375176010296
3.898014664180815
3.895585389376217
3.8931236364605715
3.890631738368524
3.8881119429446453
3.885566414726335
3.8829972368159362
3.8804064128352365
3.877795868953128
3.8751674558026874
3.8725229389875624
3.869863940715845
3.8671919406995205
3.864508470267636
3.8618151792662876
3.8591136111252307
3.856405183002194
3.853691367745073
3.8509735262939144
3.8482526214886685
3.845529421581575
3.842804890083009
3.840080050240836
3.837355729731293
3.8346329012899454
3.8319128884893288
3.829196909087788
3.8264861633689753
3.823782309978802
3.821091255739207
3.8184190085779672
3.8157592842726578
3.8131253925924016
3.8103405686655365
3.796193520529203