0.0
0.0
0.0
0.0
0.0
0.0
0.0
0.0
0.0
0.0
0.0
0.0
0.0
0.0
0.0
0.0
0.0
0.0
0.0
0.0
0.0
0.0
0.0
0.0
0.0
0.0
0.0
0.0
0.0
0.0
0.0
0.0
0.0
0.0
0.0
0.0
0.0
0.0
0.0
0.0
0.0
0.0
0.0
0.0
0.0
0.0
0.0
0.0
0.0
0.0
0.0
0.0
0.0
0.0
0.0
0.0
0.0
0.0
0.0
0.0
0.0
0.0
0.0
0.0
0.0
0.0
0.0
0.0
0.0
0.0
0.0
0.0
0.0
0.0
0.0
0.0
0.0
0.0
0.0
0.0
0.0
0.0
0.0
0.0
0.0
0.0
0.0
0.0
0.0
0.0
0.06485381376406554
0.14344601873385787
0.25376643582343855
0.2861577625183337
0.3516838159991438
0.3844585643307228
0.4265119372954639
0.4479127954139576
0.46494111895393414
0.5455784979540683
0.545883699784336
0.5657518212009078
0.6048592554650165
0.6774558970285658
0.7768429086258395
0.9086938473539757
1.0755800223020486
1.26661013970864
1.442219507464261
1.5754611151223483
1.6588310207752452
1.7095230004417392
1.753682520124432
1.7933975251821022
1.8397068341740053
1.903700895248241
1.9766668521507398
2.046128651211244
2.1183464618904946
2.1903988725512913
2.2639517610409983
2.338649974715318
2.4132208098818757
2.488252830194956
2.5633295881171394
2.637918734035024
2.711716524269034
2.784516608728471
2.8561040752627096
2.9268540291448617
2.9971335125752057
3.0677701587788766
3.1391412427295147
3.211228856968161
3.2830839989784226
3.3526291786173843
3.417200063881217
3.474015173795611
3.520674306980905
3.55649044253432
3.582096993661982
3.599043578161145
3.609696229151445
3.6164238785881295
3.6208823305632922
3.624277690913009
3.627336862684384
3.630458617928073
3.633564465405676
3.6367989716080507
3.6399135611406517
3.6428275443947564
3.64545453154283
3.6477577806431927
3.6496933765364044
3.651307706533395
3.6526019083664902
3.6536060618636754
3.654230751624973
3.654469293623725
3.6544485702672422
3.654345063204581
3.6541408033315053
3.653941954820783
3.65375185791638
3.653535770351915
3.6532017258458267
3.652752322239676
3.652132584869122
3.6513574168876244
3.6504574170030324
3.649540874600464
3.6486619594559637
3.647864537043318
3.647161772758946
3.646531355527744
3.6459069116501843
3.6451783706635053
3.6438452069850094
3.642040148467331
3.6408705256222693
3.640133761001973
3.6399575448706694
3.6392663893888546
3.6379587724486893
3.636559257413524
3.6351046616066873
3.633794912566384
3.6327620666482012
3.631979623836595
3.6313568114187484
3.630802763554873
3.630175727457415
3.629364523075582
3.6282220470211612
3.6266355980211205
3.6247079800868436
3.6227330213200974
3.6210403592153746
3.619728441046687
3.6188579824980107
3.6183379310001964
3.617860871442484
3.6170089279977633
3.6156670539877402
3.6139663064962653
3.611992288310048
3.6097495643030353
3.6070970824958266
3.604477741721906
3.601878708795927
3.599261330976215
3.5966182043160413
3.5939516030156238
3.591263699539579
3.5885565631171588
3.58583216259837
3.583092370559766
3.580338965762278
3.5775736356189043
3.5747979786614397
3.5720135069958254
3.5692216487361477
3.566423750407708
3.5636210793099474
3.5608148258303682
3.558006105698917
3.5551959620280207
3.552385356550445
3.5495751148363777
3.5467659280713937
3.5439585357755536
3.5411537856729947
3.5383524199541907
3.5355550575494967
3.532762364457901
3.529974893799514
3.5271928173683116
3.524416118772143
3.521644957819513
3.5188795382013835
3.5161198519182495
3.513365951620893
3.5106181431107846
3.507876684605305
3.5051419308646787
3.5024146616786282
3.499699981354034
3.4970070581379313
3.4943340948487682
3.491693518479085
3.4889487579405984
3.476519870587049