0.0
0.0
0.0
0.0
0.0
0.0
0.0
0.0
0.0
0.0
0.0
0.0
0.0
0.0
0.0
0.0
0.0
0.0
0.0
0.0
0.0
0.0
0.0
0.0
0.0
0.0
0.0
0.0
0.0
0.0
0.0
0.0
0.0
0.0
0.0
0.0
0.0
0.0
0.0
0.0
0.0
0.0
0.0
0.0
0.0
0.0
0.0
0.0
0.0
0.0
0.0
0.0
0.0
0.0
0.0
0.0
0.0
0.0
0.0
0.0
0.0
0.0
0.0
0.0
0.0
0.0
0.0
0.0
0.0
0.0
0.0
0.0
0.0
0.0
0.0
0.0
0.0
0.0
0.0
0.0
0.0
0.0
0.0
0.0
0.0
0.0
0.0
0.0
0.0
0.0
0.046913350083332764
0.04974667637734971
0.20551260668172963
0.24941508786482092
0.32287991123859805
0.356380616780576
0.403533974583216
0.4219008815236411
0.4250967338010048
0.475505151651253
0.4952875569354083
0.5517448697327405
0.5750145366986066
0.6458663369757385
0.7427725349460422
0.8711995333867174
1.0335535646827774
1.2190482973661043
1.3888114170845918
1.5171072272881068
1.5974131162682588
1.6464011064790829
1.6893380747220192
1.729465963954592
1.7757654665783396
1.838231372775851
1.910499660903519
1.980537888750512
2.0528074565711334
2.1259499236814983
2.2011863254761326
2.2779773946102844
2.3553441609263155
2.433954954016261
2.5133493732333436
2.5930915418667952
2.673032371606149
2.7528676246462043
2.832466406139779
2.9120867492037585
2.992156412635844
3.0734239103493377
3.156466848773362
3.241427244853012
3.327739200726111
3.413638617895188
3.4965544557983104
3.5733527485402243
3.641275962629569
3.698906704121875
3.746033277664
3.7834177470721393
3.8129926477029343
3.8368613851095072
3.8565621056745654
3.8737986082250617
3.889707482535189
3.9045927758613006
3.9189511479989787
3.9327605334197324
3.9460851816242397
3.9589469091686555
3.9711415341667373
3.9826461303839618
3.99356499546082
4.003781050069526
4.013416363686523
4.022317611581737
4.030560370115364
4.038124506243919
4.045047175959882
4.051590770401627
4.05780845399783
4.063678964791504
4.069377780617564
4.0748336596626125
4.079956802705827
4.084751796636219
4.089183550855499
4.093224173323176
4.096900187482825
4.100338389882166
4.103654091866566
4.106884612484428
4.110162968475308
4.113384564862844
4.116455462581556
4.119272912136938
4.121323451569821
4.1225567320494205
4.124388680921377
4.129582261573873
4.135371697663242
4.140503988648132
4.144651702209707
4.148408525302076
4.151844099193893
4.155247840985553
4.158840863098596
4.162661411297002
4.16665633524295
4.1708621672538415
4.175022532959726
4.178981263828522
4.182531475573589
4.185458293976009
4.187818751950505
4.1899608178401175
4.192266367168131
4.194912567713555
4.198166021175069
4.2018903224222885
4.205764862422153
4.20936033290222
4.212350488176193
4.214820969601852
4.216868601259257
4.218461614920404
4.219747134517824
4.220878980110374
4.2219123814500055
4.222803989882756
4.2235456511944225
4.224140914471583
4.2245919941413606
4.224839342270824
4.224943000982192
4.224905296784747
4.224728330691834
4.2244140067413145
4.223966392518195
4.2234173315157575
4.222771265868945
4.222032629014364
4.221205837954714
4.220294798623297
4.219274786555507
4.2181767188810495
4.2170047104619
4.215762767948093
4.214454323544293
4.213054887797375
4.211594707344122
4.2100777138230505
4.208507307293061
4.206859435839299
4.205163612225985
4.203423524247243
4.201670320416918
4.199910014311332
4.19814898392545
4.196393672487062
4.19465095300582
4.192928419535548
4.191233984793991
4.189572020214904
4.187658724069234
4.185778782451696
4.183946444293434
4.1821606923614345
4.180442955204029
4.178507206665383
4.161238231109146