0.0
0.0
0.0
0.0
0.0
0.0
0.0
0.0
0.0
0.0
0.0
0.0
0.0
0.0
0.0
0.0
0.0
0.0
0.0
0.0
0.0
0.0
0.0
0.0
0.0
0.0
0.0
0.0
0.0
0.0
0.0
0.0
0.0
0.0
0.0
0.0
0.0
0.0
0.0
0.0
0.0
0.0
0.0
0.0
0.0
0.0
0.0
0.0
0.0
0.0
0.0
0.0
0.0
0.0
0.0
0.0
0.0
0.0
0.0
0.0
0.0
0.0
0.0
0.0
0.0
0.0
0.0
0.0
0.0
0.0
0.0
0.0
0.0
0.0
0.0
0.0
0.0
0.0
0.0
0.0
0.0
0.0
0.0
0.0
0.0
0.0
0.0
0.0
0.0
0.0
0.0
0.0
0.0
0.0
0.0
0.0
0.0
0.0
0.0
0.0
0.0
0.0
0.0
0.0
0.0
0.0
0.0
0.0
0.0
0.0
0.0
0.0
0.0
0.36330027649836505
0.4568578411685412
0.5718516124686164
0.6838850902336103
0.7820077170812035
0.8622280760323598
0.9287730471662674
0.9835040041586885
1.0259414004734118
1.0559964052802946
1.0706308939618956
1.068706218998636
1.0550540554957286
1.0358356090101926
1.0161093033492061
0.9988648756061803
0.9838264116426989
0.9706096229348267
0.9590723878925793
0.9488250532195039
0.9394280303597865
0.9307226837868786
0.9227612102216747
0.9157430952494497
0.9097558321897341
0.904604640205309
0.9001680047844727
0.8965018673779288
0.8934621285661694
0.8908338502618685
0.888558712645673
0.8865410947849731
0.8846489340172191
0.8828522008477478
0.8811677903510653
0.8795902411674889
0.8781145217999033
0.8767208761856098
0.8753709612336257
0.8740482573236008
0.8727660718941841
0.8715323237854997
0.8703452725840551
0.8692032641545683
0.8681004195564743
0.8670224456173852
0.8659607946273323
0.8649417423400576
0.8639893810970496
0.8631013930923723
0.8622756453536798
0.8615094745888356
0.8607760349723703
0.8600503236075208
0.859332240694336
0.8586216883027549
0.8579185795466681
0.8572290911807866
0.8565719075904555
0.855958844932201
0.8553887742917383
0.8548606470092525
0.8543675066011966
0.8538904010382261
0.8534167387231203
0.8528585855575492
0.8522446747890009
0.8517695350978959
0.8511416503186171
0.85062461844108
0.8500339235821474
0.8493693438987349
0.8487195685128729
0.8480938818552254
0.8475174838629246
0.8470057313476123
0.846547951573597
0.8461248096358271
0.8457190503316504
0.8453067123166786
0.8448718619253152
0.8443932841079578
0.8438582340772894
0.8432871590043108
0.8427331003009002
0.8422360328278736
0.8418065645669418
0.8414482582173142
0.8411421252996768
0.8408372105277058
0.8404696433798569
0.8400259250835383
0.8395302139241817
0.8389980670861299
0.8384322790401879
0.8378576374567592
0.837300045323814
0.8367564723004134
0.8362203911724689
0.8356902319234472
0.8351659260652771
0.8346474064863285
0.8341346068546046
0.8336274616813975
0.8331259065498925
0.8326298780920692
0.8321393139662162
0.8316541528350332
0.8311743343443094
0.8306997991021556
0.8302304886587728
0.8297663454867454
0.829307312961837
0.828853335344278
0.828404357760527
0.8279603261854958
0.8275211874252176
0.8270868890999528
0.8266573796277134
0.8262326082081967
0.8258125248071151
0.8253970801409111
0.8249862256618461
0.8245799135434514
0.8241780966663316
0.8237807286043117
0.823387763610914
0.8229991566061604
0.8226148631636875
0.8222348394981668
0.8218590424530208
0.8214874294884287
0.8211199586696103
0.8207565886553846
0.8203972786869907
0.820041988577168
0.8196906786993616
0.819343309762702
0.8189994730734992
0.818017554966682