0.0
0.0
0.0
0.0
0.0
0.0
0.0
0.0
0.0
0.0
0.0
0.0
0.0
0.0
0.0
0.0
0.0
0.0
0.0
0.0
0.0
0.0
0.0
0.0
0.0
0.0
0.0
0.0
0.0
0.0
0.0
0.0
0.0
0.0
0.0
0.0
0.0
0.0
0.0
0.0
0.0
0.0
0.0
0.0
0.0
0.0
0.0
0.0
0.0
0.0
0.0
0.0
0.0
0.0
0.0
0.0
0.0
0.0
0.0
0.0
0.0
0.0
0.0
0.0
0.0
0.0
0.0
0.0
0.0
0.0
0.0
0.0
0.0
0.0
0.0
0.0
0.0
0.0
0.0
0.0
0.0
0.0
0.0
0.0
0.0
0.0
0.0
0.0
0.0
0.0
0.027332686486300807
0.022549154754307094
0.12099663851757725
0.1732498620706682
0.27619020656168713
0.31663909635719134
0.38455013272047694
0.4135360465071087
0.4180263256662496
0.4654302440030606
0.47845658587623197
0.5077151124195958
0.5292931958729895
0.586654833938578
0.6784158054858979
0.8015502685708793
0.9606082893386196
1.1450421379381204
1.3146093146175328
1.442391137969422
1.52202938083266
1.5700824115374854
1.611820480898401
1.6514358216295264
1.6964547513186563
1.7565667730231946
1.8270140453883446
1.8958620288247496
1.9664710838291817
2.038691842313985
2.113212569549783
2.1893330053972826
2.2662981458481597
2.344814306990596
2.4243847367259153
2.5046117576647156
2.5854149718838015
2.666488750232142
2.7477351140444317
2.8293160510926803
2.911587125321147
2.995211004050116
3.0807870306215808
3.1686703252826596
3.258406805498329
3.3486576123087866
3.4372357211385287
3.521099780872489
3.597556321320074
3.6646478365262642
3.7216637682013727
3.7689697666224866
3.8079585385902885
3.840560931944103
3.8681656347338054
3.892542092575307
3.914918445059382
3.935866048223314
3.955913537536529
3.9752870928119477
3.993997417903313
4.011988268948059
4.029220549349226
4.045820340086339
4.06174942818332
4.07684981230524
4.091259473209828
4.104942326972898
4.1178336915601985
4.129755025503856
4.140972274683105
4.151641583151773
4.161824489384894
4.171631910396065
4.181150256329905
4.19031968475183
4.199037484603413
4.2073075699923566
4.215081138926418
4.2223156964289545
4.229050739105054
4.235421961083647
4.241690313887072
4.247777205679707
4.253728676214517
4.259548687119136
4.265261354430089
4.270624183884248
4.275109008990815
4.278554368160436
4.282573913836919
4.292052510587331
4.3022091683927455
4.311951196896776
4.320567301765294
4.328678381008721
4.336353511617132
4.343844657293113
4.351431740704134
4.3592357997458775
4.367445228818362
4.37581466350138
4.384193380001691
4.392601035437523
4.400598743477769
4.40788519433211
4.414461680458466
4.420668913030276
4.426964933571142
4.433795406688104
4.441221582851124
4.449300218284484
4.457916244127625
4.466298946535816
4.474313887933438
4.481828212461168
4.488860272205255
4.49533205117728
4.501364869354801
4.507197293375991
4.512830080437179
4.518211702886526
4.523327857667275
4.528244303447528
4.532965058982151
4.5374942064989305
4.541833313451098
4.545875247528242
4.549725243155277
4.553386590662081
4.556862599973191
4.560156593684519
4.56327190506206
4.566211868427224
4.568979814345384
4.571579064093283
4.574012947433156
4.576285725953841
4.578444712427172
4.580497766769904
4.582452997547744
4.584317754737684
4.586037725298691
4.5876808819989225
4.589256926719302
4.590776263158693
4.592249834368972
4.593688744495559
4.595104527668874
4.596509741995196
4.597917899019602
4.599343159215554
4.6008013589688606
4.602340746485824
4.603952847586222
4.60568745558541
4.607569510944012
4.609632173126619
4.611911810685676
4.614428976084509
4.617226480189155
4.6198697804126905
4.6025817819089925