0.0
0.0
0.0
0.0
0.0
0.0
0.0
0.0
0.0
0.0
0.0
0.0
0.0
0.0
0.0
0.0
0.0
0.0
0.0
0.0
0.0
0.0
0.0
0.0
0.0
0.0
0.0
0.0
0.0
0.0
0.0
0.0
0.0
0.0
0.0
0.0
0.0
0.0
0.0
0.0
0.0
0.0
0.0
0.0
0.0
0.0
0.0
0.0
0.0
0.0
0.0
0.0
0.0
0.0
0.0
0.0
0.0
0.0
0.0
0.0
0.0
0.0
0.0
0.0
0.0
0.0
0.0
0.0
0.0
0.0
0.0
0.0
0.0
0.0
0.0
0.0
0.0
0.0
0.0
0.0
0.0
0.0
0.0
0.0
0.0
0.0
0.0
0.0
0.0
0.0
0.0
0.0
0.0
0.0
0.15066259735655077
0.19285674095323854
0.29558629520140856
0.3291749731159887
0.33463043419706695
0.41294415240639004
0.41518633280196215
0.41128132063423606
0.4485929756750203
0.4854792275449679
0.5685007937282516
0.683891041764708
0.8414402075726847
1.0338241601846692
1.2156204131892745
1.3533853816891979
1.4391392884640968
1.4898637547248283
1.5323205793713093
1.571883658207788
1.6153146207023743
1.673357596677102
1.7425378015634931
1.8105134710033999
1.87976153695921
1.9512239634689197
2.0249675809374987
2.100207292534492
2.176341576420602
2.2540595812647997
2.332716385482164
2.4119989042355794
2.4918359298366397
2.571911506285087
2.6519834511392633
2.732099699850317
2.812579483898796
2.8940696311390743
2.977178389237345
3.062370602934971
3.149393816742704
3.237174947347272
3.323713009050742
3.4062778866718584
3.481991836810048
3.548747090567304
3.605503709833545
3.652300260510261
3.6903046684261827
3.7213465525059015
3.747039706719658
3.7691172612337374
3.7888347240188396
3.8070935486789366
3.824369442941809
3.8409206071431132
3.8568829905595243
3.872189710717017
3.8869436142154803
3.9009771242497595
3.914246910180391
3.926880370484415
3.938870063761057
3.950032172047508
3.960448571292761
3.969946164170264
3.978813411506029
3.98719744103268
3.995152040695665
4.002656984434851
4.009919090591211
4.016880598680919
4.023466743593211
4.029688209627579
4.035500715828945
4.040865374069093
4.045803128249086
4.050444479937487
4.054913813392586
4.059255201802283
4.063622123203171
4.067914008724238
4.07202534102925
4.075846109505741
4.078841432462233
4.080921147741303
4.083598595784213
4.090475003838207
4.097996669230663
4.104859209063236
4.110661013731817
4.116038623546138
4.121065067004134
4.125980302446088
4.131030771887811
4.136277884186204
4.141859373966829
4.147536287518152
4.153146781163794
4.158519297929281
4.163603964447468
4.167979794503254
4.171681365996998
4.175125883827495
4.17873237022612
4.18270629845313
4.18724383115191
4.192337525601187
4.197780439113891
4.20290221614895
4.207552957587642
4.211703371829813
4.215396221306791
4.218473025093555
4.221176354348867
4.223735615921354
4.226148631967228
4.228368166057647
4.230381591286184
4.232125744246543
4.233704048691805
4.235121048608545
4.236381295170013
4.237489313622532
4.238448303137083
4.239199133919476
4.239803824626859
4.240266126110952
4.24058970358649
4.240778100092766
4.240833533777092
4.240697171131482
4.240429201291069
4.240064409869898
4.239608391556119
4.239066197442126
4.2384139049979055
4.237684215796868
4.23688305963723
4.236016443680822
4.235089925348994
4.234080973487731
4.233022416324708
4.231920216858953
4.230780308144063
4.229608646598093
4.22838375622514
4.227138307902766
4.225879312512055
4.2246144063279765
4.223351371923223
4.222099030010531
4.220895269432408
4.219759956040159
4.218714776926158
4.217764092643732
4.216937504270634
4.215902751003987
4.198198810265816