0.0
0.0
0.0
0.0
0.0
0.0
0.0
0.0
0.0
0.0
0.0
0.0
0.0
0.0
0.0
0.0
0.0
0.0
0.0
0.0
0.0
0.0
0.0
0.0
0.0
0.0
0.0
0.0
0.0
0.0
0.0
0.0
0.0
0.0
0.0
0.0
0.0
0.0
0.0
0.0
0.0
0.0
0.0
0.0
0.0
0.0
0.0
0.0
0.0
0.0
0.0
0.0
0.0
0.0
0.0
0.0
0.0
0.0
0.0
0.0
0.0
0.0
0.0
0.0
0.0
0.0
0.0
0.0
0.0
0.0
0.0
0.0
0.0
0.0
0.0
0.0
0.0
0.0
0.0
0.0
0.0
0.0
0.0
0.0
0.0
0.0
0.0
0.0
0.0
0.0
0.0
0.0
0.0
0.15883233364128319
0.15835358284775755
0.17604537807312837
0.31548494004840133
0.3229325681852414
0.32973857732321465
0.3842667817845384
0.3570144223398163
0.345864876872707
0.3534859485834602
0.4011013835333909
0.4738044496048823
0.5676971219690174
0.6824046858408719
0.8439899869614613
1.0919667395871
1.3724905459460128
1.3963454878329544
1.4463324847012813
1.488010363034271
1.5272891871668763
1.5698526964638648
1.626228086470777
1.6938455335608016
1.7604870023240522
1.8280601719841607
1.8984780955897202
1.9711202603582392
2.0452769360492846
2.1205707216982463
2.197607801095215
2.275734436829436
2.354702877410132
2.4344648342535273
2.5146777998146836
2.5951108490690653
2.6758541265538343
2.7571004370244143
2.8394213923858773
2.923373262798236
3.00945578250264
3.097611298224152
3.1871375819906107
3.2763119155642593
3.362698112671535
3.443540877415536
3.5166613587384816
3.5806406193201976
3.6350086250882807
3.6805559710489004
3.718808939475132
3.751117368423809
3.7791631559160295
3.804342879607812
3.8276241639823416
3.8496718043008964
3.8706906152701728
3.890909288764367
3.910472694693522
3.9292058229255207
3.9471490328578103
3.9644047539732927
3.980955335566909
3.9966496330265966
4.011583538507023
4.025695017509603
4.038951924936765
4.05146217458751
4.0632173301086505
4.074413995903188
4.085170484581067
4.095583405872122
4.105609791023582
4.115165625524883
4.1242697003073
4.1330200288452055
4.141220447650157
4.148881681229676
4.1561336343116935
4.163110279029665
4.169865318275311
4.176600156797984
4.18317211391433
4.1895004375410485
4.195592125378094
4.200650586968032
4.204614580809181
4.20912915821111
4.219807929601283
4.2311861335384755
4.241920056026227
4.251454927649326
4.260443773376274
4.268953288600423
4.277241754596089
4.285612687608201
4.294410387350381
4.303411333757187
4.312570987561708
4.321969466033739
4.331202318740915
4.340242025402961
4.348549390197926
4.35613343481871
4.363330825542603
4.370614871356704
4.378251226836099
4.386724969030286
4.395910527506864
4.405728748966639
4.415371105030315
4.424494880875718
4.433122712023061
4.44146656436787
4.449250681250833
4.456604818325523
4.463592314833839
4.470385862247911
4.4769355119576995
4.4832268515976805
4.489258261756036
4.4950277352717976
4.5005328756540255
4.505772514306072
4.510812732724987
4.51565784936766
4.520312359219634
4.52478094124365
4.529068466864725
4.533180009594024
4.537120855900776
4.540896517447215
4.544512744739818
4.547975539513308
4.5512911119088395
4.554463510249488
4.557390515395356
4.560177841864424
4.562832602272087
4.565405574723541
4.567908456209801
4.5703536086916845
4.572754376732917
4.575124947615619
4.577479981697999
4.579834904065631
4.582206544441028
4.584613070664449
4.587072488279424
4.589543325150109
4.592105250677974
4.594781830398693
4.5975986544028915
4.6005853891598845
4.603812948386678
4.607327290104753
4.611157303846049
4.615356650274794
4.619462116973888
4.603078138216513