0.0
0.0
0.0
0.0
0.0
0.0
0.0
0.0
0.0
0.0
0.0
0.0
0.0
0.0
0.0
0.0
0.0
0.0
0.0
0.0
0.0
0.0
0.0
0.0
0.0
0.0
0.0
0.0
0.0
0.0
0.0
0.0
0.0
0.0
0.0
0.0
0.0
0.0
0.0
0.0
0.0
0.0
0.0
0.0
0.0
0.0
0.0
0.0
0.0
0.0
0.0
0.0
0.0
0.0
0.0
0.0
0.0
0.0
0.0
0.0
0.0
0.0
0.0
0.0
0.0
0.0
0.0
0.0
0.0
0.0
0.0
0.0
0.0
0.0
0.0
0.0
0.0
0.0
0.0
0.0
0.0
0.0
0.0
0.0
0.0
0.0
0.0
0.0
0.0
0.0
0.0
0.0
0.0
0.0
0.0
0.0
0.22146124789735888
0.27375866254486403
0.29150215849185346
0.3579718889227274
0.32874819484030854
0.31687735468481454
0.31769816945779805
0.35602644970372777
0.4183421976011469
0.5027875469259052
0.60974441308969
0.7278787660087537
0.8815138261967612
1.1174928302300824
1.4072199584308973
1.3783489298263414
1.4203577315096054
1.459639169045587
1.5011552863917845
1.555988282200921
1.622489178816193
1.6882837487136004
1.7545841870860088
1.824190756947283
1.895882841357379
1.9691428825952657
2.0436568023572734
2.119993489826865
2.197373100966812
2.275664172089282
2.354852837736879
2.4344756504192215
2.514333680627666
2.594463039196055
2.674977503481553
2.756383846085086
2.8392681242624302
2.9240329319581786
3.010822887894284
3.099099386226786
3.1875771273660005
3.2740160357854413
3.355799665623256
3.4307485703495617
3.497016593158817
3.55388715801252
3.601915742177153
3.6422941672942764
3.6761174369265284
3.705210044993661
3.73102883307721
3.754642080601285
3.7766747744799485
3.7977242318401276
3.817914343455528
3.8372662272580027
3.855818763836596
3.8737293535588218
3.8908245449267027
3.907224331553014
3.922775406235015
3.93757210247464
3.9515526608731353
3.9646808895634966
3.976915791365076
3.9885263648121523
3.999560942140371
4.010139185765099
4.0203621018844276
4.030196362432354
4.039571364461382
4.048508884595695
4.0569552974207905
4.064855022153962
4.072215240962227
4.079164670269051
4.0858414929095135
4.092447583027213
4.098908181944747
4.105231181285996
4.111441860270281
4.117291363898299
4.122109611054686
4.125838312045742
4.130113222099599
4.140316454497622
4.1512058153020535
4.161472124336521
4.170572427856319
4.179129569367703
4.187210307186936
4.195071423550352
4.203012460658872
4.211373112883983
4.21992725653289
4.228628082416616
4.237554814676627
4.246325428523794
4.2546870117214155
4.262528737345815
4.26965205050695
4.276395689953997
4.283228364955441
4.290405010045424
4.298199754508993
4.306868380033301
4.315938147016219
4.324996383385408
4.3335214778011935
4.341556881395975
4.349114770266642
4.356109927159875
4.362659417883728
4.369007136301964
4.375157259991074
4.381059593980718
4.3866995515533045
4.3920752701647645
4.397186070544044
4.4020957609617755
4.406696762468904
4.411095453504091
4.415295812877152
4.419301918515869
4.4231179475204225
4.426748176653348
4.430196983286132
4.4334688456176
4.436568346888087
4.439500111702219
4.442266449586222
4.444763451873021
4.4470954728551115
4.449310401529662
4.451416707599301
4.453423460233407
4.455340500359742
4.4571781956051115
4.458947428006538
4.460659866435571
4.462326567431357
4.463897237706446
4.465442340832828
4.466975548611785
4.468511466619771
4.4700654072316945
4.4716540867161125
4.473296543647792
4.475043812697356
4.476890727924371
4.478891972285661
4.481085284653966
4.483512276482256
4.486195107045442
4.489184581580451
4.492040365505931
4.475302673060947