0.0
0.0
0.0
0.0
0.0
0.0
0.0
0.0
0.0
0.0
0.0
0.0
0.0
0.0
0.0
0.0
0.0
0.0
0.0
0.0
0.0
0.0
0.0
0.0
0.0
0.0
0.0
0.0
0.0
0.0
0.0
0.0
0.0
0.0
0.0
0.0
0.0
0.0
0.0
0.0
0.0
0.0
0.0
0.0
0.0
0.0
0.0
0.0
0.0
0.0
0.0
0.0
0.0
0.0
0.0
0.0
0.0
0.0
0.0
0.0
0.0
0.0
0.0
0.0
0.0
0.0
0.0
0.0
0.0
0.0
0.0
0.0
0.0
0.0
0.0
0.0
0.0
0.0
0.0
0.0
0.0
0.0
0.0
0.0
0.0
0.0
0.0
0.0
0.0
0.0
0.0
0.0
0.0
0.0
0.0
0.0
0.09203249900865856
0.19448002587895316
0.1986458901734667
0.2951546526886307
0.2882819738074341
0.2763332133106843
0.284569478037604
0.3031850859621707
0.34128410300912376
0.4048365199477334
0.5099989735974146
0.6314540194775391
0.7656511147230549
1.025979464616069
1.3119262349193876
1.2962608926064458
1.3394655604042578
1.3790475312447756
1.4194915490818256
1.4727839348505123
1.538362833020027
1.6036019662593044
1.668857127927426
1.7377857798477618
1.8086448955167536
1.8810997713130597
1.9549158025135016
2.030545399982734
2.1071663050467326
2.1847151085820093
2.2631116166598906
2.3418884698810003
2.420834008600984
2.4999235908701274
2.5791832374771886
2.6590088804314074
2.7398852173865076
2.8223251485958025
2.906595537653864
2.9923636250897445
3.0785317907091323
3.163180765013567
3.243895992733679
3.318267525706381
3.384293656357144
3.4409693186170642
3.488542132538835
3.5278163622951864
3.560087226707241
3.587329742859084
3.610800086977449
3.6318038571170312
3.6510152313067876
3.669279545988444
3.6866227243549705
3.7032326802270523
3.7191284037039547
3.7342992579037215
3.748846427459581
3.7626101960781813
3.77571281102018
3.787958606904307
3.7994262071047378
3.8099438065259963
3.819763628268399
3.8290045563953012
3.837585721133927
3.8457685878555767
3.853650903276249
3.8611990140825627
3.868350389387155
3.875130347993261
3.8814889963650185
3.8873912178204835
3.89284926246192
3.897993038009428
3.9029516401093813
3.907769891387433
3.912491608488601
3.9171151200722663
3.9215376746697195
3.9257571006123455
3.9290311713986483
3.9313491125727698
3.9342538979348713
3.9415747452238716
3.9495644603411133
3.9569069501560867
3.9631660790448753
3.968962925589084
3.9743692498885106
3.9796501359717764
3.9850650139829935
3.9906825710430875
3.996469393463724
4.002542552454967
4.008576713750621
4.014393606906174
4.019760733409484
4.02458810980859
4.0285533234757676
4.032169265589581
4.035927362795029
4.040045316624993
4.044846276112444
4.050229619380218
4.055884329048336
4.061342914375186
4.066231200276459
4.070614929306718
4.074535473606664
4.077940203720158
4.080967519478675
4.0837414376367
4.086361853247418
4.088781969964844
4.090991139880419
4.092989603157628
4.094714502836127
4.096269634930509
4.097660100043263
4.098891000823912
4.099966112912347
4.100826615367534
4.101535212208393
4.102096297575979
4.102514180811252
4.102791844166785
4.102870753879271
4.102811544176682
4.102617458018646
4.102291618058914
4.101839399351637
4.101293962531424
4.100661112533742
4.099946361606923
4.09912675294562
4.098235435721848
4.097278699361834
4.0962631259474955
4.095194910967396
4.094051769542722
4.09286624228216
4.09164494635442
4.090394282751818
4.089092922580186
4.087774023722146
4.086445606914944
4.085115806304175
4.083793832456877
4.082518247622937
4.081310406135016
4.080193407667102
4.079170943983326
4.078275899605021
4.077177874739169
4.05987701618165