0.0
0.0
0.0
0.0
0.0
0.0
0.0
0.0
0.0
0.0
0.0
0.0
0.0
0.0
0.0
0.0
0.0
0.0
0.0
0.0
0.0
0.0
0.0
0.0
0.0
0.0
0.0
0.0
0.0
0.0
0.0
0.0
0.0
0.0
0.0
0.0
0.0
0.0
0.0
0.0
0.0
0.0
0.0
0.0
0.0
0.0
0.0
0.0
0.0
0.0
0.0
0.0
0.0
0.0
0.0
0.0
0.0
0.0
0.0
0.0
0.0
0.0
0.0
0.0
0.0
0.0
0.0
0.0
0.0
0.0
0.0
0.0
0.0
0.0
0.0
0.0
0.0
0.0
0.0
0.0
0.0
0.0
0.0
0.0
0.0
0.0
0.0
0.0
0.0
0.0
0.0
0.0
0.0
0.0
0.0
0.0
0.0
0.14937372172226246
0.14915556168602212
0.2836328781989403
0.2713061929315591
0.25892995652687967
0.25960144883538633
0.2664050276319995
0.29517509453584756
0.3515286828463454
0.4500099940445684
0.5623581369811022
0.6767930541943777
0.941924258215136
1.2873267350434054
1.272206789946814
1.317596144231995
1.3583450317036145
1.3985194054193126
1.451271793670123
1.5169627329628077
1.582515113076415
1.6474114268032785
1.7161589206813803
1.7864840575131202
1.8582341801104443
1.9312358839851593
2.0057533624251347
2.080959169002617
2.1568384230631046
2.2332557825137314
2.3096501290756724
2.3857786623617923
2.4614523846172998
2.536661119342509
2.6116575137163944
2.6869181429419786
2.7628364838941986
2.839812153954878
2.917654050797032
2.99548864718262
3.0715698176297073
3.1437156764972416
3.2096764928464023
3.267383921048073
3.315643468397003
3.3546977240620643
3.3853591454842413
3.4088314432566973
3.427220537292974
3.4420793889694905
3.454522027652685
3.4655370330975703
3.475756454834374
3.485362820339284
3.4944100924723727
3.503010497916505
3.511042627187301
3.5185559332191163
3.5256284933821123
3.532125547363762
3.5380175850743965
3.5432543450907144
3.5479196666610306
3.552022040427515
3.555657401759441
3.5589660569023467
3.561967570215785
3.5648277445293375
3.5674200075628972
3.569781941160257
3.5719377469168156
3.5738340696981052
3.5753691124045184
3.5766448280127654
3.577784311715006
3.5788967494857533
3.5800114339539832
3.5811560387614985
3.5823162538704025
3.583388269962705
3.584274813545924
3.584395327248723
3.5838295790899712
3.5839074441087093
3.5857038608611704
3.5880942675791156
3.5898501715616007
3.5906838587690366
3.591289110539225
3.5917413990114255
3.592188344757458
3.5928726347441047
3.5937979553807144
3.5948850570970405
3.5960459456283305
3.597187789328972
3.5981146730117546
3.5986432760833895
3.5986069296126253
3.5980331469804265
3.597333720398552
3.5968500253836733
3.596750517044009
3.5971419115467653
3.597950340755036
3.59884094189126
3.599317505547323
3.5992120489374964
3.598647505556266
3.597704011558267
3.596374465375496
3.5947935278538963
3.5931920284185472
3.5915324346574735
3.589798293548354
3.587954015715021
3.586029272751763
3.584027174784041
3.5819229822957115
3.579745559424584
3.577525840896912
3.5752693963700803
3.572981864987722
3.570668974837939
3.568336484668958
3.565985726280799
3.563326008379543
3.5606305168435997
3.557902094189408
3.555143467546835
3.5523572510199872
3.5495459355396077
3.5467118251351435
3.543857037974348
3.5409837196136142
3.538094117872565
3.5351903374639715
3.5322743182000638
3.529348034750966
3.5264133141406595
3.523471522699697
3.5205237880863356
3.517571391163538
3.514615557681399
3.511657235835959
3.508697587897473
3.5057381187162475
3.5027800482298863
3.4998247518194043
3.496874650781388
3.4939384970103347
3.4910253547974093
3.4881267511315746
3.4852618418710763
3.482232347080994
3.4678395283685597