0.0
0.0
0.0
0.0
0.0
0.0
0.0
0.0
0.0
0.0
0.0
0.0
0.0
0.0
0.0
0.0
0.0
0.0
0.0
0.0
0.0
0.0
0.0
0.0
0.0
0.0
0.0
0.0
0.0
0.0
0.0
0.0
0.0
0.0
0.0
0.0
0.0
0.0
0.0
0.0
0.0
0.0
0.0
0.0
0.0
0.0
0.0
0.0
0.0
0.0
0.0
0.0
0.0
0.0
0.0
0.0
0.0
0.0
0.0
0.0
0.0
0.0
0.0
0.0
0.0
0.0
0.0
0.0
0.0
0.0
0.0
0.0
0.0
0.0
0.0
0.0
0.0
0.0
0.0
0.0
0.0
0.0
0.0
0.0
0.0
0.0
0.0
0.0
0.0
0.0
0.0
0.0
0.0
0.0
0.0
0.0
0.13022146787596198
0.21067078892900656
0.2267927877472682
0.31993753616123394
0.3130211582152178
0.3022298733035278
0.31174444030618953
0.33298555508220784
0.3749154765057838
0.4430346080592554
0.552195282851349
0.6781985033300361
0.8207258620854047
1.0801312847289126
1.3449764967720057
1.3292374090362389
1.3715666641995192
1.411553737839508
1.4520599012092923
1.504814343783958
1.5696890053890429
1.6344144385373718
1.6983793967629277
1.7662906977886157
1.8356435599010277
1.9066512349371494
1.9792059120244538
2.05346525186266
2.1286984319689437
2.205040126390169
2.2823197124382517
2.3600821673014227
2.4381760995174995
2.516546846149238
2.595063601488055
2.6740183254362972
2.75375375767292
2.8347106005012983
2.917229066083523
3.0012697013016667
3.0863027612871248
3.170938427778352
3.253289086133946
3.331260454105678
3.402722692439596
3.4661419184111057
3.5212039781333284
3.568138810318806
3.6076465612292603
3.6412795994164484
3.6704278423688184
3.6964254007080846
3.7202897502716468
3.742630036602094
3.763875415208973
3.7841917259725784
3.8036597870456355
3.82229422844694
3.8402608384334913
3.85741039833347
3.8738577211862744
3.889399108805153
3.9041051699257903
3.9179434099421266
3.9310003726022487
3.943229784908159
3.9548100719090855
3.965870212007166
3.976523585194779
3.9867570182077423
3.9965272027277474
4.005870769443094
4.0147282930809425
4.023032717938721
4.030783561044061
4.038112511569257
4.04530789137917
4.052275260956349
4.059065597875488
4.0656878266088246
4.0721885753172815
4.078317229367843
4.083401375893965
4.087500480751141
4.092141244147454
4.1028064158833555
4.114167795166466
4.12487505029843
4.1343589510988075
4.143512125015811
4.152188696472194
4.160651383732156
4.1692053417527895
4.177964726145486
4.186930712689166
4.196293078903307
4.205684874700198
4.214913461955679
4.223948809711334
4.232244840788342
4.239805433745341
4.246965672487241
4.254203884512992
4.261790649359351
4.270218768888905
4.2793694843011645
4.289167951422993
4.298803413472554
4.30792824350687
4.3165569976313005
4.324694706968454
4.332268655848388
4.33939166559785
4.34631092214816
4.353032808211522
4.359507715889177
4.36572161087072
4.371673324524963
4.377361323586077
4.382783708906726
4.387939841338491
4.3928963938490035
4.397658472098632
4.402231350252509
4.406617874517926
4.410712161613478
4.41462075837485
4.418348574844313
4.4219006888689325
4.425282352820597
4.428499006535493
4.431556283600336
4.434460006370088
4.437216074831411
4.43982909409113
4.442241582418904
4.444563267206625
4.446805470890877
4.448980137623676
4.451100149065867
4.453179181790742
4.455231335204692
4.457271420340491
4.459315523766306
4.461379659547759
4.463419645924056
4.4655122231952795
4.467678566804604
4.469941074852558
4.472324819555054
4.474890024540813
4.477679043888777
4.480738325744738
4.484065364380502
4.487743685562817
4.491318443353559
4.475026044736612