0.0
0.0
0.0
0.0
0.0
0.0
0.0
0.0
0.0
0.0
0.0
0.0
0.0
0.0
0.0
0.0
0.0
0.0
0.0
0.0
0.0
0.0
0.0
0.0
0.0
0.0
0.0
0.0
0.0
0.0
0.0
0.0
0.0
0.0
0.0
0.0
0.0
0.0
0.0
0.0
0.0
0.0
0.0
0.0
0.0
0.0
0.0
0.0
0.0
0.0
0.0
0.0
0.0
0.0
0.0
0.0
0.0
0.0
0.0
0.0
0.0
0.0
0.0
0.0
0.0
0.0
0.0
0.0
0.0
0.0
0.0
0.0
0.0
0.0
0.0
0.0
0.0
0.0
0.0
0.0
0.0
0.0
0.0
0.0
0.0
0.0
0.0
0.0
0.0
0.0
0.0
0.0
0.0
0.0
0.0
0.0
0.16265703828078956
0.22824167505870394
0.2434788924672514
0.3298258498418645
0.32411776058449565
0.31213519751738256
0.32540252259609737
0.3499696092338591
0.39505304716656237
0.47277329441238153
0.5802363365945
0.70220962708135
0.8655322630609623
1.1067645971582534
1.391845064362154
1.3695844814415097
1.412000593390507
1.4525788616679152
1.4934386399826116
1.546358159132764
1.6114722563832762
1.676598573047987
1.740483966042992
1.8083890516952728
1.8774438367736273
1.9481610422211144
2.0204171655707936
2.094244702405099
2.1689774156313804
2.2447542568301655
2.3214420782014376
2.3985585799763482
2.4759732794211113
2.5535448341592715
2.6311453679237915
2.709063892255164
2.787526921402226
2.8669178604947767
2.9476037212305166
3.0296240601839246
3.1125450390959712
3.195362511980405
3.276347139668663
3.3534783604248224
3.4248277077973635
3.4887739013086367
3.544606393353366
3.592397680700797
3.632777248577552
3.6670796245479527
3.696632403474427
3.722671021651312
3.746391580993826
3.7684323247469917
3.789304826680753
3.8092233274042955
3.828294757979699
3.8465725477099033
3.8642021018355264
3.881035088953032
3.8971837736795742
3.912442324230651
3.926882996908409
3.9404735047682826
3.953293448852021
3.965284701682326
3.976618784449273
3.9874219891900213
3.9978097760012616
4.007777617134287
4.017293215980829
4.026398588081829
4.035035159972728
4.043133612482974
4.050690121431942
4.0578300263348295
4.064692665214255
4.071480324248091
4.078097603284179
4.084574253518674
4.090935846551279
4.096932751127849
4.101891986519339
4.105749039752659
4.110149687861157
4.120599946176352
4.131746851345639
4.14224491444326
4.151568708259313
4.160341559755187
4.168629868587944
4.176692152178381
4.184832570627566
4.193395867605924
4.202159326741491
4.211078692252208
4.220234087871135
4.229215862183858
4.237792530773646
4.245847991316231
4.2531793204306005
4.260123929215587
4.267155128831818
4.2745326521738765
4.282537691588028
4.291432585881622
4.300748033827307
4.310069101286017
4.318868039372617
4.327164433662941
4.334986843837867
4.3422474919652405
4.349061773222699
4.355675302346945
4.362093494049464
4.368266692980835
4.37418087137655
4.379834791239247
4.385226802516232
4.390353736898619
4.395169580285606
4.3997810595219855
4.404192307435706
4.408407582200158
4.412431269559762
4.416267885689049
4.419922080753565
4.423398643217061
4.4267025037354975
4.4298387433874975
4.432812534365401
4.435626787646444
4.438178260451739
4.440571894655395
4.4428562350593115
4.445040755134686
4.4471357478222036
4.4491520837287
4.45110120190555
4.452995388004649
4.454846363635523
4.4566043691708
4.458340848868458
4.460070365882742
4.461808433626724
4.463571194063207
4.46537627410198
4.467243221015804
4.46919257085246
4.4712490045507645
4.473468898958913
4.475894245237988
4.478572009340713
4.48152505068803
4.484811458684907
4.487974224771723
4.471432003812006