0.0
0.0
0.0
0.0
0.0
0.0
0.0
0.0
0.0
0.0
0.0
0.0
0.0
0.0
0.0
0.0
0.0
0.0
0.0
0.0
0.0
0.0
0.0
0.0
0.0
0.0
0.0
0.0
0.0
0.0
0.0
0.0
0.0
0.0
0.0
0.0
0.0
0.0
0.0
0.0
0.0
0.0
0.0
0.0
0.0
0.0
0.0
0.0
0.0
0.0
0.0
0.0
0.0
0.0
0.0
0.0
0.0
0.0
0.0
0.0
0.0
0.0
0.0
0.0
0.0
0.0
0.0
0.0
0.0
0.0
0.0
0.0
0.0
0.0
0.0
0.0
0.0
0.0
0.0
0.0
0.0
0.0
0.0
0.0
0.0
0.0
0.0
0.0
0.0
0.0
0.0
0.0
0.0
0.0
0.07864879023267184
0.10719307408441991
0.19900122183770824
0.25431185334820106
0.2710326450933135
0.34019521126736607
0.3152260697180761
0.30449986845723603
0.33022285690448155
0.37018450671916553
0.4343490569831003
0.5207518092278844
0.6295569323340882
0.7494813829969441
0.9071804138067366
1.1506762925254603
1.4464788642218802
1.4175432989289565
1.4595290003142363
1.5003629616739056
1.5414065648407225
1.5943163828537459
1.6594126220154377
1.724726927546309
1.7884065512177492
1.8561431664361676
1.92473008131319
1.995004440671987
2.066805530535645
2.140054020798586
2.214180167858273
2.2893921988272488
2.3654340400250127
2.441894861521814
2.5187197900269545
2.5956947161774235
2.6726606060955507
2.7498039063932618
2.8273318807844174
2.905586992287558
2.9850050737811307
3.0656177362155574
3.14713656930035
3.228769300722434
3.3090223895266173
3.3861298383136824
3.458066438350647
3.5232344266968356
3.5808226141321007
3.630565329101556
3.6729027312652787
3.7090075362687482
3.7400933848595073
3.7674685414016995
3.792304102966519
3.8153638449240654
3.836983289322656
3.857583863414343
3.877308719453913
3.8963614238809683
3.9145702593490164
3.932117440553198
3.9488369957324663
3.964802635186811
3.9799467990866946
3.9942301913390716
4.007583460677374
4.020226268388998
4.032180687225643
4.043570475341586
4.054512977302011
4.065011746150056
4.0750448800621655
4.084661792819684
4.093805007493411
4.102401802717606
4.1104481593958475
4.118219407371372
4.125706746530073
4.1329619220381595
4.140041111135581
4.147102078061123
4.153892312744645
4.160289058772593
4.165766050667887
4.170099181836833
4.174971769642907
4.186083932961393
4.197898474248665
4.209338285739042
4.219571948854456
4.229219466550723
4.23834312969288
4.247202562647298
4.256143787042292
4.265524125146697
4.275129227561184
4.28492164930409
4.294986055520845
4.304908733250508
4.314427832362572
4.32343808515845
4.331698709505332
4.339540646922109
4.3474472515165345
4.355715445775464
4.364646232297812
4.374520514447192
4.38487845051996
4.395299183175335
4.405238093071231
4.414703783271171
4.423696968182896
4.432119680635896
4.440079074867654
4.447823083901561
4.4553788368842575
4.462697560919556
4.469765998757115
4.476583967851286
4.483151086970303
4.489466737013701
4.495530024005437
4.501339740944127
4.506894379935759
4.512193755690233
4.5173049936680325
4.522233592048209
4.526985348102788
4.531566377738159
4.535983137175238
4.5402424469609715
4.544351518459822
4.5483179808941845
4.552149830450461
4.555852951969389
4.559326607822159
4.562679515602807
4.565920741484531
4.569059890369004
4.572108020037513
4.575120065163935
4.578112298066641
4.581101676313906
4.584106148256323
4.5871452752275745
4.590240056125452
4.593412629091658
4.596687172039302
4.600090262941309
4.603648541405164
4.607330200398657
4.611227564964193
4.615390501407404
4.61987533345162
4.624713302845694
4.630003906814407
4.6352431348765535
4.619530628944268