0.0
0.0
0.0
0.0
0.0
0.0
0.0
0.0
0.0
0.0
0.0
0.0
0.0
0.0
0.0
0.0
0.0
0.0
0.0
0.0
0.0
0.0
0.0
0.0
0.0
0.0
0.0
0.0
0.0
0.0
0.0
0.0
0.0
0.0
0.0
0.0
0.0
0.0
0.0
0.0
0.0
0.0
0.0
0.0
0.0
0.0
0.0
0.0
0.0
0.0
0.0
0.0
0.0
0.0
0.0
0.0
0.0
0.0
0.0
0.0
0.0
0.0
0.0
0.0
0.0
0.0
0.0
0.0
0.0
0.0
0.0
0.0
0.0
0.0
0.0
0.0
0.0
0.0
0.0
0.0
0.0
0.0
0.0
0.0
0.0
0.0
0.0
0.0
0.0
0.0
0.0
0.0
0.0
0.0
0.0
0.0
0.15062285751891305
0.22843008441639628
0.2624968688321634
0.3491941628431063
0.31669897120305635
0.3048976277053044
0.30603184669886285
0.3329938055172442
0.38257511410923845
0.44469213191683704
0.5146046355482223
0.6242707172996553
0.8760998606261177
1.32340661372061
1.3605794048757165
1.4241358823434223
1.470595072032425
1.5134373756118997
1.5538127094322185
1.6055747064959225
1.6710184038589322
1.7372815646818203
1.8006931696501542
1.868114608844981
1.9355524359398435
2.0041524447220924
2.073628006496745
2.1437034574359015
2.2138209041721284
2.2840977348116978
2.3541079566504073
2.423442439367287
2.491840757781426
2.5590109654324396
2.624779928206466
2.689141801090418
2.752190939741361
2.814194663922021
2.8754201319585944
2.936087398531514
2.9958326521238985
3.0539606003676614
3.109281939279322
3.160239139715206
3.2050289806336045
3.242398114951707
3.2718635380908525
3.2935060253912813
3.3081938260204145
3.3174924447353695
3.322965206088528
3.326088184027894
3.3279538135997164
3.3292422051233435
3.3303086910842388
3.3313792169711776
3.332435455166982
3.3333923464272432
3.3342692488234817
3.3349744785589137
3.3354908904905445
3.335739623541864
3.335661268777625
3.3352381841344934
3.334546929375185
3.3336414670503323
3.3326117306177556
3.3315157565937916
3.330423283543716
3.3293344475345923
3.3281955247491872
3.3270587904833735
3.3258383826771105
3.324509094111825
3.3230463507883385
3.3215823507803117
3.3202027461740613
3.3189361191199707
3.3177806339888334
3.3167258331025775
3.3156721792934687
3.3145378604160434
3.312810072766653
3.31061919553362
3.309110701795526
3.3077592409073255
3.3069641583166747
3.3056440595879715
3.3037121772178213
3.301680153991068
3.2996405036463528
3.297740082575998
3.2961331201577595
3.294785089081156
3.293597678665714
3.2925024150779314
3.2913553426552817
3.2900476632154536
3.2884345315065477
3.2864111226742345
3.2840927277065983
3.281815781764801
3.2798579368154392
3.278019130751016
3.276620298669368
3.2755599312858656
3.2745173427587395
3.27306618406898
3.2710944764356893
3.2687401075053786
3.2660920438416756
3.2631600140337724
3.2601021406805435
3.2570944138744045
3.2541223322342154
3.2511458094710313
3.2481568810904533
3.2451574467069277
3.2421492880393914
3.2391340684204684
3.2361133366380073
3.2330885318781375
3.230060986844167
3.2270319307355972
3.224002492069644
3.220973701328007
3.2179464934118185
3.2149217098879106
3.2119001010095154
3.208882327494485
3.2058689620420884
3.2028604904317453
3.1998573014695513
3.19685963003657
3.193867557698018
3.1908811963440833
3.187900745603378
3.1849262730747814
3.1819577096762
3.1789964858968855
3.1760540203035807
3.1731298809373802
3.1702235141321733
3.16733456448569
3.1644626478646622
3.161607114743765
3.158767568472547
3.1559439381581127
3.1531356459165085
3.1503422957040774
3.147565121183402
3.1448128206784065
3.1420947815023976
3.1394013166908272
3.136753194842917
3.1340084966593063
3.122286543716791