0.0
0.0
0.0
0.0
0.0
0.0
0.0
0.0
0.0
0.0
0.0
0.0
0.0
0.0
0.0
0.0
0.0
0.0
0.0
0.0
0.0
0.0
0.0
0.0
0.0
0.0
0.0
0.0
0.0
0.0
0.0
0.0
0.0
0.0
0.0
0.0
0.0
0.0
0.0
0.0
0.0
0.0
0.0
0.0
0.0
0.0
0.0
0.0
0.0
0.0
0.0
0.0
0.0
0.0
0.0
0.0
0.0
0.0
0.0
0.0
0.0
0.0
0.0
0.0
0.0
0.0
0.0
0.0
0.0
0.0
0.0
0.0
0.0
0.0
0.0
0.0
0.0
0.0
0.0
0.0
0.0
0.0
0.0
0.0
0.0
0.0
0.0
0.0
0.0
0.0
0.0
0.0
0.0
0.0
0.0
0.0
0.0
0.0
0.0
0.0
0.0
0.0
0.0
0.0
0.0
0.0
0.0
0.0
0.0
0.0
0.0
0.0
0.0
0.43246707474832335
0.5176525868654958
0.6321772173941438
0.7415539202116788
0.8347799978693345
0.9086048423017545
0.9679724023074453
1.0155124786974377
1.051310781948096
1.0757012755981998
1.0859911613326538
1.0812346728071196
1.0662131530037966
1.046742771708947
1.027513442964672
1.0107021216798442
0.9960335247714676
0.9831233209856659
0.9718364880277859
0.9617988377971289
0.9525843614653233
0.9440404958058498
0.9362208751371213
0.9293236699566915
0.9234368464216332
0.9183703084618451
0.914005442013449
0.9103979225732971
0.9074063825348961
0.9048195257915749
0.9025800848039799
0.9005940208035428
0.8987313804739636
0.8969626293242634
0.8953044206146256
0.8937513948241524
0.8922986112621419
0.8909266299727677
0.8895977107355341
0.888295597076199
0.8870333947921557
0.8858189033023749
0.8846504120650004
0.8835262946189464
0.8824407653664152
0.8813797571291989
0.8803348592021201
0.8793319335711836
0.878394688044945
0.8775208360651396
0.876708272710306
0.8759543710634979
0.8752327108349823
0.8745186898347321
0.8738122106248858
0.8731131775707459
0.8724215058944356
0.8717432720344703
0.8710968532259371
0.8704938671099357
0.869933197434737
0.8694138070964768
0.8689288495971401
0.8684596843582579
0.8679939281833069
0.8674451227762958
0.8668415348884978
0.8663744130235335
0.8657571667525381
0.8652489306617513
0.8646683264955233
0.8640151552707838
0.8633765926821301
0.8627617599379063
0.8621954118857752
0.8616926244093739
0.861242898744433
0.8608272312872322
0.8604286668688839
0.8600236686210034
0.8595965902568248
0.8591266044487861
0.8586012095346572
0.8580404988835444
0.8574965559219871
0.8570086154766632
0.85658707354041
0.8562354094622622
0.8559349729096201
0.8556357515078953
0.8552750747561924
0.8548397150812032
0.8543533956719694
0.8538313955497759
0.8532764714357315
0.8527129461860853
0.8521662222641024
0.8516333240647096
0.8511078502718161
0.8505882613381273
0.8500744898477921
0.8495664697263148
0.849064135656158
0.8485674231397011
0.8480762687236224
0.8475906099766017
0.8471103854676088
0.8466355347447551
0.846165998314696
0.845701717622564
0.8452426350324136
0.8447886938081698
0.8443398380950594
0.8438960129015103
0.8434571640815078
0.843023238317393
0.8425941831030894
0.8421699467277454
0.8417504782597814
0.8413357275313287
0.840925645123048
0.8405201823493199
0.8401192912437906
0.8397229245452708
0.839331035683969
0.8389435787680563
0.8385605085705504
0.8381817805165093
0.8378073506705275
0.8374371757245274
0.8370712129858321
0.8367094203655199
0.836351756367045
0.8359981800751237
0.835648651144873
0.8353031297911984
0.8349615767782973
0.8346239531933537
0.8342898527417247
0.833329622703101