0.0
0.0
0.0
0.0
0.0
0.0
0.0
0.0
0.0
0.0
0.0
0.0
0.0
0.0
0.0
0.0
0.0
0.0
0.0
0.0
0.0
0.0
0.0
0.0
0.0
0.0
0.0
0.0
0.0
0.0
0.0
0.0
0.0
0.0
0.0
0.0
0.0
0.0
0.0
0.0
0.0
0.0
0.0
0.0
0.0
0.0
0.0
0.0
0.0
0.0
0.0
0.0
0.0
0.0
0.0
0.0
0.0
0.0
0.0
0.0
0.0
0.0
0.0
0.0
0.0
0.0
0.0
0.0
0.0
0.0
0.0
0.0
0.0
0.0
0.0
0.0
0.0
0.0
0.0
0.0
0.0
0.0
0.0
0.0
0.0
0.0
0.0
0.0
0.0
0.0
0.0
0.0
0.0
0.0
0.05455346468637378
0.05487496097750926
0.16559586160065326
0.23314706291287818
0.25783929701114655
0.35246609300080795
0.3487471739617354
0.34484016277384566
0.37441764674613803
0.40185554177748317
0.47653250189956314
0.5843129585546907
0.7458506173736853
0.9583194221807072
1.1730054417706788
1.3415882438724387
1.4498052974575184
1.5117978423654295
1.5571865730106944
1.6000064325166141
1.6404398124157935
1.6922940445017935
1.7576141990910008
1.824073613961238
1.887330971063734
1.9547124141254346
2.021804946872802
2.090118075691594
2.1592787939681957
2.228936237899788
2.298664196269598
2.3685003177535053
2.438162747367338
2.5072223968590617
2.5754547868657713
2.6426442318069383
2.708434841254793
2.772982431386185
2.8362395041506723
2.898461163953642
2.9598832546221088
3.020759577941269
3.080829347300609
3.139635870845348
3.196065889621656
3.2487241659578117
3.295794015852179
3.3359391688663353
3.368546461366677
3.3933772882983915
3.411214496090679
3.4233415166149634
3.431287279266473
3.4363491288483914
3.4398404022282656
3.4425879612010837
3.4449792944196034
3.447269814194008
3.4494830053725845
3.4515692028330243
3.453524856963002
3.455278603035966
3.456703924899536
3.457835461703853
3.4586665835862678
3.4591246064156405
3.4592802030825442
3.4591820753047284
3.4588470055275877
3.458418717600209
3.4579212198747213
3.4573521653469217
3.4567448041619384
3.456094624092486
3.4553737225842545
3.454524719870765
3.4535516242455144
3.4525293753557453
3.451577169331898
3.450710974197065
3.449945359404746
3.4492569068853167
3.44854445033177
3.4477227993594526
3.4462662206910957
3.4443131701472756
3.443027405181089
3.4421337796973837
3.441830587189322
3.4409878923183266
3.4394989452671125
3.4378864597345586
3.4362461792750993
3.434731681478328
3.4335078850242264
3.432546734323772
3.431752713814111
3.4310302912990918
3.4302305708315077
3.429237073911896
3.427895544085822
3.4260885080977523
3.42392519195328
3.4217441905364017
3.419862980038776
3.418384554220635
3.4173718651592973
3.4167287602872674
3.416132337835967
3.4151452183065825
3.41364876630347
3.4117777632454733
3.4093261944857227
3.406570929127804
3.40367225119644
3.4008119035267925
3.3979762301275818
3.395124680563732
3.392249520996793
3.3893531513372306
3.386437850784267
3.383505776836771
3.380558968858694
3.3775993529195536
3.3746287448781236
3.37164885344258
3.368661283191184
3.365667537538183
3.3626690216301065
3.359667045158153
3.35666282507278
3.353657488186986
3.3506520736529852
3.347647535145819
3.3446447316619037
3.341644370092824
3.3386470071343695
3.335653240361383
3.3326637700407353
3.329679174715714
3.3266998924442515
3.323726398372431
3.3207590362628467
3.3177977369886547
3.3148422198273737
3.311892340215395
3.3089478447360134
3.306008122136011
3.303073756551721
3.300155713606432
3.297253398485162
3.2943664053150963
3.291496016798559
3.2886512262556526
3.2858417266734503
3.2830575287530426
3.2803198869340164
3.2774722111072507
3.264969665915386