0.0
0.0
0.0
0.0
0.0
0.0
0.0
0.0
0.0
0.0
0.0
0.0
0.0
0.0
0.0
0.0
0.0
0.0
0.0
0.0
0.0
0.0
0.0
0.0
0.0
0.0
0.0
0.0
0.0
0.0
0.0
0.0
0.0
0.0
0.0
0.0
0.0
0.0
0.0
0.0
0.0
0.0
0.0
0.0
0.0
0.0
0.0
0.0
0.0
0.0
0.0
0.0
0.0
0.0
0.0
0.0
0.0
0.0
0.0
0.0
0.0
0.0
0.0
0.0
0.0
0.0
0.0
0.0
0.0
0.0
0.0
0.0
0.0
0.0
0.0
0.0
0.0
0.0
0.0
0.0
0.0
0.0
0.0
0.0
0.0
0.0
0.0
0.0
0.0
0.0
0.0
0.0
0.04559511314182906
0.05202198501946296
0.11488049636340356
0.15386586032494334
0.22737975641997643
0.28323221416748434
0.3106353174842651
0.3829038730629668
0.38502982527940355
0.4032975039838053
0.42051106781046294
0.4791629365347939
0.562855130035916
0.6806298615650032
0.8490729089309896
1.0604186057876683
1.268609408017072
1.4317862931190826
1.537471231580642
1.5980934985210384
1.6422504168116514
1.6847772211031709
1.7249011782055714
1.7763617966822838
1.8412550827107845
1.907825525043924
1.970709437377739
2.0378252662127334
2.1043632301154047
2.1721472278517835
2.2407147393226383
2.3096620330986855
2.3787005704097397
2.447941557547343
2.517004820358652
2.5854333205548112
2.6532026703325173
2.719995931680453
2.7854531970463494
2.849606349265497
2.9125618211988575
2.974454975702891
3.035631887104785
3.0961204018004422
3.1559834765151855
3.2146130043089176
3.2711496756746445
3.3243001419793448
3.3724276973421747
3.4140101859940692
3.4482690971151553
3.47493825937577
3.494524569263702
3.5081995804922297
3.517445062218054
3.5236625699845114
3.528094256323114
3.5316633198522287
3.5347698410953114
3.537645540187109
3.5404197212822743
3.543137303733326
3.5456386086103113
3.5479384847495217
3.549960233973206
3.551616772218631
3.5529083810373066
3.5538644686174794
3.5544993149000152
3.5548576336825555
3.554955559805941
3.5549411046740893
3.554843021998134
3.55469336509851
3.5544252089127406
3.554116641463204
3.5537271383592395
3.5531659307359744
3.5524673756064185
3.551738713762907
3.5510712764671672
3.5504516918312374
3.5499257760864795
3.5494718100239164
3.5490190182787624
3.548451449684512
3.5472357604705533
3.5454601826253374
3.5443503603452684
3.543783920919407
3.543811124584636
3.5432898160980155
3.5421003217142597
3.540770983040098
3.539399642509717
3.5381725624248976
3.537205209016479
3.536500084824338
3.5359637112576223
3.5355019080213297
3.5349939117304734
3.5342947906112667
3.533246718851934
3.531698356849538
3.529783501846721
3.5278434075513814
3.526146761577109
3.5248240778081983
3.523941025078003
3.523428648155024
3.5229609651365137
3.522091487218131
3.5206944698342197
3.5189068289466015
3.5168179754839373
3.5144358125414845
3.5119238060582587
3.509465301893579
3.5067545013768995
3.5040196070467755
3.5012529993162365
3.4984573547889064
3.49563523092559
3.4927890644484174
3.489921174416744
3.487033766674223
3.484128936567729
3.4812086717005783
3.478274854705083
3.4753292660200223
3.4723735866591574
3.4694094009573972
3.466438199281732
3.4634613806944974
3.46048025555458
3.4574960478817705
3.4545098861655483
3.4515227450830044
3.448535447560699
3.4455488598700352
3.4425639557500642
3.4395815886216425
3.436602472751919
3.4336273649829705
3.430656894083123
3.4276912742725596
3.4247305108157757
3.4217747558370992
3.4188240601883475
3.4158781102911915
3.412936800631295
3.4100003185223
3.407068223490194
3.4041402059585555
3.401217733727121
3.398313008715553
3.395444186514638
3.392601084747431
3.38980524363138
3.3868891021657137
3.3738105188654206