0.0
0.0
0.0
0.0
0.0
0.0
0.0
0.0
0.0
0.0
0.0
0.0
0.0
0.0
0.0
0.0
0.0
0.0
0.0
0.0
0.0
0.0
0.0
0.0
0.0
0.0
0.0
0.0
0.0
0.0
0.0
0.0
0.0
0.0
0.0
0.0
0.0
0.0
0.0
0.0
0.0
0.0
0.0
0.0
0.0
0.0
0.0
0.0
0.0
0.0
0.0
0.0
0.0
0.0
0.0
0.0
0.0
0.0
0.0
0.0
0.0
0.0
0.0
0.0
0.0
0.0
0.0
0.0
0.0
0.0
0.0
0.0
0.0
0.0
0.0
0.0
0.0
0.0
0.0
0.0
0.0
0.0
0.0
0.0
0.0
0.0
0.0
0.0
0.0
0.0
0.04496741477423448
0.0487864321947857
0.12231872012284781
0.15356351950846614
0.20414636757579951
0.2458200436159144
0.3016462211304904
0.34908497443539205
0.37729912774582686
0.4341807186688881
0.4467587286180126
0.4914047034232167
0.5126859091876583
0.5800294465668699
0.6736659429546451
0.801375247952589
0.9749663448454463
1.1818066009900197
1.3797612605669136
1.5342369515320105
1.6350201728142035
1.6927644435444065
1.7348380407966448
1.7769068903456757
1.8168564917013863
1.8682247604218531
1.9341844263452457
2.0014077769436893
2.064364141500941
2.1316718906192107
2.1982701752000673
2.2663219679208586
2.335203524326892
2.4044932422248566
2.4741276728298827
2.544116819055242
2.614088177103467
2.6837456454259967
2.7529117662098725
2.8213537623338447
2.8888342118666017
2.955371514551662
3.020846812114826
3.0855657291589846
3.1497070225015653
3.2135495423429297
3.277067110233225
3.339894509538005
3.401107394213271
3.459634821951448
3.5138446426148437
3.5621797579507453
3.603660297294928
3.637488411280477
3.664079306026869
3.684436615132117
3.699775887085315
3.7114257251699923
3.7207711676143913
3.7286855560713503
3.7357257167258315
3.74231981707625
3.748599261080504
3.7546574540727913
3.7604385215133247
3.7659103742704443
3.7710017051949682
3.775623141951399
3.779705699173562
3.783315457613141
3.786439649580212
3.789125514740776
3.7914769499785987
3.793516011606047
3.7954171185727485
3.7970834269866867
3.7986213761059213
3.800064847904659
3.801351472908462
3.802416656310946
3.8032094293426977
3.8038948142130304
3.804575008480361
3.8052744856347123
3.8060162590276603
3.806783759351578
3.8075265688519435
3.8080989958398725
3.807935296434564
3.807128382073665
3.806967826097323
3.808280848585581
3.8102035571200403
3.811536383584919
3.8120262393644424
3.8123146022685224
3.8124757241691993
3.8127137414996533
3.81320124335527
3.8139336948596756
3.814827352202661
3.815790656555085
3.8166678337489257
3.817323954371992
3.817580876028402
3.817282704523295
3.8165232763665022
3.8156853525438863
3.815101189338836
3.814902018286412
3.8151847063914746
3.8158698631366743
3.816624623925
3.8169932340196655
3.816789697146985
3.8161382462823776
3.815090650149946
3.8136686582458648
3.8120338114331243
3.8103573457139794
3.8086552424344227
3.8068847460429445
3.8050098287457352
3.8030593482460455
3.801035643240458
3.7989138249697514
3.7967498337195322
3.79454856370951
3.792314958298008
3.790054025519551
3.787770853710783
3.78547055147074
3.7831538865413163
3.780530610382528
3.7778741950826187
3.775187175747381
3.772471994165141
3.7697310008599874
3.7669664447838174
3.7641804100778207
3.7613748168147487
3.7585516313851097
3.755712940156935
3.752860706655943
3.749996749807053
3.747122941317992
3.7442410248562847
3.741352305803318
3.738457870663245
3.7355589742722883
3.7326567782283093
3.7297520678124347
3.72684587102244
3.7239395595689166
3.721033861184514
3.718129676943947
3.715229862171004
3.712346217069472
3.7094914999508783
3.7066558399447382
3.70386408470703
3.700893168962329
3.685781741378523