0.0
0.0
0.0
0.0
0.0
0.0
0.0
0.0
0.0
0.0
0.0
0.0
0.0
0.0
0.0
0.0
0.0
0.0
0.0
0.0
0.0
0.0
0.0
0.0
0.0
0.0
0.0
0.0
0.0
0.0
0.0
0.0
0.0
0.0
0.0
0.0
0.0
0.0
0.0
0.0
0.0
0.0
0.0
0.0
0.0
0.0
0.0
0.0
0.0
0.0
0.0
0.0
0.0
0.0
0.0
0.0
0.0
0.0
0.0
0.0
0.0
0.0
0.0
0.0
0.0
0.0
0.0
0.0
0.0
0.0
0.0
0.0
0.0
0.0
0.0
0.0
0.0
0.0
0.0
0.0
0.0
0.0
0.0
0.0
0.0
0.0
0.0
0.0
0.0
0.0
0.10961723703225307
0.14251150206345403
0.1982201901768566
0.23553265294737183
0.28541876227042
0.32975823910248264
0.3862209230063663
0.4381807197045044
0.45734083037652334
0.4936486746787369
0.5172501718828777
0.5810757481890332
0.5961197187467924
0.6607611289810408
0.7612106560760437
0.8952905861870204
1.0720830559046837
1.2768079792786957
1.4699441391412733
1.6206812002031914
1.7197376514533287
1.7759638342976511
1.8161514024188499
1.8576734326558908
1.8968263352201937
1.9483091907745982
2.014427116825394
2.0821496876203445
2.1445714539744163
2.211457184743143
2.277502381121964
2.3450386887015497
2.4133452045016943
2.482064341524633
2.551092130662036
2.6204684302782786
2.6898202435021266
2.758908315677063
2.8276509243720866
2.895726386844072
2.9629026297502596
3.029080544037272
3.094294269835213
3.15872910087317
3.222540289489983
3.2860098084843266
3.3491536408266684
3.4116826318434477
3.472765414465931
3.5314168902382166
3.586067130666681
3.635270250686824
3.6777473487726557
3.7128494162189885
3.7407121588944374
3.762258031290884
3.7786438364547834
3.7913225735035154
3.801422659394511
3.809967336641808
3.8176953844621315
3.824930450380306
3.831821436332763
3.8384826182477894
3.8447484551496833
3.850680959757397
3.8563186340503335
3.861478632690587
3.866090872616046
3.870219823940653
3.873834268804824
3.8770860551807402
3.8799079428280274
3.882491802246751
3.884843315224802
3.8870378444467244
3.8890621880766383
3.89086187833813
3.892491259910156
3.8938876341439275
3.8950536625993424
3.8961014522377537
3.8971334526351975
3.8981752923652793
3.8992511815671436
3.9003449643186174
3.901355962549666
3.902243905478516
3.902396297256266
3.901897563744896
3.9020323496549487
3.9039073389986467
3.906352676140114
3.9081793743813487
3.9091808814972757
3.9099081992927087
3.910493850729698
3.911141831078492
3.912028196197956
3.9131539777333093
3.9144404404114588
3.915800904076564
3.917146343058086
3.9182844975886804
3.919037755386374
3.919246681516801
3.918998630872472
3.9185763602146886
3.918367484862928
3.9185042588666907
3.919119351709023
3.920170150536599
3.921303267030961
3.922035921246063
3.922232682862235
3.921955194229485
3.921307093176058
3.92028052124324
3.919032825402439
3.917734016598858
3.9164017725015783
3.9149947130900014
3.9135051082660235
3.911907973650535
3.9102326971865655
3.908481898981215
3.906630277863592
3.904706146611562
3.9027118130087577
3.9006498288174267
3.898550245684929
3.896417663979936
3.8942567374155126
3.8920721876310274
3.8898688188185164
3.8876514614717235
3.885420810508152
3.882887302000721
3.880324032648391
3.8777333556991596
3.875117470068412
3.8724786295574005
3.8698192179288937
3.8671415087085235
3.8644476430659016
3.8617398267429244
3.859020151833631
3.85629028801085
3.8535516996268644
3.850806032035346
3.8480548542677133
3.845299377878888
3.8425410726376654
3.8397817712739237
3.8370226902057483
3.834265240387361
3.8315128065731887
3.828777698909017
3.8260732570903615
3.823390398512421
3.820754264654726
3.8179340640384423
3.8026227540316313