0.0
0.0
0.0
0.0
0.0
0.0
0.0
0.0
0.0
0.0
0.0
0.0
0.0
0.0
0.0
0.0
0.0
0.0
0.0
0.0
0.0
0.0
0.0
0.0
0.0
0.0
0.0
0.0
0.0
0.0
0.0
0.0
0.0
0.0
0.0
0.0
0.0
0.0
0.0
0.0
0.0
0.0
0.0
0.0
0.0
0.0
0.0
0.0
0.0
0.0
0.0
0.0
0.0
0.0
0.0
0.0
0.0
0.0
0.0
0.0
0.0
0.0
0.0
0.0
0.0
0.0
0.0
0.0
0.0
0.0
0.0
0.0
0.0
0.0
0.0
0.0
0.0
0.0
0.0
0.0
0.0
0.0
0.0
0.0
0.0
0.0
0.0
0.0
0.0
0.0
0.08620153073976211
0.11593024116285607
0.1753407885457316
0.2124106175164953
0.26252075110959927
0.30518652332668955
0.3615244464976834
0.41756543544311175
0.4575919185348328
0.5217265759358
0.533809233791677
0.5587128826923179
0.5916048402054873
0.6472427597917945
0.7410406357555052
0.8755143111860312
1.0570872881701743
1.2741398603172365
1.4838690774592687
1.6496491850424306
1.7589464848560117
1.8187278210047544
1.857290185867145
1.8968825954504878
1.931740831992318
1.9791901761725845
2.0426853700402825
2.1079893693172354
2.1655321381190134
2.2273932262101055
2.287386402821687
2.34806846593786
2.4086444197940726
2.4685960748248843
2.5278358444326963
2.586397259097881
2.643729689805896
2.6996690518437374
2.7539496978661893
2.8061990355822815
2.8562170831123086
2.9039879982073056
2.9493722813051675
2.9924986062054724
3.033579220005019
3.072677426125031
3.110044677120361
3.145484021297844
3.1784787701500443
3.2082085580096713
3.233472832073714
3.2531875362781277
3.267008767594833
3.2746868600730594
3.276882004756568
3.2749046458670175
3.2699632348757883
3.263427631725612
3.2565302409566437
3.2499270027886396
3.2438848855902043
3.2386064145565134
3.234031910250532
3.229970228280478
3.2263154773874905
3.2229029841331553
3.2196724082700676
3.216501894909885
3.2133289717095272
3.210118472115604
3.2069147093790615
3.203739006466909
3.20059637681643
3.1975549908657768
3.1946646593310675
3.19190377547566
3.1892357669251155
3.186694472322331
3.184219118050658
3.1817559809450895
3.179307150599228
3.1769567236197727
3.174767290890238
3.1725979133217184
3.170589661846106
3.168714707992084
3.166884407735358
3.1650317774949697
3.1627250712192336
3.1601000015167373
3.1581087052524732
3.155620045636004
3.153656285079304
3.1512758162813124
3.1484530067089436
3.145645022276896
3.1429058850087626
3.1403758803120274
3.138148004985931
3.1361779678923303
3.134372068118406
3.1326430752797614
3.130865185626599
3.128949638349799
3.1267780651048036
3.1242738761596263
3.1215417399213554
3.1188666113274155
3.1164725727738287
3.114427199912104
3.1127600987990003
3.111374034320775
3.1099919059713677
3.1082597325701435
3.1060952308593635
3.1036234160774305
3.100924256402436
3.0980096643164012
3.095015436809426
3.0920869035904777
3.0892087431103072
3.086345202968904
3.0834878950722113
3.080636748454408
3.0777916769532467
3.074960550871972
3.0721482353862637
3.0693545297131997
3.066579236225723
3.0638221603864753
3.0610831106833807
3.058361898566919
3.0556583383890366
3.052972247343635
3.0503034454086033
3.0476517552893285
3.0450170023628336
3.0423990145407744
3.0397976136003906
3.0372125693688066
3.0346436002734216
3.0320905200082833
3.0295532826042306
3.0270318064963684
3.024525960061378
3.0220356990263704
3.019560935152758
3.017101318828623
3.014656396957379
3.01222588324593
3.009809467280485
3.007406613914433
3.0050170002677694
3.0026405788491366
3.0002768738320045
2.997925559387573
2.9955876710986216
2.993270542059467
2.990982121065163
2.98871421406391
2.986484724092596
2.9841904765580587
2.9745684515488264