0.0
0.0
0.0
0.0
0.0
0.0
0.0
0.0
0.0
0.0
0.0
0.0
0.0
0.0
0.0
0.0
0.0
0.0
0.0
0.0
0.0
0.0
0.0
0.0
0.0
0.0
0.0
0.0
0.0
0.0
0.0
0.0
0.0
0.0
0.0
0.0
0.0
0.0
0.0
0.0
0.0
0.0
0.0
0.0
0.0
0.0
0.0
0.0
0.0
0.0
0.0
0.0
0.0
0.0
0.0
0.0
0.0
0.0
0.0
0.0
0.0
0.0
0.0
0.0
0.0
0.0
0.0
0.0
0.0
0.0
0.0
0.0
0.0
0.0
0.0
0.0
0.0
0.0
0.0
0.0
0.0
0.0
0.0
0.0
0.0
0.0
0.0
0.0
0.0
0.0
0.06523207706703568
0.08990658374150513
0.1570695111609627
0.1961296891163133
0.24974193848227505
0.29627625847222083
0.3628123373841375
0.42133273958441386
0.45738505850564454
0.5166258009072738
0.5214210526562915
0.5431676864841876
0.5735777867303066
0.625342998622787
0.7106022197045595
0.8411502016486947
1.023171219612807
1.2454638580105153
1.4635860624416297
1.6370955153559175
1.751375665086356
1.8115450478919053
1.846853887509062
1.8839741527483571
1.9150117594892369
1.9604730957163348
2.0233963720760313
2.087486266405565
2.1416536215762574
2.200081428722426
2.2561552810712793
2.3126500902249956
2.368643184372661
2.4234563633261694
2.477256345898827
2.5297621575404055
2.580534922072873
2.629405836086366
2.676258307523028
2.7206827009837955
2.762429076270822
2.8013027757690225
2.8374101928328717
2.8708132686535146
2.901738750506163
2.93050832579791
2.957116124102777
2.981571465797434
3.0033378627887655
3.0218282634729343
3.036195641524695
3.045651828990532
3.0498990171768847
3.048969996666179
3.0435524920560835
3.035017604413677
3.024674635125314
3.013724109647362
3.0031671272254963
2.993528668594119
2.9849946700588026
2.9775960627787135
2.9711672837731355
2.965494959414697
2.9603931058763653
2.9557024523807054
2.9513279192803465
2.9471543535415865
2.9431015945161274
2.9391280500685437
2.935124288186264
2.931239519991702
2.9274726235766786
2.92387927735058
2.92049798444612
2.91728998110586
2.9142297215596953
2.9113189512814905
2.908498207042093
2.90571587521395
2.902971921735609
2.9003406119323927
2.8978769534947877
2.895580440625148
2.8934503775201006
2.8914586542124896
2.8895226787772414
2.8875821684362286
2.8852435876390152
2.882637651107233
2.8806294076917713
2.877994468042069
2.8758520660778553
2.8733415412951957
2.870453046817963
2.867602418581146
2.8648369510117795
2.862281146141193
2.860014287279045
2.8579909151836005
2.8561220485407492
2.8543260886989064
2.85248737691498
2.8505261098055854
2.8483356101457886
2.845849387313662
2.843183292041265
2.840588663790936
2.8382532531496967
2.8362294938743164
2.8345360800365933
2.8330919316926426
2.8316435515601897
2.8298882143846185
2.8277648140480345
2.825385394326706
2.822821549524151
2.8200854909540922
2.817295540224867
2.81457622649976
2.8119133777738483
2.809275686919905
2.8066556919880714
2.8040532039779795
2.8014680380677834
2.798900010735679
2.7963489401114803
2.7938146471556378
2.791296955600684
2.788795691894195
2.786310685143231
2.783841767060197
2.781388771910091
2.7789515364590893
2.7765298999244306
2.7741237039255586
2.7717327924359805
2.7693570116747175
2.7669962022962076
2.7646501577357316
2.7623186244871984
2.7600014353774336
2.7576985508121266
2.7554098988608615
2.753135361911411
2.7508749017831566
2.748628440643367
2.7463956631093818
2.7441761594107943
2.7419696713966992
2.7397759192197735
2.7375944183486762
2.735424876825191
2.733267253588792
2.731121117860793
2.7289861734175727
2.7268633540640588
2.724759319556071
2.722681309724221
2.7206218553288206
2.7185974325012663
2.716525334328679
2.7081963132379983