0.0
0.0
0.0
0.0
0.0
0.0
0.0
0.0
0.0
0.0
0.0
0.0
0.0
0.0
0.0
0.0
0.0
0.0
0.0
0.0
0.0
0.0
0.0
0.0
0.0
0.0
0.0
0.0
0.0
0.0
0.0
0.0
0.0
0.0
0.0
0.0
0.0
0.0
0.0
0.0
0.0
0.0
0.0
0.0
0.0
0.0
0.0
0.0
0.0
0.0
0.0
0.0
0.0
0.0
0.0
0.0
0.0
0.0
0.0
0.0
0.0
0.0
0.0
0.0
0.0
0.0
0.0
0.0
0.0
0.0
0.0
0.0
0.0
0.0
0.0
0.0
0.0
0.0
0.0
0.0
0.0
0.0
0.0
0.0
0.0
0.0
0.0
0.0
0.0
0.0
0.07818546463717528
0.11007867273140953
0.17581832645421153
0.215611120130347
0.2672921203905893
0.3106802654742669
0.3745890275006686
0.4364510169382712
0.4739526981219766
0.5318862420728209
0.5370463282173062
0.5589410617351941
0.5897225139452827
0.6422304194429584
0.7286696569716471
0.8606822350981467
1.043487010303251
1.2650108431910272
1.481440118829127
1.6536266320224084
1.7673893324313845
1.8258706205914512
1.8583584914171514
1.8949748490209226
1.9251296770643356
1.9710167114258221
2.035811544705983
2.102403960456895
2.1572127615506855
2.21663874763199
2.2737722895847483
2.3316302910449673
2.389176421756387
2.4458720162672445
2.5018032744405225
2.5568289630149112
2.6104055064886444
2.6623518837052202
2.7125306086765764
2.760613654963337
2.8063532540580107
2.84962133209734
2.8902740838362697
2.928309267590876
2.964121093098682
2.9978894789396784
3.0296228956238376
3.059358347384338
3.086714330511819
3.1108755045158945
3.1309190624192715
3.146024144658063
3.1555780152743527
3.159411423580534
3.1581390234020383
3.152894556055036
3.1450038519817247
3.135946641233788
3.126718517063383
3.1181026110113987
3.1103814464309067
3.103602025328525
3.0977012008880975
3.09253197497121
3.0879047838257256
3.0836639907433296
3.0796879579481535
3.0758441937631376
3.072062534863576
3.0683021162743147
3.064599801126633
3.060997259379322
3.0574961001383554
3.0541574616043685
3.0510226607022357
3.0479099841631285
3.04493262049339
3.0420944211708094
3.039334829842419
3.036600942590941
3.0338935093403783
3.0312911745182807
3.028853056326809
3.026580136154838
3.0244730420447725
3.022503538908262
3.0205860085950085
3.018657041349829
3.016305100448201
3.01366426491309
3.011640156127477
3.009029628449779
3.0069283371879996
3.004437132459122
3.00154051297032
2.9986739093319614
2.9958877199953955
2.9933136353239598
2.991036830945778
2.9890118241396473
2.9871470115250576
2.9853579263570396
2.983524066726142
2.98156163560774
2.9793587116394438
2.976844542581771
2.974120131178339
2.971457148369427
2.969066666859885
2.96701068612892
2.96531455779948
2.963883498584698
2.9624522822926167
2.9606844083482002
2.9585031597702174
2.95602865956408
2.9533413594583444
2.9504737531675223
2.9475498559230338
2.9447000352004538
2.941909417706024
2.939145214870226
2.9363996120776465
2.9336724096239393
2.9309634122297314
2.928272426025726
2.9255992589204016
2.922943721832856
2.920305628629971
2.9176847960652466
2.9150810437192107
2.9124941939413906
2.909924071793769
2.9073705049956966
2.904833323870209
2.902312361291696
2.899807452634272
2.897318435650531
2.8948451422619614
2.892387354956005
2.88994480718317
2.887517322899078
2.8851048596109825
2.882707340964616
2.8803246428682705
2.8779567243700397
2.8756035028580498
2.8732646470190564
2.87093972688143
2.8686284712009895
2.866330585910472
2.864045562857833
2.8617730956694816
2.8595131403555185
2.857265245115653
2.8550290998646375
2.852805685773623
2.850601977596703
2.8484255475857427
2.846268586522004
2.84414825072007
2.84197279130908
2.8330535975716735