0.0
0.0
0.0
0.0
0.0
0.0
0.0
0.0
0.0
0.0
0.0
0.0
0.0
0.0
0.0
0.0
0.0
0.0
0.0
0.0
0.0
0.0
0.0
0.0
0.0
0.0
0.0
0.0
0.0
0.0
0.0
0.0
0.0
0.0
0.0
0.0
0.0
0.0
0.0
0.0
0.0
0.0
0.0
0.0
0.0
0.0
0.0
0.0
0.0
0.0
0.0
0.0
0.0
0.0
0.0
0.0
0.0
0.0
0.0
0.0
0.0
0.0
0.0
0.0
0.0
0.0
0.0
0.0
0.0
0.0
0.0
0.0
0.0
0.0
0.0
0.0
0.0
0.0
0.0
0.0
0.0
0.0
0.0
0.0
0.0
0.0
0.0
0.0
0.0
0.0
0.03301336733710325
0.027872453637651024
0.12205548088134778
0.1580274139118913
0.20892921617047844
0.24285800168271468
0.2999808589302407
0.3703787652105229
0.4047115383013611
0.4335613021559006
0.4529287799617219
0.5327316413641541
0.5370607731870758
0.5841433395977629
0.6645086199470798
0.7910007886081795
0.9716981050601461
1.1982307289125063
1.4247161897855327
1.6064765184665286
1.726635403797305
1.7878730405477015
1.8194677551219778
1.8535738396971293
1.8809369917150272
1.9235311816267877
1.9852916329350168
2.049921489827181
2.1031726924660714
2.160079017508111
2.214245002978272
2.269074055857239
2.323175438555448
2.3759363967078713
2.4277447728081487
2.4781768062980003
2.5268593401640125
2.573700459137041
2.6185089492496956
2.660865305356232
2.70041044637612
2.7372276731266627
2.771105339991338
2.802178812168654
2.830777718063667
2.8569688828923097
2.8809296380683964
2.902762985027631
2.9221043609679875
2.938417254044528
2.9509690653359057
2.95893611694114
2.9618577684119187
2.959764394664674
2.9532502577945356
2.943679195205838
2.9322577308072053
2.9203061633332767
2.9087892541851392
2.898271491760895
2.889007633233967
2.88097852616906
2.874025260483384
2.867919550818545
2.862498070697634
2.8575878119488967
2.853040758786144
2.8485885402111606
2.8442813184188904
2.840073443717351
2.8359931297862366
2.832048359638861
2.828235925903305
2.8246078388065072
2.8211995220503745
2.8179710804051528
2.8148958999491716
2.811974173730856
2.8091470838703385
2.8063638360611853
2.803623985116637
2.8009993543432676
2.7985427651075234
2.796253031894843
2.794128864130969
2.792142382175407
2.790212844401365
2.7882817593347164
2.7859659910456407
2.7833937080827087
2.781406730386738
2.778778972900838
2.7766326463243756
2.77412943229598
2.7712616381352477
2.768433629757438
2.7656908532988513
2.763153678039173
2.760898167295861
2.7588790645790313
2.7570089881222497
2.7552079627468657
2.7533631087163752
2.751407609458878
2.7492487938417116
2.746828466255567
2.7442381135122984
2.7417171359064683
2.7394480181160614
2.7374817060667493
2.735836341166945
2.734425415965993
2.7330144015952706
2.731309382205968
2.729246767954311
2.7269354432730983
2.724445003183774
2.721787260871838
2.719077159231348
2.716435739730279
2.7138492412683792
2.71128723849895
2.708742478263284
2.7062147758770454
2.703703950737822
2.7012098235271638
2.69873221655131
2.6962709548865313
2.6938258663217987
2.691396781302944
2.6889835328782565
2.686585956645481
2.684203890700167
2.6818371755853283
2.6794856542423737
2.6771491719632694
2.674827576343467
2.6725207171797485
2.6702284389015567
2.667950540107048
2.6656867737783836
2.663436976726423
2.661201109715524
2.6589791021284968
2.6567708389543685
2.654576282362549
2.6523953561167057
2.6502277533138328
2.6480730753459936
2.6459310708982926
2.643801467688242
2.641683794601991
2.639577767477641
2.6374833459751668
2.6354001112571748
2.633327774697712
2.631267239938807
2.6292249704116504
2.62720799777565
2.625209062490295
2.623244209882263
2.6212362256647737
2.6133004920371574