0.0
0.0
0.0
0.0
0.0
0.0
0.0
0.0
0.0
0.0
0.0
0.0
0.0
0.0
0.0
0.0
0.0
0.0
0.0
0.0
0.0
0.0
0.0
0.0
0.0
0.0
0.0
0.0
0.0
0.0
0.0
0.0
0.0
0.0
0.0
0.0
0.0
0.0
0.0
0.0
0.0
0.0
0.0
0.0
0.0
0.0
0.0
0.0
0.0
0.0
0.0
0.0
0.0
0.0
0.0
0.0
0.0
0.0
0.0
0.0
0.0
0.0
0.0
0.0
0.0
0.0
0.0
0.0
0.0
0.0
0.0
0.0
0.0
0.0
0.0
0.0
0.0
0.0
0.0
0.0
0.0
0.0
0.0
0.0
0.0
0.0
0.0
0.0
0.0
0.0
0.0
0.0
0.08293437748562368
0.11591212239411956
0.17311962692494912
0.20543064793738308
0.2670955440760931
0.3489364580542488
0.39137961473503097
0.4294526582351725
0.44098788804906597
0.4928569726280464
0.4960443653002737
0.5374796956191493
0.6117113939969853
0.7327117532382529
0.9104510160589223
1.1400926243250329
1.3745594989841354
1.5642694128474903
1.6898639285729469
1.7541704912766143
1.785995370641676
1.8180027109245194
1.8435375901988036
1.8830397652565845
1.9414812345745842
2.0039882089964673
2.0566534411145074
2.111675065982362
2.163924698732382
2.216777356185504
2.268597568245409
2.318895532686732
2.3681391537390866
2.415853092634796
2.4617135176912783
2.5054338510991627
2.546918172617403
2.5858065733259106
2.6218087932472574
2.6550104140085122
2.6851508056986684
2.712365131458101
2.7368474781349765
2.758809366749987
2.778477785674126
2.7959256506970225
2.8109608732330957
2.823131161800689
2.8316582587584094
2.835913054206558
2.835578704064386
2.8305677138331506
2.8217099614337946
2.8101132429312985
2.7971152044312992
2.7839036652744964
2.7714438555688203
2.760231874542698
2.7504078567027874
2.7419517572009244
2.7346965503662903
2.7282494474158265
2.722520138017267
2.717327370757052
2.7125210579900023
2.7079750159762264
2.7036003740248247
2.6993489630710674
2.6952437599417927
2.6912885712551997
2.687477780968557
2.6838589502827115
2.680463865292897
2.6772522589876373
2.674197263288629
2.6712977035713026
2.668496234862107
2.665743507437208
2.663038509005796
2.6604493478294584
2.6580256865793412
2.6557655435076524
2.6536669405276694
2.6517025758194652
2.649794735764725
2.6478876621401626
2.6456144603646026
2.6430987725861206
2.6411458999425834
2.638556040085475
2.636409860425994
2.6339507781701155
2.631178161379402
2.628457360954284
2.6258286119451055
2.6233989727872262
2.621234557473962
2.619292115700831
2.617491172902425
2.6157588427731113
2.6139932804112602
2.6121255534656918
2.610063689758227
2.607751972417717
2.605277669473087
2.6028695103748736
2.6007019088691887
2.5988235443370318
2.597251823344274
2.5959042367604725
2.5945568250239552
2.5929286725172194
2.5909589096942978
2.588751575730915
2.586373195206065
2.583834975353315
2.581246696431264
2.5787240653056878
2.576253949470879
2.5738072724812318
2.5713771013178146
2.568963258927771
2.5665655721679865
2.5641838691306855
2.561817979468278
2.5594677354879294
2.5571329720967264
2.554813526748256
2.552509239390557
2.5502199524154117
2.5479455106089177
2.54568576110332
2.543440553330046
2.5412097389739254
2.538993171928202
2.5367907082018566
2.534602198714119
2.532427450636098
2.530266227519211
2.528118372936748
2.525983848903947
2.523862587486872
2.5217544783026034
2.5196594847247797
2.517577533579147
2.515508331416138
2.5134514971249375
2.511406790318771
2.509373950709456
2.5073525280111477
2.505342250389639
2.503343079103354
2.5013546138491947
2.4993765780496284
2.4974098308369475
2.495460540691764
2.4935354257848292
2.491627544555899
2.489752279769269
2.487839851436698
2.4804525316640778