0.0
0.0
0.0
0.0
0.0
0.0
0.0
0.0
0.0
0.0
0.0
0.0
0.0
0.0
0.0
0.0
0.0
0.0
0.0
0.0
0.0
0.0
0.0
0.0
0.0
0.0
0.0
0.0
0.0
0.0
0.0
0.0
0.0
0.0
0.0
0.0
0.0
0.0
0.0
0.0
0.0
0.0
0.0
0.0
0.0
0.0
0.0
0.0
0.0
0.0
0.0
0.0
0.0
0.0
0.0
0.0
0.0
0.0
0.0
0.0
0.0
0.0
0.0
0.0
0.0
0.0
0.0
0.0
0.0
0.0
0.0
0.0
0.0
0.0
0.0
0.0
0.0
0.0
0.0
0.0
0.0
0.0
0.0
0.0
0.0
0.0
0.0
0.0
0.0
0.0
0.0
0.0
0.08181204736908661
0.11370830308499492
0.16822379248330255
0.19525678688917733
0.24533468848270595
0.3147380636434918
0.3657834002120476
0.43259503446429476
0.44341376276644334
0.48925249366289325
0.49858956670015797
0.5418366536730507
0.6150109615000852
0.735812431106704
0.9129357818026156
1.1393044394642822
1.3683558411080474
1.5531540059720543
1.6762406452817458
1.7409013606011836
1.7742561732147952
1.8070561168138677
1.8345198857925527
1.8748851030868987
1.9338012526891697
1.9982746733673857
2.0548955056672056
2.1135355656993844
2.170280966213019
2.2282773297784617
2.2859491393622844
2.342963966815883
2.399650784615041
2.4556992446908694
2.510638258306648
2.564357657932666
2.61677772666376
2.6673855742621324
2.7160203265921643
2.762514916515069
2.8065602136166907
2.8480475783183006
2.8872332736102275
2.924347884156196
2.959444094433126
2.9926375748476772
3.0236409493778473
3.0517003413340116
3.0758504136176192
3.0950980854266508
3.108612867352734
3.1160921574183646
3.1177363705988173
3.1147659941076014
3.1084375036578993
3.1002928126081355
3.091688317708794
3.083379745482861
3.0758681727565462
3.069321310572849
3.0636383469433643
3.058661679198622
3.054239382942262
3.050208284377564
3.046441457094665
3.042802844088689
3.039220000151559
3.0356492501304273
3.0321110711646515
3.0286331332008407
3.025243931385101
3.0220059087735427
3.0189639343711825
3.01608215784698
3.0133345750225433
3.010581779883931
3.00790190220289
3.005242631154933
3.0026049952596265
3.000067670149394
2.9976900915097957
2.9954737487916296
2.9934197302045003
2.9915003490616905
2.9896306848954395
2.987747623825503
2.985441848928216
2.9828456060066886
2.98086002376628
2.9783134559582125
2.9762717515319914
2.973841122399318
2.971004211663802
2.968194057663241
2.965460968956665
2.9629361762993303
2.960704961812591
2.9587227864336407
2.9568991442686885
2.95515046134567
2.95335727676708
2.9514363192856132
2.9492764274359398
2.946807046094121
2.944128200751121
2.941509325624223
2.9391601234108333
2.9371424059650972
2.93548176145166
2.934084632611024
2.9326884598263523
2.9309597537472105
2.928822308016935
2.926395024582619
2.9237537724884652
2.920916891826667
2.9180250089032125
2.9152070464999147
2.9124482526672257
2.909716187989584
2.9070031161621555
2.9043088294112844
2.901633124561881
2.898975800053264
2.8963366562980473
2.893715496894334
2.891112128558023
2.888526361056928
2.885958007146645
2.8834068825081074
2.8808728056867916
2.878355598033495
2.8758550836466674
2.8733710893162123
2.870903444468114
2.8684519810403595
2.8660165253945156
2.8635968553999724
2.861192700879071
2.858803880957305
2.856430346308538
2.854072014360573
2.8517287556880353
2.849400522724449
2.8470872270052405
2.844788535753498
2.8425040195552964
2.8402334052838105
2.8379763976335712
2.8357324913507465
2.8335013796959516
2.8312830137126332
2.8290769443179946
2.826882861851172
2.8247017235107976
2.822540363447113
2.820406195961894
2.8182915514048177
2.816213240008003
2.8140821646850247
2.8054682311277315