0.0
0.0
0.0
0.0
0.0
0.0
0.0
0.0
0.0
0.0
0.0
0.0
0.0
0.0
0.0
0.0
0.0
0.0
0.0
0.0
0.0
0.0
0.0
0.0
0.0
0.0
0.0
0.0
0.0
0.0
0.0
0.0
0.0
0.0
0.0
0.0
0.0
0.0
0.0
0.0
0.0
0.0
0.0
0.0
0.0
0.0
0.0
0.0
0.0
0.0
0.0
0.0
0.0
0.0
0.0
0.0
0.0
0.0
0.0
0.0
0.0
0.0
0.0
0.0
0.0
0.0
0.0
0.0
0.0
0.0
0.0
0.0
0.0
0.0
0.0
0.0
0.0
0.0
0.0
0.0
3.2681941612359164e-05
0.00023981916673570982
0.0006575461722742948
0.0015403695334314542
0.002606158158052619
0.004132492994034878
0.005716048802997791
0.007740189732705445
0.00969401411326151
0.011738037917608964
0.013948226594302187
0.016965294297130607
0.0202518608261364
0.024292069781244884
0.02592472929009865
0.021221228859538033
0.022149213445222866
0.022733138636963055
0.0075958964597106484
0.0039091264997345295
0.011700144126319036
0.011713189153084816
0.003922890021600155
1.3975622965149082e-05
0.13805777611834236
0.827851363033237
2.3663432786054392
4.41239499787288
6.236004060119609
7.3115117889317425
7.314306446528351
6.1673249169943665
4.475584652377901
2.854984443042938
1.5133799989130958
0.8361017808185511
0.859761354199154
1.14844566321025
1.3967524189074096
1.5112062413107905
1.6105010589136535
1.7299273513747662
1.8060762224338294
1.8650051481771708
1.922086039358215
1.9602630604439122
1.9798870120396779
1.9899681589134095
1.9838610999294657
1.958556273596687
1.9148004922970219
1.8534336788990244
1.7786662863583962
1.6919091868165483
1.5972461931850288
1.4998245895052322
1.4036295499072617
1.3096062529290378
1.2170354857336252
1.1228872101251641
1.0176020368233871
0.8977527599590996
0.7635456789804798
0.6155821409310889
0.4660040346643145
0.3285259155447941
0.2099523904685509
0.11410233550445584
0.045616253005614664
0.010407354626254944
0.0013864748197231014
0.0008103633239993687
0.0004706577632479256
0.0002605229475502873
0.00013324243223267657
6.244716289130527e-05
2.5852560963773767e-05
8.888068459107946e-06
2.2411077108711787e-06
3.025827159342654e-07
0.0
0.0
0.0
0.0
0.0
0.0
0.0
0.0
0.0
0.0
0.0
0.0
0.0
0.0
0.0
0.0
0.0
0.0
0.0
0.0
0.0
0.0
0.0
0.0
0.0
0.0
0.0
0.0
0.0
0.0
0.0
0.0
0.0
0.0
0.0
0.0
0.0
0.0
0.0
0.0
0.0
0.0
0.0
0.0
0.0
0.0
0.0
0.0
0.0
0.0
0.0
0.0
0.0
0.0
0.0
0.0
0.0
0.0
0.0
0.0
0.0
0.0
0.0
0.0
0.0
0.0
0.0
0.0
0.0
0.0
0.0
0.0
0.0
0.0
0.0
0.0
0.0
0.0
0.0
0.0
0.0
0.0
0.0
0.0
0.0
0.0
0.0
0.0
0.0
0.0
0.0
0.0
0.0