0.0
0.0
0.0
0.0
0.0
0.0
0.0
0.0
0.0
0.0
0.0
0.0
0.0
0.0
0.0
0.0
0.0
0.0
0.0
0.0
0.0
0.0
0.0
0.0
0.0
0.0
0.0
0.0
0.0
0.0
0.0
0.0
0.0
0.0
0.0
0.0
0.0
0.0
0.0
0.0
0.0
0.0
0.0
0.0
0.0
0.0
0.0
0.0
0.0
0.0
0.0
0.0
0.0
0.0
0.0
0.0
0.0
0.0
0.0
0.0
0.0
0.0
0.0
0.0
0.0
0.0
0.0
0.0
0.0
0.0
0.0
0.0
0.0
0.0
0.0
0.0
0.0
0.0
0.0
1.6167515609586995e-05
9.89093227014945e-05
0.0003492546403563496
0.0007163482945764447
0.0013475682837369404
0.002060488321512816
0.0030046763580434746
0.003957404895218971
0.005130563961200682
0.006247054847262321
0.007372513868883792
0.008596282451068112
0.01027179516538259
0.012093621288615469
0.014309414361626012
0.015154916807213644
0.01338648214823861
0.015575465131694152
0.0163486523057715
0.005589718408506754
9.060466925377519e-05
1.4858037259683214e-05
1.6970184548628657e-06
0.0
0.0
0.12009151885971808
0.740333767608415
2.1643238474476774
4.092307732276991
5.808038770160821
6.783653525201973
6.79067571318475
5.8426610393779725
4.37657571875524
2.8394912502323746
1.4706891194072518
0.7219478967281088
0.7322532582268909
1.0675139523608004
1.331892836787488
1.4539393148381587
1.5800822481414816
1.7207179227058635
1.8126527596677515
1.8923577584992546
1.972315254526878
2.030972847345328
2.071322349723026
2.1045001749155725
2.121457134400099
2.1203592633603616
2.103118512187281
2.0647834725502787
2.0073426892166926
1.9361096811041651
1.8555895097138548
1.7692257049042677
1.6824976526524162
1.5971051712495465
1.5090158544368961
1.4141775750916739
1.3048918419719373
1.1756463976677376
1.0237318106383309
0.8506680957078445
0.669220469511662
0.49414225581711735
0.33775240529599
0.2094839990917152
0.11156602904447155
0.04500874318159611
0.011515960938222165
0.0020727172771596238
0.0008978526092627872
0.0005174340003255254
0.0002823420422100463
0.0001409594052875969
6.423965354988746e-05
2.5892784493702728e-05
8.750682810077008e-06
2.2288225800556673e-06
3.389860382449288e-07
1.4763733863382703e-08
0.0
0.0
0.0
0.0
0.0
0.0
0.0
0.0
0.0
0.0
0.0
0.0
0.0
0.0
0.0
0.0
0.0
0.0
0.0
0.0
0.0
0.0
0.0
0.0
0.0
0.0
0.0
0.0
0.0
0.0
0.0
0.0
0.0
0.0
0.0
0.0
0.0
0.0
0.0
0.0
0.0
0.0
0.0
0.0
0.0
0.0
0.0
0.0
0.0
0.0
0.0
0.0
0.0
0.0
0.0
0.0
0.0
0.0
0.0
0.0
0.0
0.0
0.0
0.0
0.0
0.0
0.0
0.0
0.0
0.0
0.0
0.0
0.0
0.0
0.0
0.0
0.0
0.0
0.0
0.0
0.0
0.0
0.0
0.0
0.0
0.0
0.0
0.0
0.0
0.0
0.0