0.0
0.0
0.0
0.0
0.0
0.0
0.0
0.0
0.0
0.0
0.0
0.0
0.0
0.0
0.0
0.0
0.0
0.0
0.0
0.0
0.0
0.0
0.0
0.0
0.0
0.0
0.0
0.0
0.0
0.0
0.0
0.0
0.0
0.0
0.0
0.0
0.0
0.0
0.0
0.0
0.0
0.0
0.0
0.0
0.0
0.0
0.0
0.0
0.0
0.0
0.0
0.0
0.0
0.0
0.0
0.0
0.0
0.0
0.0
0.0
0.0
0.0
0.0
0.0
0.0
0.0
0.0
0.0
0.0
0.0
0.0
0.0
0.0
0.0
0.0
0.0
0.0
0.0
0.0
1.1628537417321197e-05
7.114396692078864e-05
0.00025123546522600875
0.0005153056119996555
0.000969363295016605
0.0014821542116283143
0.0021612993960006734
0.00284653696711094
0.0036901025732403734
0.004493147476093231
0.005303527744578298
0.00618460846055275
0.007390050213724596
0.008696261331632637
0.010275918795306085
0.010894512461136329
0.009651383990673341
0.011198022404641685
0.01163682084663631
0.005175083188993439
0.00392831644822732
0.004048199510590733
0.001505092361160692
0.00012024629218021493
3.710900266998921e-05
0.10671813228488056
0.6764063454995508
2.0195292572538097
3.8635223402186196
5.49310812121405
6.373747928639539
6.361570545247366
5.559600693248893
4.276677222120563
2.815285591511511
1.425701750038093
0.6122442466898199
0.6102529083486719
0.9813346549346744
1.2508118046580303
1.3807528973705225
1.5367080730088831
1.6968522632964087
1.803073331517116
1.9026187310631175
2.0035466858079634
2.084979352912677
2.1522633363424215
2.2128031302959217
2.255374918761342
2.2789840302813933
2.287384782583538
2.2781631734556225
2.250784730548667
2.2057896877080925
2.1462152059952118
2.0756928391857503
2.0033397956900774
1.9336637674164014
1.8610743484839982
1.7783822213314036
1.6736245442196815
1.539227940935478
1.3720294759354406
1.1720524761566937
0.9529130372259161
0.7327466555424609
0.5278046768866396
0.35339080220738334
0.21670336872095836
0.11548447659386558
0.047466398767458624
0.01281375961036137
0.0025499113014947005
0.0010684800465924494
0.0006001252447961718
0.00031491270937111234
0.00015406962824498864
6.891311090376121e-05
2.7436005114216592e-05
9.261339410039777e-06
2.410517150149869e-06
4.2379823759898235e-07
6.122347439295876e-08
1.3362180344050434e-08
0.0
0.0
0.0
0.0
0.0
0.0
0.0
0.0
0.0
0.0
0.0
0.0
0.0
0.0
0.0
0.0
0.0
0.0
0.0
0.0
0.0
0.0
0.0
0.0
0.0
0.0
0.0
0.0
0.0
0.0
0.0
0.0
0.0
0.0
0.0
0.0
0.0
0.0
0.0
0.0
0.0
0.0
0.0
0.0
0.0
0.0
0.0
0.0
0.0
0.0
0.0
0.0
0.0
0.0
0.0
0.0
0.0
0.0
0.0
0.0
0.0
0.0
0.0
0.0
0.0
0.0
0.0
0.0
0.0
0.0
0.0
0.0
0.0
0.0
0.0
0.0
0.0
0.0
0.0
0.0
0.0
0.0
0.0
0.0
0.0
0.0
0.0
0.0
0.0