0.0
0.0
0.0
0.0
0.0
0.0
0.0
0.0
0.0
0.0
0.0
0.0
0.0
0.0
0.0
0.0
0.0
0.0
0.0
0.0
0.0
0.0
0.0
0.0
0.0
0.0
0.0
0.0
0.0
0.0
0.0
0.0
0.0
0.0
0.0
0.0
0.0
0.0
0.0
0.0
0.0
0.0
0.0
0.0
0.0
0.0
0.0
0.0
0.0
0.0
0.0
0.0
0.0
0.0
0.0
0.0
0.0
0.0
0.0
0.0
0.0
0.0
0.0
0.0
0.0
0.0
0.0
0.0
0.0
0.0
0.0
0.0
0.0
0.0
0.0
0.0
0.0
0.0
0.0
0.0
0.0
0.0
0.0
0.0
0.0
0.0
0.0
0.0
0.0
0.0
0.0
0.0
0.0
0.0
0.0
0.0
0.0
0.03145242977816969
0.09649762566845545
0.1010299185662229
0.03867466093155693
0.0030368259415655334
0.0003990403201394518
5.61013820638007e-05
0.0340356808348599
0.30793311978927124
1.15769915165583
2.579417895795143
4.060474716999469
5.071784779888559
5.420074876837649
5.089191025416219
4.146605174789611
2.790838035339522
1.378623907380465
0.5157407283146942
0.4987801468784006
0.8679131537102199
1.1067398482187996
1.2165127348661748
1.3624894060849881
1.4972430088656767
1.573434447191715
1.6413363865754937
1.7035068788566958
1.7406904536452605
1.760682984378178
1.7704383427629817
1.7618285999953571
1.7352174879279165
1.691969042657167
1.6311309072139717
1.555146057340349
1.4653223241437814
1.366057504805685
1.2617605920223562
1.1580695446971678
1.0583012556470752
0.9612155940232463
0.8646488963188077
0.7626450438409094
0.6528506066275196
0.5355234361711774
0.41267881645906584
0.2944053806246096
0.1826557189508551
0.08158269127629188
0.019098899369282746
0.0017663497743581381
0.0010144868204711077
0.0005685399622240998
0.000305925157622142
0.00015654396932631673
7.867818465641446e-05
3.9093634868293495e-05
1.6381245095780346e-05
4.634029355296893e-06
6.871031915139354e-07
0.0
0.0
0.0
0.0
0.0
0.0
0.0
0.0
0.0
0.0
0.0
0.0
0.0
0.0
0.0
0.0
0.0
0.0
0.0
0.0
0.0
0.0
0.0
0.0
0.0
0.0
0.0
0.0
0.0
0.0
0.0
0.0
0.0
0.0
0.0
0.0
0.0
0.0
0.0
0.0
0.0
0.0
0.0
0.0
0.0
0.0
0.0
0.0
0.0
0.0
0.0
0.0
0.0
0.0
0.0
0.0
0.0
0.0
0.0
0.0
0.0
0.0
0.0
0.0
0.0
0.0
0.0
0.0
0.0
0.0
0.0
0.0
0.0
0.0
0.0
0.0
0.0
0.0
0.0
0.0
0.0
0.0
0.0
0.0
0.0
0.0
0.0
0.0
0.0
0.0
0.0
0.0
0.0
0.0
0.0