0.0
0.0
0.0
0.0
0.0
0.0
0.0
0.0
0.0
0.0
0.0
0.0
0.0
0.0
0.0
0.0
0.0
0.0
0.0
0.0
0.0
0.0
0.0
0.0
0.0
0.0
0.0
0.0
0.0
0.0
0.0
0.0
0.0
0.0
0.0
0.0
0.0
0.0
0.0
0.0
0.0
0.0
0.0
0.0
0.0
0.0
0.0
0.0
0.0
0.0
0.0
0.0
0.0
0.0
0.0
0.0
0.0
0.0
0.0
0.0
0.0
0.0
0.0
0.0
0.0
0.0
0.0
0.0
0.0
0.0
0.0
0.0
0.0
0.0
0.0
0.0
0.0
0.0
0.0
0.0
0.0
0.0
0.0
0.0
0.0
0.0
0.0
0.0
0.0
0.0
0.0
0.0
0.0
0.0
0.0
0.0
0.0
0.0
0.0
0.0
0.0
0.0
0.0
0.0
0.0
0.0
0.0
0.0
0.34552571333089677
1.5186578274735083
3.0299148016131885
3.8648990017140745
3.6870907019645482
2.6705198833209365
1.3172313212248368
0.44584791516703226
0.414393847808062
0.7403607453531361
0.9182068824775552
0.9882447828457227
1.0978297662848355
1.180577609584876
1.203965760772292
1.2174049990281441
1.2166531534387908
1.1887499639530121
1.1474633126617024
1.097365447850744
1.0312646690209488
0.9533208597124473
0.8669866291730814
0.7727007603919545
0.6740397810276285
0.5735283870217175
0.47644481742333855
0.38677893152614967
0.3061420716959921
0.23509695633007555
0.17430024465607527
0.12393578172390245
0.077239837046733
0.03388409128950509
0.007476934769466923
0.0004611406628180486
0.00025502710559486674
0.00013693975026350262
6.997427094953693e-05
3.403791538903011e-05
1.5308233494800463e-05
5.943301027783714e-06
1.7048480617637916e-06
2.549316372104162e-07
0.0
0.0
0.0
0.0
0.0
0.0
0.0
0.0
0.0
0.0
0.0
0.0
0.0
0.0
0.0
0.0
0.0
0.0
0.0
0.0
0.0
0.0
0.0
0.0
0.0
0.0
0.0
0.0
0.0
0.0
0.0
0.0
0.0
0.0
0.0
0.0
0.0
0.0
0.0
0.0
0.0
0.0
0.0
0.0
0.0
0.0
0.0
0.0
0.0
0.0
0.0
0.0
0.0
0.0
0.0
0.0
0.0
0.0
0.0
0.0
0.0
0.0
0.0
0.0
0.0
0.0
0.0
0.0
0.0
0.0
0.0
0.0
0.0
0.0
0.0
0.0
0.0
0.0
0.0
0.0
0.0
0.0
0.0
0.0
0.0
0.0
0.0
0.0
0.0
0.0
0.0
0.0
0.0
0.0
0.0
0.0
0.0
0.0
0.0
0.0
0.0