0.0
0.0
0.0
0.0
0.0
0.0
0.0
0.0
0.0
0.0
0.0
0.0
0.0
0.0
0.0
0.0
0.0
0.0
0.0
0.0
0.0
0.0
0.0
0.0
0.0
0.0
0.0
0.0
0.0
0.0
0.0
0.0
0.0
0.0
0.0
0.0
0.0
0.0
0.0
0.0
0.0
0.0
0.0
0.0
0.0
0.0
0.0
0.0
0.0
0.0
0.0
0.0
0.0
0.0
0.0
0.0
0.0
0.0
0.0
0.0
0.0
0.0
0.0
0.0
0.0
0.0
0.0
0.0
0.0
0.0
0.0
0.0
0.0
0.0
0.0
0.0
0.0
0.0
0.0
0.0
0.0
0.0
0.0
0.0
0.0
0.0
0.0
0.0
0.0
0.0
0.0
0.0
0.0
0.0
0.0
0.0
0.0
0.0
0.0
0.0
0.0
0.0
0.0
0.0
0.0
0.0
0.0
0.0
0.0
0.5489885721161686
2.155164403209913
3.59279126217039
3.609056098322146
2.6080289740925267
1.3086843471075555
0.4435841850068478
0.4139226723811706
0.7160042565197071
0.8743098476665278
0.9883778385899971
1.1746251496930251
1.3225727150793767
1.415115459538634
1.5123634301359274
1.5978660257269004
1.6537010756517545
1.6955736963204502
1.7285258321118913
1.7421164133434426
1.736977678262193
1.7138725486938724
1.6689015341923226
1.6039939639674614
1.5230595303287597
1.4305379231787367
1.3299119352046629
1.2271429078662495
1.1251969027416622
1.0235005162439905
0.9227554528448486
0.8172571577487787
0.7017908220690887
0.5750620972493844
0.44068682898658246
0.3121141602006837
0.19251702695841427
0.08568531098962673
0.020100390860578327
0.0019440186549118331
0.0011069676197766603
0.0006153534292934606
0.00032850126478922134
0.00016421888484098113
7.556502756348588e-05
3.3439309470462226e-05
1.4523315016333431e-05
4.774698321872562e-06
7.032745423092425e-07
0.0
0.0
0.0
0.0
0.0
0.0
0.0
0.0
0.0
0.0
0.0
0.0
0.0
0.0
0.0
0.0
0.0
0.0
0.0
0.0
0.0
0.0
0.0
0.0
0.0
0.0
0.0
0.0
0.0
0.0
0.0
0.0
0.0
0.0
0.0
0.0
0.0
0.0
0.0
0.0
0.0
0.0
0.0
0.0
0.0
0.0
0.0
0.0
0.0
0.0
0.0
0.0
0.0
0.0
0.0
0.0
0.0
0.0
0.0
0.0
0.0
0.0
0.0
0.0
0.0
0.0
0.0
0.0
0.0
0.0
0.0
0.0
0.0
0.0
0.0
0.0
0.0
0.0
0.0
0.0
0.0
0.0
0.0
0.0
0.0
0.0
0.0
0.0
0.0
0.0
0.0
0.0
0.0
0.0
0.0