0.0
0.0
0.0
0.0
0.0
0.0
0.0
0.0
0.0
0.0
0.0
0.0
0.0
0.0
0.0
0.0
0.0
0.0
0.0
0.0
0.0
0.0
0.0
0.0
0.0
0.0
0.0
0.0
0.0
0.0
0.0
0.0
0.0
0.0
0.0
0.0
0.0
0.0
0.0
0.0
0.0
0.0
0.0
0.0
0.0
0.0
0.0
0.0
0.0
0.0
0.0
0.0
0.0
0.0
0.0
0.0
0.0
0.0
0.0
0.0
0.0
0.0
0.0
0.0
0.0
0.0
0.0
0.0
0.0
0.0
0.0
0.0
0.0
0.0
0.0
0.0
0.0
0.0
0.0
0.0
0.0
0.0
0.0
0.0
0.0
0.0006267852772812191
0.002394247072631304
0.008639649649108929
0.016330866176368884
0.028233145321370716
0.04148019985109372
0.060619647038972095
0.08139429465003072
0.10818939993493125
0.12583051288785788
0.12487896071371994
0.17420769663217503
0.21355353230742383
0.17611895557183435
0.1963985908023961
0.10427890253957721
0.004785762006760302
0.0005994173519803714
5.600070011771877e-05
0.0
0.0
0.013625099082286485
0.04139164694103588
4.167955315404696
13.004764129722416
14.694965113936599
7.781572177870339
3.45290348142112
2.4224954704037676
1.2232926927334382
0.40537183819450323
0.3543893944636635
0.6003735094539223
0.7249414525030591
0.8594676180172589
1.0836166191773224
1.263035912662643
1.3993489200336524
1.5541712645304027
1.7009190794512188
1.8263193444466526
1.9486950391572615
2.0677907992699573
2.1721815373969613
2.265534799982168
2.347241729404774
2.410911539804539
2.454471027782813
2.476262523584125
2.4797765496044666
2.46817119552489
2.446276260877167
2.4178613332089802
2.383163981121951
2.3379895594319464
2.265308369506328
2.149268789426686
1.9777721934436912
1.7448785954392056
1.4666063746867772
1.1694886322122822
0.8801686548048965
0.6239290200372437
0.41530364206023385
0.25625380518131907
0.14154442048588164
0.06470966045605171
0.021624287096767583
0.0049202914723355095
0.0012974055149435626
0.0007073858874449131
0.00038590928380958703
0.00019507042840460857
8.701853485400688e-05
3.514729464817524e-05
1.241892216309466e-05
3.5845312798010334e-06
7.345861324984331e-07
7.706248159316478e-08
0.0
0.0
0.0
0.0
0.0
0.0
0.0
0.0
0.0
0.0
0.0
0.0
0.0
0.0
0.0
0.0
0.0
0.0
0.0
0.0
0.0
0.0
0.0
0.0
0.0
0.0
0.0
0.0
0.0
0.0
0.0
0.0
0.0
0.0
0.0
0.0
0.0
0.0
0.0
0.0
0.0
0.0
0.0
0.0
0.0
0.0
0.0
0.0
0.0
0.0
0.0
0.0
0.0
0.0
0.0
0.0
0.0
0.0
0.0
0.0
0.0
0.0
0.0
0.0
0.0
0.0
0.0
0.0
0.0
0.0
0.0
0.0
0.0
0.0
0.0
0.0
0.0
0.0
0.0
0.0
0.0
0.0
0.0
0.0
0.0
0.0
0.0
0.0
0.0