0.0
0.0
0.0
0.0
0.0
0.0
0.0
0.0
0.0
0.0
0.0
0.0
0.0
0.0
0.0
0.0
0.0
0.0
0.0
0.0
0.0
0.0
0.0
0.0
0.0
0.0
0.0
0.0
0.0
0.0
0.0
0.0
0.0
0.0
0.0
0.0
0.0
0.0
0.0
0.0
0.0
0.0
0.0
0.0
0.0
0.0
0.0
0.0
0.0
0.0
0.0
0.0
0.0
0.0
0.0
0.0
0.0
0.0
0.0
0.0
0.0
0.0
0.0
0.0
0.0
0.0
0.0
0.0
0.0
0.0
0.0
0.0
0.0
0.0
0.0
0.0
0.0
0.0
0.0
0.0
0.0
0.0
0.0
0.0
0.0
0.0
0.0
0.0
0.0
0.0
0.0
0.0
0.0
0.0
0.0
0.0
0.0
0.0
0.0
0.0
0.0
0.0
0.0
0.0
0.0
0.0
0.0
0.0
0.0
0.0
0.35747990676585994
1.3989495788993074
2.313345307974105
2.139394201688132
1.173750885853925
0.4194009689527348
0.3738840327242978
0.6025778205145843
0.7009997431844565
0.8115486135064649
0.9944097721149037
1.1236121308124716
1.2143601039834577
1.3153138803209756
1.3946131003446027
1.4449835557069968
1.485207443159218
1.5141250353449387
1.5207992628352331
1.5086613094271477
1.4803891078253328
1.4329092580538052
1.3666775591725873
1.2829935834635773
1.186218478550707
1.0803288260825439
0.9719991600716513
0.8678240745868236
0.7683521484377368
0.67182899018715
0.5737142067403358
0.47234254299083434
0.3683613717897819
0.26459757287711766
0.16405933538775988
0.07350786125500273
0.017177456073415396
0.0014105029048056812
0.0007997678766581421
0.00044312623029532807
0.00023523269612037758
0.00011792550775516538
5.368384750596149e-05
2.0721023309262967e-05
5.8953905386720475e-06
8.824634162025196e-07
0.0
0.0
0.0
0.0
0.0
0.0
0.0
0.0
0.0
0.0
0.0
0.0
0.0
0.0
0.0
0.0
0.0
0.0
0.0
0.0
0.0
0.0
0.0
0.0
0.0
0.0
0.0
0.0
0.0
0.0
0.0
0.0
0.0
0.0
0.0
0.0
0.0
0.0
0.0
0.0
0.0
0.0
0.0
0.0
0.0
0.0
0.0
0.0
0.0
0.0
0.0
0.0
0.0
0.0
0.0
0.0
0.0
0.0
0.0
0.0
0.0
0.0
0.0
0.0
0.0
0.0
0.0
0.0
0.0
0.0
0.0
0.0
0.0
0.0
0.0
0.0
0.0
0.0
0.0
0.0
0.0
0.0
0.0
0.0
0.0
0.0
0.0
0.0
0.0
0.0
0.0
0.0
0.0
0.0
0.0
0.0
0.0