0.0
0.0
0.0
0.0
0.0
0.0
0.0
0.0
0.0
0.0
0.0
0.0
0.0
0.0
0.0
0.0
0.0
0.0
0.0
0.0
0.0
0.0
0.0
0.0
0.0
0.0
0.0
0.0
0.0
0.0
0.0
0.0
0.0
0.0
0.0
0.0
0.0
0.0
0.0
0.0
0.0
0.0
0.0
0.0
0.0
0.0
0.0
0.0
0.0
0.0
0.0
0.0
0.0
0.0
0.0
0.0
0.0
0.0
0.0
0.0
0.0
0.0
0.0
0.0
0.0
0.0
0.0
0.0
0.0
0.0
0.0
0.0
0.0
0.0
0.0
0.0
0.0
0.0
0.0
0.0
0.0
0.0
0.0
0.0
0.0
0.0
0.0
0.0
0.0
0.0
0.0
0.0
0.0
0.0
0.0
0.0
0.0
0.0
0.0
0.0
0.0
0.0
0.0
0.0
0.0
0.0
0.0
0.0
0.0
0.0
0.3125276421003476
1.2382647047712694
2.088631808301646
1.9784781937626583
1.1059437895381927
0.39859333488050513
0.3516863901454059
0.549289992509335
0.625355311625134
0.7302044236383199
0.8992405127086907
1.011060081218356
1.0951131832337138
1.1890595646159343
1.2549762629279586
1.2933979201644232
1.3238481238471163
1.3397392459537176
1.3312202151372343
1.305258665160112
1.2647928735459113
1.2066390430717842
1.1318515503119204
1.042464455352969
0.9422108489866846
0.8353770085442065
0.7296782770540492
0.6302287084627084
0.5369211350733457
0.44916353376053025
0.36391850918519414
0.281212857534049
0.2026979165809664
0.1252967811817771
0.05505277676952389
0.012533119901389358
0.0009176956183610713
0.0004973588777750148
0.00026918169688941234
0.0001451608497075417
7.388934467692926e-05
3.358892444870792e-05
1.2988100458243635e-05
3.688475113830207e-06
5.497776688659483e-07
0.0
0.0
0.0
0.0
0.0
0.0
0.0
0.0
0.0
0.0
0.0
0.0
0.0
0.0
0.0
0.0
0.0
0.0
0.0
0.0
0.0
0.0
0.0
0.0
0.0
0.0
0.0
0.0
0.0
0.0
0.0
0.0
0.0
0.0
0.0
0.0
0.0
0.0
0.0
0.0
0.0
0.0
0.0
0.0
0.0
0.0
0.0
0.0
0.0
0.0
0.0
0.0
0.0
0.0
0.0
0.0
0.0
0.0
0.0
0.0
0.0
0.0
0.0
0.0
0.0
0.0
0.0
0.0
0.0
0.0
0.0
0.0
0.0
0.0
0.0
0.0
0.0
0.0
0.0
0.0
0.0
0.0
0.0
0.0
0.0
0.0
0.0
0.0
0.0
0.0
0.0
0.0
0.0
0.0
0.0
0.0
0.0
0.0