0.0
0.0
0.0
0.0
0.0
0.0
0.0
0.0
0.0
0.0
0.0
0.0
0.0
0.0
0.0
0.0
0.0
0.0
0.0
0.0
0.0
0.0
0.0
0.0
0.0
0.0
0.0
0.0
0.0
0.0
0.0
0.0
0.0
0.0
0.0
0.0
0.0
0.0
0.0
0.0
0.0
0.0
0.0
0.0
0.0
0.0
0.0
0.0
0.0
0.0
0.0
0.0
0.0
0.0
0.0
0.0
0.0
0.0
0.0
0.0
0.0
0.0
0.0
0.0
0.0
0.0
0.0
0.0
0.0
0.0
0.0
0.0
0.0
0.0
0.0
0.0
0.0
0.0
0.0
0.0
0.0
0.0
0.0
0.0
0.0
0.0
0.0
0.0
0.0
0.0
0.0
0.0
0.0
0.0
0.0
0.0
0.0
0.0
0.0
0.0
0.0
0.0
0.0
0.0
0.0
0.0
0.0
0.0
0.0
0.0
0.4585053726974902
1.802351659539653
2.9263580211907665
2.57327125467034
1.3179795673934174
0.458344357101107
0.40119805388092405
0.5950310511673353
0.6546684068734372
0.7348569012412736
0.8635367680559196
0.9335118037365805
0.984589193358324
1.0441446741559663
1.0751448892834583
1.0799158267086795
1.072430096581809
1.0499225812312794
1.0106191511782028
0.9603195336285877
0.8981167133262957
0.822585927401514
0.7377595911227638
0.6458658331977748
0.5510704637557677
0.45792353479913483
0.3709397264993503
0.29231741206950623
0.22215461484165008
0.16203311781043644
0.11074092673015039
0.06564972790269866
0.028475200519915488
0.006509233006361365
0.00040813472035925867
0.00021195238253226854
0.0001072611867314523
5.4186300695547434e-05
2.7464107215610024e-05
1.2708873283165265e-05
4.823435678931145e-06
1.3736191836778685e-06
2.0980429552165167e-07
0.0
0.0
0.0
0.0
0.0
0.0
0.0
0.0
0.0
0.0
0.0
0.0
0.0
0.0
0.0
0.0
0.0
0.0
0.0
0.0
0.0
0.0
0.0
0.0
0.0
0.0
0.0
0.0
0.0
0.0
0.0
0.0
0.0
0.0
0.0
0.0
0.0
0.0
0.0
0.0
0.0
0.0
0.0
0.0
0.0
0.0
0.0
0.0
0.0
0.0
0.0
0.0
0.0
0.0
0.0
0.0
0.0
0.0
0.0
0.0
0.0
0.0
0.0
0.0
0.0
0.0
0.0
0.0
0.0
0.0
0.0
0.0
0.0
0.0
0.0
0.0
0.0
0.0
0.0
0.0
0.0
0.0
0.0
0.0
0.0
0.0
0.0
0.0
0.0
0.0
0.0
0.0
0.0
0.0
0.0
0.0
0.0
0.0
0.0
0.0