0.0
0.0
0.0
0.0
0.0
0.0
0.0
0.0
0.0
0.0
0.0
0.0
0.0
0.0
0.0
0.0
0.0
0.0
0.0
0.0
0.0
0.0
0.0
0.0
0.0
0.0
0.0
0.0
0.0
0.0
0.0
0.0
0.0
0.0
0.0
0.0
0.0
0.0
0.0
0.0
0.0
0.0
0.0
0.0
0.0
0.0
0.0
0.0
0.0
0.0
0.0
0.0
0.0
0.0
0.0
0.0
0.0
0.0
0.0
0.0
0.0
0.0
0.0
0.0
0.0
0.0
0.0
0.0
0.0
0.0
0.0
0.0
0.0
0.0
0.0
0.0
0.0
0.0
0.0
0.0
0.0
0.0
0.0
0.0
0.0
0.0
0.0
0.0
0.0
0.0
0.0
0.0
0.0
0.0
0.0
0.0
0.0
0.0
0.0
0.0
0.0
0.0
0.0
0.0
0.0
0.0
0.0
0.0
0.0
0.0
0.7140714458866168
2.5875514017078465
3.7573479096896047
2.9132674280635995
1.3717784646762092
0.4843794272008347
0.41930851065090957
0.5947219354384816
0.6395476761676224
0.729064653326025
0.8688340765842095
0.9488692140433708
1.0236025507149964
1.1107273660673174
1.1663504512169713
1.2002273058569206
1.2286718617399424
1.2431856302194841
1.2365516360655378
1.215053259815517
1.1806175109755677
1.1314405076858578
1.0693293106805304
0.9938720623160955
0.9061472483353188
0.8107227154082546
0.715957612442298
0.6255584265474327
0.5391872180050314
0.4580012317877922
0.3789716270349008
0.3011369132941212
0.22568815036862616
0.14647065524617853
0.06737746563806495
0.015782213178184068
0.0010763466969222276
0.000600512826132453
0.0003346492061846835
0.000180589238325105
9.1732476063364e-05
4.2903634086685054e-05
1.7191377335428022e-05
5.079864317382555e-06
7.861367107016877e-07
0.0
0.0
0.0
0.0
0.0
0.0
0.0
0.0
0.0
0.0
0.0
0.0
0.0
0.0
0.0
0.0
0.0
0.0
0.0
0.0
0.0
0.0
0.0
0.0
0.0
0.0
0.0
0.0
0.0
0.0
0.0
0.0
0.0
0.0
0.0
0.0
0.0
0.0
0.0
0.0
0.0
0.0
0.0
0.0
0.0
0.0
0.0
0.0
0.0
0.0
0.0
0.0
0.0
0.0
0.0
0.0
0.0
0.0
0.0
0.0
0.0
0.0
0.0
0.0
0.0
0.0
0.0
0.0
0.0
0.0
0.0
0.0
0.0
0.0
0.0
0.0
0.0
0.0
0.0
0.0
0.0
0.0
0.0
0.0
0.0
0.0
0.0
0.0
0.0
0.0
0.0
0.0
0.0
0.0
0.0
0.0
0.0
0.0