0.0
0.0
0.0
0.0
0.0
0.0
0.0
0.0
0.0
0.0
0.0
0.0
0.0
0.0
0.0
0.0
0.0
0.0
0.0
0.0
0.0
0.0
0.0
0.0
0.0
0.0
0.0
0.0
0.0
0.0
0.0
0.0
0.0
0.0
0.0
0.0
0.0
0.0
0.0
0.0
0.0
0.0
0.0
0.0
0.0
0.0
0.0
0.0
0.0
0.0
0.0
0.0
0.0
0.0
0.0
0.0
0.0
0.0
0.0
0.0
0.0
0.0
0.0
0.0
0.0
0.0
0.0
0.0
0.0
0.0
0.0
0.0
0.0
0.0
0.0
0.0
0.0
0.0
0.0
0.0
0.0
0.0
0.0
0.0
0.0
0.0
0.0
0.0
0.0
0.0011084114559761445
0.0037836962735895317
0.014476736093788588
0.02810454680197596
0.051567804569805024
0.0710757189574203
0.08263569411377948
0.13596765595842686
0.18074101326091283
0.2046357589856205
0.2724394728025006
0.14316307044800533
0.0055051907895070015
0.0006414030446410038
5.667116212110399e-05
0.0
0.0
0.0
0.0
7.0420377568667565
21.97393725049415
24.337362190650115
12.007202783593764
4.384621346445754
2.7790522080330806
1.3264028243190835
0.4751445276008954
0.4403613090788341
0.6227904379440169
0.6665897853785875
0.7835562297221865
0.9533005590375067
1.060682282738419
1.1792291961713528
1.3174708665337094
1.4286713026961582
1.5299925102640213
1.6327584605101846
1.7243490201317462
1.800759204506769
1.8686743693412402
1.9257033666653898
1.966306470703701
1.9894983302718534
1.9919979051866257
1.9744444869436226
1.938921274560737
1.8902799082536672
1.8337154244379896
1.7705177640296013
1.6989218766770318
1.609560220072393
1.4934801694091986
1.3423220097451258
1.1524970472492468
0.9369166714544167
0.7136160639015712
0.5016741194030591
0.3213842481588609
0.1822402822263208
0.08474637709409749
0.028539080675515423
0.006351345969505387
0.0015509618378521115
0.0008374963072350277
0.00043148933005265075
0.00021970230084054814
0.00011203300172235384
5.078502520908734e-05
1.839436165302005e-05
5.367002156712283e-06
1.1029422025581088e-06
1.1649431314283974e-07
0.0
0.0
0.0
0.0
0.0
0.0
0.0
0.0
0.0
0.0
0.0
0.0
0.0
0.0
0.0
0.0
0.0
0.0
0.0
0.0
0.0
0.0
0.0
0.0
0.0
0.0
0.0
0.0
0.0
0.0
0.0
0.0
0.0
0.0
0.0
0.0
0.0
0.0
0.0
0.0
0.0
0.0
0.0
0.0
0.0
0.0
0.0
0.0
0.0
0.0
0.0
0.0
0.0
0.0
0.0
0.0
0.0
0.0
0.0
0.0
0.0
0.0
0.0
0.0
0.0
0.0
0.0
0.0
0.0
0.0
0.0
0.0
0.0
0.0
0.0
0.0
0.0
0.0
0.0
0.0
0.0
0.0
0.0
0.0
0.0
0.0
0.0
0.0
0.0
0.0
0.0