0.0
0.0
0.0
0.0
0.0
0.0
0.0
0.0
0.0
0.0
0.0
0.0
0.0
0.0
0.0
0.0
0.0
0.0
0.0
0.0
0.0
0.0
0.0
0.0
0.0
0.0
0.0
0.0
0.0
0.0
0.0
0.0
0.0
0.0
0.0
0.0
0.0
0.0
0.0
0.0
0.0
0.0
0.0
0.0
0.0
0.0
0.0
0.0
0.0
0.0
0.0
0.0
0.0
0.0
0.0
0.0
0.0
0.0
0.0
0.0
0.0
0.0
0.0
0.0
0.0
0.0
0.0
0.0
0.0
0.0
0.0
0.0
0.0
0.0
0.0
0.0
0.0
0.0
0.0
0.0
0.0
0.0
0.0
0.0
0.0
0.0
0.0
0.0
0.0
0.0
0.0
0.0
0.0
0.0
0.0
0.0
0.0
0.0
0.0
0.0
0.0
0.0
0.0
0.0
0.0
0.0
0.0
0.0
0.0
0.7167186695394544
2.7782748326502515
4.472739021716121
4.206327011157804
2.8379279208177923
1.391164038281872
0.5198326182109219
0.5214421834646251
0.7341531313456114
0.7761783439502294
0.882970911988759
1.0328230170662032
1.1180448797926648
1.218943971667133
1.3353008677438651
1.4213454441977353
1.4965840428910469
1.5688493011510236
1.6258596174508766
1.6692974550512467
1.7059599698763324
1.7294748725308817
1.7334525811793742
1.7181672121257403
1.6837324926232244
1.6324342071125033
1.565586547785706
1.4888793908581854
1.4075734866808332
1.321799835674627
1.2304712600511511
1.1281080956057072
1.0111553302639966
0.8757335995596033
0.7200584051304212
0.5546250117004986
0.3934113692140364
0.2500084522593379
0.13477146278705834
0.05361606665384955
0.012293023089894453
0.0017346042048782442
0.0009763750706057214
0.0005286181259370374
0.0002692656447620745
0.00012750907966265136
5.8818094056732e-05
2.72718662847148e-05
1.054484495521845e-05
2.614003795657189e-06
3.461660955802768e-07
0.0
0.0
0.0
0.0
0.0
0.0
0.0
0.0
0.0
0.0
0.0
0.0
0.0
0.0
0.0
0.0
0.0
0.0
0.0
0.0
0.0
0.0
0.0
0.0
0.0
0.0
0.0
0.0
0.0
0.0
0.0
0.0
0.0
0.0
0.0
0.0
0.0
0.0
0.0
0.0
0.0
0.0
0.0
0.0
0.0
0.0
0.0
0.0
0.0
0.0
0.0
0.0
0.0
0.0
0.0
0.0
0.0
0.0
0.0
0.0
0.0
0.0
0.0
0.0
0.0
0.0
0.0
0.0
0.0
0.0
0.0
0.0
0.0
0.0
0.0
0.0
0.0
0.0
0.0
0.0
0.0
0.0
0.0
0.0
0.0
0.0
0.0
0.0
0.0
0.0
0.0
0.0
0.0