0.0
0.0
0.0
0.0
0.0
0.0
0.0
0.0
0.0
0.0
0.0
0.0
0.0
0.0
0.0
0.0
0.0
0.0
0.0
0.0
0.0
0.0
0.0
0.0
0.0
0.0
0.0
0.0
0.0
0.0
0.0
0.0
0.0
0.0
0.0
0.0
0.0
0.0
0.0
0.0
0.0
0.0
0.0
0.0
0.0
0.0
0.0
0.0
0.0
0.0
0.0
0.0
0.0
0.0
0.0
0.0
0.0
0.0
0.0
0.0
0.0
0.0
0.0
0.0
0.0
0.0
0.0
0.0
0.0
0.0
0.0
0.0
0.0
0.0
0.0
0.0
0.0
0.0
0.0
0.0
0.0
0.0
0.0
0.0
0.0
0.0
0.0
0.0
0.0
0.0
0.0
0.0
0.0
0.0
0.0
0.0
0.0
0.0
0.0
0.0
0.0
0.0
0.0
0.0
0.0
0.0
0.0
5.466239163528523
17.36219417266557
20.20319331325384
11.89030972456366
6.54365391657262
4.978202419947382
3.107499392538821
1.4585045013919067
0.5560369199727433
0.5545404676855239
0.7653367908170416
0.799032976117816
0.8842786938305269
0.9969461353792695
1.0455775570198942
1.1086524854005488
1.1776960593637318
1.217207551410024
1.2489917215930988
1.274912424455841
1.2822227360614342
1.2726246156022916
1.255045383239271
1.2279634364128857
1.1864707307338724
1.1313791981860097
1.0632208706473696
0.9844687521069965
0.8976514027086651
0.8073140869727896
0.7179551058119424
0.6317289773821292
0.5497413234161526
0.46852551990273145
0.38686537522803494
0.3049028691622883
0.22293289676921094
0.14117440963390074
0.06432548638810495
0.015059919804539836
0.0011151999186785806
0.0006333309132738236
0.0003527959787260965
0.000190315903683491
9.723021887015518e-05
4.5255511462038994e-05
1.8379129403949156e-05
6.652714167385338e-06
2.2338285242757133e-06
4.793424108865891e-07
0.0
0.0
0.0
0.0
0.0
0.0
0.0
0.0
0.0
0.0
0.0
0.0
0.0
0.0
0.0
0.0
0.0
0.0
0.0
0.0
0.0
0.0
0.0
0.0
0.0
0.0
0.0
0.0
0.0
0.0
0.0
0.0
0.0
0.0
0.0
0.0
0.0
0.0
0.0
0.0
0.0
0.0
0.0
0.0
0.0
0.0
0.0
0.0
0.0
0.0
0.0
0.0
0.0
0.0
0.0
0.0
0.0
0.0
0.0
0.0
0.0
0.0
0.0
0.0
0.0
0.0
0.0
0.0
0.0
0.0
0.0
0.0
0.0
0.0
0.0
0.0
0.0
0.0
0.0
0.0
0.0
0.0
0.0
0.0
0.0
0.0
0.0
0.0
0.0
0.0
0.0
0.0
0.0
0.0
0.0
0.0