0.0
0.0
0.0
0.0
0.0
0.0
0.0
0.0
0.0
0.0
0.0
0.0
0.0
0.0
0.0
0.0
0.0
0.0
0.0
0.0
0.0
0.0
0.0
0.0
0.0
0.0
0.0
0.0
0.0
0.0
0.0
0.0
0.0
0.0
0.0
0.0
0.0
0.0
0.0
0.0
0.0
0.0
0.0
0.0
0.0
0.0
0.0
0.0
0.0
0.0
0.0
0.0
0.0
0.0
0.0
0.0
0.0
0.0
0.0
0.0
0.0
0.0
0.0
0.0
0.0
0.0
0.0
0.0
0.0
0.0
0.0
0.0
0.0
0.0
0.0
0.0
0.0
0.0
0.0
0.0
0.0
0.0
0.0
0.0
0.0
0.0
0.0
0.0
0.0
0.0
0.0
3.487175421755681e-05
0.00011588709104308294
0.00044732659063444636
0.0007842583471745114
0.0011597829346434152
0.002301644125492585
0.003293532592247908
0.0036878718410762313
0.0047956048378168655
0.0025090915504881457
8.459590236683483e-05
8.667731992346721e-06
6.922968056617979e-07
0.0
0.030173465215726985
0.1969864596802547
0.6665994688789828
1.623558827172691
3.219155424904602
5.055056223115047
5.78576872256099
4.6632694721800165
2.7304868182651365
1.1919783076333361
0.42988180137694193
0.3386390737086743
0.39997590669284055
0.3539651403933363
0.3360480398791109
0.3290365023152661
0.28340685598816767
0.24815510760871934
0.21808358668367417
0.17493067380707197
0.13330393217719816
0.09588944426658884
0.05914353917581769
0.027480468732886704
0.00800229686724806
0.0012004727033547388
0.00017467202796740317
8.648349167062119e-05
4.08742610403955e-05
1.791736639247111e-05
6.880574596029027e-06
2.094022719827183e-06
4.212173589146501e-07
3.854937350067891e-08
0.0
0.0
0.0
0.0
0.0
0.0
0.0
0.0
0.0
0.0
0.0
0.0
0.0
0.0
0.0
0.0
0.0
0.0
0.0
0.0
0.0
0.0
0.0
0.0
0.0
0.0
0.0
0.0
0.0
0.0
0.0
0.0
0.0
0.0
0.0
0.0
0.0
0.0
0.0
0.0
0.0
0.0
0.0
0.0
0.0
0.0
0.0
0.0
0.0
0.0
0.0
0.0
0.0
0.0
0.0
0.0
0.0
0.0
0.0
0.0
0.0
0.0
0.0
0.0
0.0
0.0
0.0
0.0
0.0
0.0
0.0
0.0
0.0
0.0
0.0
0.0
0.0
0.0
0.0
0.0
0.0
0.0
0.0
0.0
0.0
0.0
0.0
0.0
0.0
0.0
0.0
0.0
0.0
0.0
0.0
0.0
0.0
0.0
0.0
0.0
0.0
0.0
0.0
0.0
0.0
0.0
0.0
0.0
0.0
0.0
0.0
0.0
0.0
0.0