0.0
0.0
0.0
0.0
0.0
0.0
0.0
0.0
0.0
0.0
0.0
0.0
0.0
0.0
0.0
0.0
0.0
0.0
0.0
0.0
0.0
0.0
0.0
0.0
0.0
0.0
0.0
0.0
0.0
0.0
0.0
0.0
0.0
0.0
0.0
0.0
0.0
0.0
0.0
0.0
0.0
0.0
0.0
0.0
0.0
0.0
0.0
0.0
0.0
0.0
0.0
0.0
0.0
0.0
0.0
0.0
0.0
0.0
0.0
0.0
0.0
0.0
0.0
0.0
0.0
0.0
0.0
0.0
0.0
0.0
0.0
0.0
0.0
0.0
0.0
0.0
0.0
0.0
0.0
0.0
0.0
0.0
0.0
5.110781436469014e-05
0.0002150821399284511
0.0007579816474897698
0.0014644755069852997
0.0026187585925746453
0.0038251271739875217
0.00532049115287802
0.006935922775176369
0.009145262007901623
0.011484400880030285
0.014291137397575033
0.01615552297233436
0.01586540159870195
0.020144769260578975
0.021973885564351914
0.007703639895030294
8.862666832348465e-06
1.3107687814291913e-06
1.3879739524525339e-07
0.0
0.0
0.100016879449367
0.6729318569695576
2.1392830324257246
4.369666559707916
6.637360040395206
8.232076973436417
8.62604001691228
7.471526182635491
5.314090438633318
3.1913687024721806
1.507290842019401
0.6002019365461874
0.6220371248717733
0.840795466548239
0.865409430056542
0.9441082758865063
1.0392362572057015
1.0708812997576453
1.1255107764021983
1.1823818788700697
1.2086906801868453
1.2286984338740912
1.2409980243679395
1.236428522431681
1.2208779936634617
1.1985093143789516
1.1640051944158392
1.116635667127469
1.058937666961188
0.9891887720747625
0.910242466701184
0.8262930270496391
0.7409243188006556
0.6562210512110259
0.5741696154108705
0.49659779314278074
0.42084597381162736
0.3464323230383211
0.27313500404958113
0.1884333823182483
0.09148620484972145
0.022085724977459604
0.0013809781880780182
0.0007943330953737392
0.00044973516884225776
0.00024824750471096356
0.00013126277662117724
6.551767795424225e-05
3.168110431439137e-05
1.466265714158581e-05
5.092378011256048e-06
8.258164745828419e-07
0.0
0.0
0.0
0.0
0.0
0.0
0.0
0.0
0.0
0.0
0.0
0.0
0.0
0.0
0.0
0.0
0.0
0.0
0.0
0.0
0.0
0.0
0.0
0.0
0.0
0.0
0.0
0.0
0.0
0.0
0.0
0.0
0.0
0.0
0.0
0.0
0.0
0.0
0.0
0.0
0.0
0.0
0.0
0.0
0.0
0.0
0.0
0.0
0.0
0.0
0.0
0.0
0.0
0.0
0.0
0.0
0.0
0.0
0.0
0.0
0.0
0.0
0.0
0.0
0.0
0.0
0.0
0.0
0.0
0.0
0.0
0.0
0.0
0.0
0.0
0.0
0.0
0.0
0.0
0.0
0.0
0.0
0.0
0.0
0.0
0.0
0.0
0.0
0.0
0.0
0.0
0.0
0.0
0.0
0.0
0.0
0.0