0.0
0.0
0.0
0.0
0.0
0.0
0.0
0.0
0.0
0.0
0.0
0.0
0.0
0.0
0.0
0.0
0.0
0.0
0.0
0.0
0.0
0.0
0.0
0.0
0.0
0.0
0.0
0.0
0.0
0.0
0.0
0.0
0.0
0.0
0.0
0.0
0.0
0.0
0.0
0.0
0.0
0.0
0.0
0.0
0.0
0.0
0.0
0.0
0.0
0.0
0.0
0.0
0.0
0.0
0.0
0.0
0.0
0.0
0.0
0.0
0.0
0.0
0.0
0.0
0.0
0.0
0.0
0.0
0.0
0.0
0.0
0.0
0.0
0.0
0.0
0.0
0.0
0.0
0.0
0.0
3.850696735887111e-05
0.0002826735627291772
0.0007751812007380584
0.0018164013369037964
0.0030734280808763304
0.004875596339320454
0.006746296967018525
0.009141449511951059
0.011462350810323103
0.013929152443555757
0.01659195957547884
0.020178543249150853
0.023948768437216245
0.02376246242246359
0.027122995659225126
0.05514961676316437
0.09495209231590535
0.09672259533057946
0.03409368146657867
0.03526958492838539
0.10236892156745686
0.10239321503097433
0.03442467697565362
0.01741735464825166
0.21103041720632287
0.9554891630175256
2.4976104471159104
4.560536116550738
6.541840845652745
7.965917498817487
8.379502096700946
7.350082311750918
5.3091957499224645
3.2359941230608986
1.5450040954044713
0.632010709849059
0.6802628469595255
0.9192835312459802
0.9511887854889355
1.044820367003431
1.1496411209645867
1.189949740722978
1.2579989873527482
1.323871191683741
1.3596219124756326
1.3944801280625563
1.4236257643553487
1.434744820467063
1.4322862419618998
1.4220267919547798
1.4009787469890607
1.3677883298175293
1.3232182232179024
1.2634877167640868
1.190324511066615
1.1086093879394145
1.0221800011579063
0.9333514249435803
0.8450229188712336
0.7590894267022139
0.6714382331854425
0.5798147054920028
0.4825502733194904
0.37957539214681757
0.27817075010324716
0.1771456263271522
0.08046020332278751
0.018832116089641932
0.00156654129751066
0.0009124084321002288
0.0005236090887804645
0.00029969070512297284
0.00017004081747775456
9.012274719077894e-05
4.2242363574265075e-05
1.673027011636598e-05
4.844878834968013e-06
7.313605720421579e-07
0.0
0.0
0.0
0.0
0.0
0.0
0.0
0.0
0.0
0.0
0.0
0.0
0.0
0.0
0.0
0.0
0.0
0.0
0.0
0.0
0.0
0.0
0.0
0.0
0.0
0.0
0.0
0.0
0.0
0.0
0.0
0.0
0.0
0.0
0.0
0.0
0.0
0.0
0.0
0.0
0.0
0.0
0.0
0.0
0.0
0.0
0.0
0.0
0.0
0.0
0.0
0.0
0.0
0.0
0.0
0.0
0.0
0.0
0.0
0.0
0.0
0.0
0.0
0.0
0.0
0.0
0.0
0.0
0.0
0.0
0.0
0.0
0.0
0.0
0.0
0.0
0.0
0.0
0.0
0.0
0.0
0.0
0.0
0.0
0.0
0.0
0.0
0.0
0.0
0.0
0.0
0.0
0.0
0.0
0.0