0.0
0.0
0.0
0.0
0.0
0.0
0.0
0.0
0.0
0.0
0.0
0.0
0.0
0.0
0.0
0.0
0.0
0.0
0.0
0.0
0.0
0.0
0.0
0.0
0.0
0.0
0.0
0.0
0.0
0.0
0.0
0.0
0.0
0.0
0.0
0.0
0.0
0.0
0.0
0.0
0.0
0.0
0.0
0.0
0.0
0.0
0.0
0.0
0.0
0.0
0.0
0.0
0.0
0.0
0.0
0.0
0.0
0.0
0.0
0.0
0.0
0.0
0.0
0.0
0.0
0.0
0.0
0.0
0.0
0.0
0.0
0.0
0.0
0.0
0.0
0.0
0.0
0.0
0.00015916343492340077
0.0008730798234332843
0.002552953141711911
0.006174229063520666
0.010734476016631446
0.017755062485435014
0.02537165144545793
0.03491366754429825
0.04434414792882616
0.05562763860795519
0.06630703412864726
0.07697585570855264
0.08861143467645057
0.10379295318587785
0.12059798481463922
0.11863400355264027
0.12797972170631128
0.14571287784542464
0.14910799528850188
0.11376842551736921
0.05670685932626647
0.05384195225115224
0.05299322797156621
0.019017350854398263
0.001160777537280442
0.051529936920211405
0.37534884756875814
1.3387188549023576
3.108891808836541
5.3396624316963655
7.410868355108015
8.869156749496382
9.17559249437554
7.818815261842509
5.457624648241721
3.271423580469842
1.5675143829295102
0.6518466538292631
0.7092809711100957
0.9470594903583557
0.9764339267251514
1.0793337142071107
1.187117100759063
1.2261685408479468
1.2965093782009973
1.3644524982503823
1.4045557426666355
1.4458629430674226
1.4802709620239551
1.4974871204319524
1.5041461192416605
1.5030534026815958
1.4893108772787178
1.4632790554756783
1.4260347418869237
1.373864458237505
1.3083301161654037
1.231963629381459
1.1487642691789892
1.0619771313913147
0.9733063807415854
0.8856047230786301
0.7960959960900529
0.700896993314529
0.595683324429884
0.4801150443147326
0.36387100213108375
0.25413391836864246
0.1515350945459408
0.06496940624854405
0.014939680195865262
0.0015041759814541835
0.0008940304969222044
0.0005294364428214607
0.000303338160826118
0.0001639812379996336
8.237199745292401e-05
3.6953539567909006e-05
1.3822230330980462e-05
3.7657803074290246e-06
5.403793944588336e-07
0.0
0.0
0.0
0.0
0.0
0.0
0.0
0.0
0.0
0.0
0.0
0.0
0.0
0.0
0.0
0.0
0.0
0.0
0.0
0.0
0.0
0.0
0.0
0.0
0.0
0.0
0.0
0.0
0.0
0.0
0.0
0.0
0.0
0.0
0.0
0.0
0.0
0.0
0.0
0.0
0.0
0.0
0.0
0.0
0.0
0.0
0.0
0.0
0.0
0.0
0.0
0.0
0.0
0.0
0.0
0.0
0.0
0.0
0.0
0.0
0.0
0.0
0.0
0.0
0.0
0.0
0.0
0.0
0.0
0.0
0.0
0.0
0.0
0.0
0.0
0.0
0.0
0.0
0.0
0.0
0.0
0.0
0.0
0.0
0.0
0.0
0.0
0.0
0.0
0.0
0.0
0.0
0.0
0.0