0.0
0.0
0.0
0.0
0.0
0.0
0.0
0.0
0.0
0.0
0.0
0.0
0.0
0.0
0.0
0.0
0.0
0.0
0.0
0.0
0.0
0.0
0.0
0.0
0.0
0.0
0.0
0.0
0.0
0.0
0.0
0.0
0.0
0.0
0.0
0.0
0.0
0.0
0.0
0.0
0.0
0.0
0.0
0.0
0.0
0.0
0.0
0.0
0.0
0.0
0.0
0.0
0.0
0.0
0.0
0.0
0.0
0.0
0.0
0.0
0.0
0.0
0.0
0.0
0.0
0.0
0.0
0.0
0.0
0.0
0.0
0.0
0.0
0.0
0.0
0.0
0.0
0.0
0.0
0.0
0.00013284050165981954
0.000975943705630351
0.0026743952738245693
0.006264409750448221
0.010593664932457078
0.016802321039608204
0.023241026626182118
0.03145628412449793
0.039452262699979555
0.04799992707450386
0.05730847250589311
0.05886998519691246
0.06920942486747318
0.08581252928315823
0.09037833973245546
0.08064587890365517
0.06986634747934986
0.07787595891631928
0.11613544735566038
0.1317137152212119
0.07803750279780101
0.01885727262039718
0.0015232087305771139
0.04988349522253419
0.33371704344202724
1.1251873211759438
2.552284518926449
4.420815516511516
6.380117351215187
8.15796771697946
9.031603516182434
7.993281049745615
5.558579653731184
3.2412125473222346
1.540452612449718
0.6477657395029921
0.6567035944154225
0.8404673745373252
0.8451126287001692
0.9096421141224147
0.9689725370972972
0.9671240749959543
0.9903771067668801
1.004720476109299
0.9950847212338086
0.9875982258246607
0.9723644617184695
0.9421310574795645
0.9029497654531641
0.8579027249711159
0.80548240552726
0.7473803057808094
0.6858499243103986
0.6193822945053489
0.5494801311464222
0.47783869432121995
0.4072206355655962
0.3399234975202182
0.2774711712793132
0.22240654713216187
0.173128612168486
0.12845996662809048
0.08447792682985543
0.039549962993927566
0.009137968115479315
0.0004759145463254609
0.00027072823572810406
0.00015083217251317152
8.237909665520038e-05
4.504992154279345e-05
2.4556978916358168e-05
1.2248800030384414e-05
5.080997556388425e-06
1.560863971660836e-06
2.486347519711765e-07
0.0
0.0
0.0
0.0
0.0
0.0
0.0
0.0
0.0
0.0
0.0
0.0
0.0
0.0
0.0
0.0
0.0
0.0
0.0
0.0
0.0
0.0
0.0
0.0
0.0
0.0
0.0
0.0
0.0
0.0
0.0
0.0
0.0
0.0
0.0
0.0
0.0
0.0
0.0
0.0
0.0
0.0
0.0
0.0
0.0
0.0
0.0
0.0
0.0
0.0
0.0
0.0
0.0
0.0
0.0
0.0
0.0
0.0
0.0
0.0
0.0
0.0
0.0
0.0
0.0
0.0
0.0
0.0
0.0
0.0
0.0
0.0
0.0
0.0
0.0
0.0
0.0
0.0
0.0
0.0
0.0
0.0
0.0
0.0
0.0
0.0
0.0
0.0
0.0
0.0
0.0
0.0
0.0
0.0
0.0
0.0
0.0
0.0