0.0
0.0
0.0
0.0
0.0
0.0
0.0
0.0
0.0
0.0
0.0
0.0
0.0
0.0
0.0
0.0
0.0
0.0
0.0
0.0
0.0
0.0
0.0
0.0
0.0
0.0
0.0
0.0
0.0
0.0
0.0
0.0
0.0
0.0
0.0
0.0
0.0
0.0
0.0
0.0
0.0
0.0
0.0
0.0
0.0
0.0
0.0
0.0
0.0
0.0
0.0
0.0
0.0
0.0
0.0
0.0
0.0
0.0
0.0
0.0
0.0
0.0
0.0
0.0
0.0
0.0
0.0
0.0
0.0
0.0
0.0
0.0
0.0
0.0
0.0
0.0
0.0
0.0
0.0001297371308723377
0.0007135177667422997
0.0020877726880510097
0.005047536004136828
0.008770085450092804
0.014499602724793496
0.02071037553574584
0.028494663732978348
0.03617973558308112
0.04536020978281402
0.054093830021417266
0.06259357179796946
0.08139716469058042
0.09890665819652339
0.11013926626357223
0.10786529797450695
0.09813506343823118
0.07987545007472689
0.1573707679727295
0.503348897806491
0.5320828406189049
0.2667868083229942
0.09582627309117785
0.03149386114180386
0.001331707863532135
0.10597925671577087
0.6217867162494652
1.8554154447065114
3.8432706764122875
6.2408310386206445
8.544577974863792
10.224101425192924
10.372179094884896
8.471339909953493
5.643271015926179
3.3016030364939137
1.6331548840728487
0.7342230767858515
0.7237131997727844
0.9016975019458573
0.9122016074579533
0.9931084660156508
1.0668972959351108
1.0798229275254527
1.1222360531740168
1.1514013583739318
1.1542919857739709
1.1616543420459993
1.1619294973987606
1.1475050690066975
1.1267150528682415
1.099264999257317
1.0588008297529026
1.0084023046802777
0.9522649278179947
0.8873415876157282
0.8147533747213912
0.737904986544326
0.6601180933878956
0.5835547785905053
0.5095588684651241
0.43946915658859514
0.3714987985711145
0.30610191820751637
0.24277487482962265
0.16845888452113672
0.08187324338822068
0.019638344128340906
0.0011295596556151804
0.0006633064744137788
0.00038990338667144815
0.00022891837949158154
0.00013020385836898848
7.000811970014872e-05
3.485997246579971e-05
1.4937226572091534e-05
4.707814050082035e-06
7.684491399387094e-07
0.0
0.0
0.0
0.0
0.0
0.0
0.0
0.0
0.0
0.0
0.0
0.0
0.0
0.0
0.0
0.0
0.0
0.0
0.0
0.0
0.0
0.0
0.0
0.0
0.0
0.0
0.0
0.0
0.0
0.0
0.0
0.0
0.0
0.0
0.0
0.0
0.0
0.0
0.0
0.0
0.0
0.0
0.0
0.0
0.0
0.0
0.0
0.0
0.0
0.0
0.0
0.0
0.0
0.0
0.0
0.0
0.0
0.0
0.0
0.0
0.0
0.0
0.0
0.0
0.0
0.0
0.0
0.0
0.0
0.0
0.0
0.0
0.0
0.0
0.0
0.0
0.0
0.0
0.0
0.0
0.0
0.0
0.0
0.0
0.0
0.0
0.0
0.0
0.0
0.0
0.0
0.0
0.0
0.0
0.0
0.0
0.0