0.0
0.0
0.0
0.0
0.0
0.0
0.0
0.0
0.0
0.0
0.0
0.0
0.0
0.0
0.0
0.0
0.0
0.0
0.0
0.0
0.0
0.0
0.0
0.0
0.0
0.0
0.0
0.0
0.0
0.0
0.0
0.0
0.0
0.0
0.0
0.0
0.0
0.0
0.0
0.0
0.0
0.0
0.0
0.0
0.0
0.0
0.0
0.0
0.0
0.0
0.0
0.0
0.0
0.0
0.0
0.0
0.0
0.0
0.0
0.0
0.0
0.0
0.0
0.0
0.0
0.0
0.0
0.0
0.0
0.0
0.0
0.0
0.0
0.0
0.0
0.0
0.0
0.0
0.0
6.882156540950993e-05
0.0004204596299459498
0.0014849756469548958
0.0030437631999082533
0.0057235256651983046
0.008745550694464255
0.012755022262151245
0.016796547428409137
0.021745896050767325
0.026525899661428754
0.03135483714187774
0.04060274831186257
0.045838318098036214
0.04910161203348263
0.04544104569270293
0.031232807657582476
0.018106729903346448
0.13054198412609835
0.5600032929845118
0.6055644167419475
0.2984728223418533
0.10671897383383593
0.042756369394489444
0.005509921788596094
0.09741662288602203
0.5586391909527202
1.6343661035159898
3.3673493573560735
5.573360523531314
8.009110172142996
10.096771949109906
10.447205293683648
8.372056915265693
5.319946160292363
2.938008985050093
1.4093070731340775
0.6263195792079902
0.5548567630084926
0.635235191912427
0.5993244246840435
0.6207720985845291
0.6332206542456694
0.5998097127079414
0.5903430511293145
0.5710019459174126
0.53425329579061
0.5023769663585351
0.46570265113833564
0.421365997671342
0.377093556584366
0.333472600906623
0.28773341746954156
0.24120912259447913
0.19618073454016005
0.15351256751179534
0.1146621813786098
0.07903388371419244
0.047194292461234584
0.022043110562939873
0.006622906755148116
0.0009789733313578823
0.00014475678830047699
7.858769130941417e-05
4.106014417897457e-05
2.0263356918423875e-05
9.153465816147184e-06
3.5922357588630122e-06
1.1340891574133343e-06
2.7129099282282066e-07
5.9398896220762423e-08
1.2731752036121185e-08
0.0
0.0
0.0
0.0
0.0
0.0
0.0
0.0
0.0
0.0
0.0
0.0
0.0
0.0
0.0
0.0
0.0
0.0
0.0
0.0
0.0
0.0
0.0
0.0
0.0
0.0
0.0
0.0
0.0
0.0
0.0
0.0
0.0
0.0
0.0
0.0
0.0
0.0
0.0
0.0
0.0
0.0
0.0
0.0
0.0
0.0
0.0
0.0
0.0
0.0
0.0
0.0
0.0
0.0
0.0
0.0
0.0
0.0
0.0
0.0
0.0
0.0
0.0
0.0
0.0
0.0
0.0
0.0
0.0
0.0
0.0
0.0
0.0
0.0
0.0
0.0
0.0
0.0
0.0
0.0
0.0
0.0
0.0
0.0
0.0
0.0
0.0
0.0
0.0
0.0
0.0
0.0
0.0
0.0
0.0
0.0
0.0
0.0
0.0
0.0
0.0
0.0
0.0