0.0
0.0
0.0
0.0
0.0
0.0
0.0
0.0
0.0
0.0
0.0
0.0
0.0
0.0
0.0
0.0
0.0
0.0
0.0
0.0
0.0
0.0
0.0
0.0
0.0
0.0
0.0
0.0
0.0
0.0
0.0
0.0
0.0
0.0
0.0
0.0
0.0
0.0
0.0
0.0
0.0
0.0
0.0
0.0
0.0
0.0
0.0
0.0
0.0
0.0
0.0
0.0
0.0
0.0
0.0
0.0
0.0
0.0
0.0
0.0
0.0
0.0
0.0
0.0
0.0
0.0
0.0
0.0
0.0
0.0
0.0
0.0
0.0
0.0
0.0
0.0
0.0
0.0
0.0
0.0
1.402238541180107e-05
0.00010302761357860073
0.0002821803718184367
0.0006607973418695603
0.0011169459665880252
0.0017713536977867264
0.002449333898054938
0.0033066867790992626
0.004148672152709295
0.005040270545544937
0.006010923829513955
0.006027939711857312
0.006739114681467857
0.007459317157305165
0.006973274885696232
0.0050574772035545034
0.027298925692823443
0.1144762470415939
0.12756236485929773
0.0716097610138419
0.03085988547380733
0.010192952256408885
0.00036638341725581596
0.03603002562975833
0.22453885484335911
0.7108490928556097
1.5804118872644453
2.869889065868946
4.680746824533285
6.971614096334955
8.513121760294817
7.588753539733657
4.885040419592249
2.5509284232787923
1.1712525451753086
0.5039228726455216
0.411122904180788
0.428281233542484
0.36531491899521895
0.36157738403376055
0.3518770166507433
0.30859247134907525
0.2881732721122745
0.26162746888688987
0.2235790341755147
0.19131467343445485
0.15827846077427013
0.12295756595941905
0.09014704342802214
0.06105284517236408
0.034386324369772944
0.012919313093765062
0.002355055648527063
0.0001687476714230074
9.155613976233769e-05
4.949121922853117e-05
2.5550078527238288e-05
1.2127841952524958e-05
5.204923234168116e-06
1.8674398417143013e-06
4.7374299018990653e-07
5.915021465948145e-08
0.0
0.0
0.0
0.0
0.0
0.0
0.0
0.0
0.0
0.0
0.0
0.0
0.0
0.0
0.0
0.0
0.0
0.0
0.0
0.0
0.0
0.0
0.0
0.0
0.0
0.0
0.0
0.0
0.0
0.0
0.0
0.0
0.0
0.0
0.0
0.0
0.0
0.0
0.0
0.0
0.0
0.0
0.0
0.0
0.0
0.0
0.0
0.0
0.0
0.0
0.0
0.0
0.0
0.0
0.0
0.0
0.0
0.0
0.0
0.0
0.0
0.0
0.0
0.0
0.0
0.0
0.0
0.0
0.0
0.0
0.0
0.0
0.0
0.0
0.0
0.0
0.0
0.0
0.0
0.0
0.0
0.0
0.0
0.0
0.0
0.0
0.0
0.0
0.0
0.0
0.0
0.0
0.0
0.0
0.0
0.0
0.0
0.0
0.0
0.0
0.0
0.0
0.0
0.0
0.0
0.0
0.0
0.0
0.0
0.0
0.0