0.0
0.0
0.0
0.0
0.0
0.0
0.0
0.0
0.0
0.0
0.0
0.0
0.0
0.0
0.0
0.0
0.0
0.0
0.0
0.0
0.0
0.0
0.0
0.0
0.0
0.0
0.0
0.0
0.0
0.0
0.0
0.0
0.0
0.0
0.0
0.0
0.0
0.0
0.0
0.0
0.0
0.0
0.0
0.0
0.0
0.0
0.0
0.0
0.0
0.0
0.0
0.0
0.0
0.0
0.0
0.0
0.0
0.0
0.0
0.0
0.0
0.0
0.0
0.0
0.0
0.0
0.0
0.0
0.0
0.0
0.0
0.0
0.0
0.0
0.0
0.0
0.0
0.0
0.00015746770430901408
0.0008669594183947992
0.0025373255887434143
0.006136937285313408
0.010660368189299215
0.01761797531297064
0.025152910232754292
0.03459831308074039
0.043919356313491704
0.05490823372851615
0.06548080391038665
0.07578520587449397
0.08719591867447145
0.08544578369195563
0.09380779165239447
0.11635680115121846
0.1282444661993483
0.09700746627985761
0.10557276885515654
0.2841730461427933
0.3080077257006874
0.1649369956829136
0.07040882905392339
0.02669169903430788
0.002288932975073634
0.0700522545036849
0.42466221460845766
1.3085036912568933
2.7947539249435733
4.698135169236784
6.736551780335377
8.670782760775454
9.615714653723977
8.366551066066268
5.598525079119883
3.1778101530946414
1.6172708119925792
0.791517771998054
0.7015876345862393
0.7975447985570905
0.7822034067148937
0.8363476603904093
0.874836894098481
0.8644446770431217
0.8877191985387335
0.893565033001775
0.8753636570093726
0.8611600649366816
0.8379238579731568
0.8023292026448962
0.7613100755457088
0.7148801483646723
0.6621311170806384
0.6052238315636154
0.5456273016092512
0.4825827986502314
0.4176924210643148
0.3528484885111743
0.29057643426866253
0.233220201636006
0.18189917538793632
0.1369432712093936
0.09740927890165037
0.0614549823078644
0.02858405183423548
0.006786091126599012
0.0003333704540293518
0.00018741289176011088
0.00010274678305088101
5.497689092050019e-05
2.947071109014415e-05
1.5830017298931926e-05
7.756764116202678e-06
3.1508229501990697e-06
9.654387180710417e-07
1.5742562393094845e-07
0.0
0.0
0.0
0.0
0.0
0.0
0.0
0.0
0.0
0.0
0.0
0.0
0.0
0.0
0.0
0.0
0.0
0.0
0.0
0.0
0.0
0.0
0.0
0.0
0.0
0.0
0.0
0.0
0.0
0.0
0.0
0.0
0.0
0.0
0.0
0.0
0.0
0.0
0.0
0.0
0.0
0.0
0.0
0.0
0.0
0.0
0.0
0.0
0.0
0.0
0.0
0.0
0.0
0.0
0.0
0.0
0.0
0.0
0.0
0.0
0.0
0.0
0.0
0.0
0.0
0.0
0.0
0.0
0.0
0.0
0.0
0.0
0.0
0.0
0.0
0.0
0.0
0.0
0.0
0.0
0.0
0.0
0.0
0.0
0.0
0.0
0.0
0.0
0.0
0.0
0.0
0.0
0.0
0.0
0.0
0.0
0.0
0.0
0.0