0.0
0.0
0.0
0.0
0.0
0.0
0.0
0.0
0.0
0.0
0.0
0.0
0.0
0.0
0.0
0.0
0.0
0.0
0.0
0.0
0.0
0.0
0.0
0.0
0.0
0.0
0.0
0.0
0.0
0.0
0.0
0.0
0.0
0.0
0.0
0.0
0.0
0.0
0.0
0.0
0.0
0.0
0.0
0.0
0.0
0.0
0.0
0.0
0.0
0.0
0.0
0.0
0.0
0.0
0.0
0.0
0.0
0.0
0.0
0.0
0.0
0.0
0.0
0.0
0.0
0.0
0.0
0.0
0.0
0.0
0.0
0.0
0.0
0.0
0.0
0.0
0.0
0.0
0.0
0.0
0.0
0.0
0.0
0.0
0.0
0.0
0.0
0.0
0.0
0.0
0.0
0.0
0.0
0.0
0.0
0.0
0.0
0.0
0.0024697315436771087
0.007594438197379334
0.007788501755102831
0.002677761606835013
2.192252660949335e-05
0.011132237897061286
0.07717188664469371
0.26648060343851915
0.6455289142993532
1.3143973736572012
2.478967597985182
4.32125668939504
6.181618806137976
6.454567090284168
4.790314303585904
2.7323790400009944
1.3284312235220244
0.6318512142569995
0.5205018681445087
0.5464861089393221
0.4986440738621873
0.5141937144453624
0.5123506164941801
0.47145625059459956
0.4594274485199567
0.4353441881565252
0.3953729671494556
0.3607414778742296
0.32210299698600725
0.27877236362875557
0.23651291035273644
0.19541723354916102
0.15457371421559557
0.1157958861704909
0.08083019695350338
0.04904918928802466
0.023310062181340265
0.007631531522957831
0.0013781784116647501
0.00014521512180013755
7.893419982407702e-05
4.0979515295532733e-05
2.020353949166075e-05
9.204227529711611e-06
3.6857172103885112e-06
1.1936957681771434e-06
2.72907899031111e-07
3.217206367358435e-08
0.0
0.0
0.0
0.0
0.0
0.0
0.0
0.0
0.0
0.0
0.0
0.0
0.0
0.0
0.0
0.0
0.0
0.0
0.0
0.0
0.0
0.0
0.0
0.0
0.0
0.0
0.0
0.0
0.0
0.0
0.0
0.0
0.0
0.0
0.0
0.0
0.0
0.0
0.0
0.0
0.0
0.0
0.0
0.0
0.0
0.0
0.0
0.0
0.0
0.0
0.0
0.0
0.0
0.0
0.0
0.0
0.0
0.0
0.0
0.0
0.0
0.0
0.0
0.0
0.0
0.0
0.0
0.0
0.0
0.0
0.0
0.0
0.0
0.0
0.0
0.0
0.0
0.0
0.0
0.0
0.0
0.0
0.0
0.0
0.0
0.0
0.0
0.0
0.0
0.0
0.0
0.0
0.0
0.0
0.0
0.0
0.0
0.0
0.0
0.0
0.0
0.0
0.0
0.0
0.0
0.0
0.0