0.0
0.0
0.0
0.0
0.0
0.0
0.0
0.0
0.0
0.0
0.0
0.0
0.0
0.0
0.0
0.0
0.0
0.0
0.0
0.0
0.0
0.0
0.0
0.0
0.0
0.0
0.0
0.0
0.0
0.0
0.0
0.0
0.0
0.0
0.0
0.0
0.0
0.0
0.0
0.0
0.0
0.0
0.0
0.0
0.0
0.0
0.0
0.0
0.0
0.0
0.0
0.0
0.0
0.0
0.0
0.0
0.0
0.0
0.0
0.0
0.0
0.0
0.0
0.0
0.0
0.0
0.0
0.0
0.0
0.0
0.0
0.0
0.0
0.0
0.0
0.0
0.0
0.0
0.0
0.0
0.0
0.0
0.0
0.0
0.0
0.0
3.075818358727964e-05
0.00033659536147261093
0.0008122733641270248
0.001767604706985583
0.002896369628788543
0.0046175972695419185
0.006437396921556914
0.008860573237649057
0.011496229408942491
0.013449493710373055
0.017646517328576822
0.01790844692218188
0.01698991588308908
0.02238404507967652
0.012334636105937593
0.0008613054461203074
8.790715068707843e-05
1.1819448862124186e-05
0.003915792390617278
0.05687024499901108
0.27088812360829156
0.7530604347622742
1.5452476946210203
2.641540468981162
3.944168993983495
4.7811231464650525
4.24441848679318
2.783359550163437
1.5414534875928108
0.859810994714975
0.679326544326105
0.6700457961239841
0.6477397921276924
0.7216757868118184
0.7590415533201418
0.7602619524204043
0.8063914996470244
0.8214625708575597
0.8176450752961185
0.8220083209957686
0.8085973301962888
0.7793519400049774
0.7430135356634128
0.6966859162638019
0.640153539225492
0.5772423273634265
0.510923625420855
0.44107618949044264
0.3698293432803001
0.29929295368731723
0.23203329082800697
0.17155511439415236
0.11920237664163022
0.07510506894082157
0.03903349549856853
0.013956830211367054
0.002625519861514191
0.00025191022606823736
0.0001376113493982332
7.219754652419615e-05
3.536681680501205e-05
1.6154427987493222e-05
6.62986632137472e-06
2.270275323804627e-06
5.567575154724628e-07
6.966263728530067e-08
0.0
0.0
0.0
0.0
0.0
0.0
0.0
0.0
0.0
0.0
0.0
0.0
0.0
0.0
0.0
0.0
0.0
0.0
0.0
0.0
0.0
0.0
0.0
0.0
0.0
0.0
0.0
0.0
0.0
0.0
0.0
0.0
0.0
0.0
0.0
0.0
0.0
0.0
0.0
0.0
0.0
0.0
0.0
0.0
0.0
0.0
0.0
0.0
0.0
0.0
0.0
0.0
0.0
0.0
0.0
0.0
0.0
0.0
0.0
0.0
0.0
0.0
0.0
0.0
0.0
0.0
0.0
0.0
0.0
0.0
0.0
0.0
0.0
0.0
0.0
0.0
0.0
0.0
0.0
0.0
0.0
0.0
0.0
0.0
0.0
0.0
0.0
0.0
0.0
0.0
0.0
0.0
0.0
0.0
0.0
0.0
0.0
0.0
0.0
0.0
0.0