0.0
0.0
0.0
0.0
0.0
0.0
0.0
0.0
0.0
0.0
0.0
0.0
0.0
0.0
0.0
0.0
0.0
0.0
0.0
0.0
0.0
0.0
0.0
0.0
0.0
0.0
0.0
0.0
0.0
0.0
0.0
0.0
0.0
0.0
0.0
0.0
0.0
0.0
0.0
0.0
0.0
0.0
0.0
0.0
0.0
0.0
0.0
0.0
0.0
0.0
0.0
0.0
0.0
0.0
0.0
0.0
0.0
0.0
0.0
0.0
0.0
0.0
0.0
0.0
0.0
0.0
0.0
0.0
0.0
0.0
0.0
0.0
0.0
0.0
0.0
0.0
0.0
0.0
0.0
0.0
0.0
0.0
0.0
0.0
0.0
0.0
0.0
0.0
0.0
0.0
0.0
0.0
0.0
0.0
0.0
0.0
0.0
0.0
0.0
0.0
0.0
0.0
0.0
0.0
0.0
0.0
0.0
0.0
0.0
0.40802639948627845
1.7361639740192627
3.136615762584634
3.2802803535753022
2.403766178503011
1.432426042185549
0.8073245991041987
0.6285851381942301
0.6012902839666092
0.5889816983834162
0.6850832001336775
0.7387527719843989
0.7771076076980321
0.8747178548040174
0.9339442418081791
0.979043821329597
1.0365408820201496
1.0707822507383757
1.086477070773753
1.0924393571843198
1.0837477294762776
1.0582276754583746
1.0171325660357429
0.9606690341249772
0.886863045105728
0.8000786139847449
0.7061164603426879
0.6105336166602517
0.5175805387408688
0.4291828142606968
0.3467687963384964
0.2699699399639773
0.20049728438728223
0.13190315747734355
0.06160604242217849
0.014321422920144915
0.0008848864160899082
0.000488484774182981
0.0002696066686892883
0.0001439597510776213
7.234108896023357e-05
3.371479388078805e-05
1.3621005705802263e-05
4.084905587840507e-06
6.373664800591887e-07
0.0
0.0
0.0
0.0
0.0
0.0
0.0
0.0
0.0
0.0
0.0
0.0
0.0
0.0
0.0
0.0
0.0
0.0
0.0
0.0
0.0
0.0
0.0
0.0
0.0
0.0
0.0
0.0
0.0
0.0
0.0
0.0
0.0
0.0
0.0
0.0
0.0
0.0
0.0
0.0
0.0
0.0
0.0
0.0
0.0
0.0
0.0
0.0
0.0
0.0
0.0
0.0
0.0
0.0
0.0
0.0
0.0
0.0
0.0
0.0
0.0
0.0
0.0
0.0
0.0
0.0
0.0
0.0
0.0
0.0
0.0
0.0
0.0
0.0
0.0
0.0
0.0
0.0
0.0
0.0
0.0
0.0
0.0
0.0
0.0
0.0
0.0
0.0
0.0
0.0
0.0
0.0
0.0
0.0
0.0
0.0
0.0
0.0
0.0