0.0
0.0
0.0
0.0
0.0
0.0
0.0
0.0
0.0
0.0
0.0
0.0
0.0
0.0
0.0
0.0
0.0
0.0
0.0
0.0
0.0
0.0
0.0
0.0
0.0
0.0
0.0
0.0
0.0
0.0
0.0
0.0
0.0
0.0
0.0
0.0
0.0
0.0
0.0
0.0
0.0
0.0
0.0
0.0
0.0
0.0
0.0
0.0
0.0
0.0
0.0
0.0
0.0
0.0
0.0
0.0
0.0
0.0
0.0
0.0
0.0
0.0
0.0
0.0
0.0
0.0
0.0
0.0
0.0
0.0
0.0
0.0
0.0
0.0
0.0
0.0
0.0
0.0
0.0
0.0
0.0
0.0
0.0
0.0
0.0
0.0
0.0
0.0
0.0
0.0
0.0
0.0
0.0
0.0
0.0
0.0
0.0
0.0
0.0
0.0
0.0
0.0
0.0
0.0
0.0
0.0
0.0
0.0
0.0
0.0
0.407711420929418
1.599886801701019
2.5568898879192488
2.2817741359352737
1.3980222134568512
0.7545036430481997
0.5331362500970325
0.48713887730009275
0.5079321783306152
0.6249363736921344
0.675090219456808
0.7144152166585358
0.8123661759095623
0.8691054006320398
0.9157062677362515
0.9753250984722238
1.0092035665972665
1.024446982046608
1.0309919245872863
1.0222044544792455
0.9953045243613057
0.95225315685982
0.8932066667351616
0.8183291077517094
0.7322012487897799
0.6377761277074295
0.5415155027120225
0.44950072527961243
0.3627372025322308
0.28313096274046834
0.21180043697699535
0.14929883201717242
0.09187727092899366
0.04019341246926471
0.008919747026536189
0.0006034354928512598
0.00032105055942927317
0.00017072517056269045
9.086601200238945e-05
4.569001411911033e-05
2.0557119469371387e-05
7.95272729940446e-06
2.2704927712223566e-06
3.370713570794975e-07
0.0
0.0
0.0
0.0
0.0
0.0
0.0
0.0
0.0
0.0
0.0
0.0
0.0
0.0
0.0
0.0
0.0
0.0
0.0
0.0
0.0
0.0
0.0
0.0
0.0
0.0
0.0
0.0
0.0
0.0
0.0
0.0
0.0
0.0
0.0
0.0
0.0
0.0
0.0
0.0
0.0
0.0
0.0
0.0
0.0
0.0
0.0
0.0
0.0
0.0
0.0
0.0
0.0
0.0
0.0
0.0
0.0
0.0
0.0
0.0
0.0
0.0
0.0
0.0
0.0
0.0
0.0
0.0
0.0
0.0
0.0
0.0
0.0
0.0
0.0
0.0
0.0
0.0
0.0
0.0
0.0
0.0
0.0
0.0
0.0
0.0
0.0
0.0
0.0
0.0
0.0
0.0
0.0
0.0
0.0
0.0
0.0
0.0
0.0