0.0
0.0
0.0
0.0
0.0
0.0
0.0
0.0
0.0
0.0
0.0
0.0
0.0
0.0
0.0
0.0
0.0
0.0
0.0
0.0
0.0
0.0
0.0
0.0
0.0
0.0
0.0
0.0
0.0
0.0
0.0
0.0
0.0
0.0
0.0
0.0
0.0
0.0
0.0
0.0
0.0
0.0
0.0
0.0
0.0
0.0
0.0
0.0
0.0
0.0
0.0
0.0
0.0
0.0
0.0
0.0
0.0
0.0
0.0
0.0
0.0
0.0
0.0
0.0
0.0
0.0
0.0
0.0
0.0
0.0
0.0
0.0
0.0
0.0
0.0
0.0
0.0
0.0
0.0
0.0
0.0
0.0
0.0
0.0
0.0
0.0
0.0
0.0
0.0
0.0
0.0
0.0
0.0
0.0
0.0
0.0
0.0
0.0
0.0
0.0
0.0
0.0
0.0
0.0
0.0
0.0
0.0
0.0
0.0
0.0
0.3770328441203462
1.4643307518135253
2.3268530995076455
2.0909786991450843
1.3090642180144574
0.6967087170407776
0.4387174291712257
0.3789454028255183
0.4320567302842392
0.5671765506500807
0.6203625282137832
0.6801656354842348
0.8006898689885517
0.8732046386818451
0.9412051294831948
1.0264223429647945
1.0878649598857035
1.136470731922375
1.1765985357081163
1.196858273513385
1.1974878207076998
1.181759627934778
1.146568450244899
1.0882994698447093
1.0112165155029456
0.918868115902274
0.8163257451493495
0.7104458401629844
0.6072129786853986
0.5106112966440652
0.4174868024143161
0.3265883799712533
0.23942685523768825
0.15143446327852167
0.06816689395316063
0.01582142594272793
0.001162356414302952
0.0006301883144992752
0.00034125022796713066
0.00018419846112201313
9.419216802221116e-05
4.328827257609803e-05
1.7015726907337395e-05
4.930656003907019e-06
7.496172156195897e-07
0.0
0.0
0.0
0.0
0.0
0.0
0.0
0.0
0.0
0.0
0.0
0.0
0.0
0.0
0.0
0.0
0.0
0.0
0.0
0.0
0.0
0.0
0.0
0.0
0.0
0.0
0.0
0.0
0.0
0.0
0.0
0.0
0.0
0.0
0.0
0.0
0.0
0.0
0.0
0.0
0.0
0.0
0.0
0.0
0.0
0.0
0.0
0.0
0.0
0.0
0.0
0.0
0.0
0.0
0.0
0.0
0.0
0.0
0.0
0.0
0.0
0.0
0.0
0.0
0.0
0.0
0.0
0.0
0.0
0.0
0.0
0.0
0.0
0.0
0.0
0.0
0.0
0.0
0.0
0.0
0.0
0.0
0.0
0.0
0.0
0.0
0.0
0.0
0.0
0.0
0.0
0.0
0.0
0.0
0.0
0.0
0.0
0.0