0.0
0.0
0.0
0.0
0.0
0.0
0.0
0.0
0.0
0.0
0.0
0.0
0.0
0.0
0.0
0.0
0.0
0.0
0.0
0.0
0.0
0.0
0.0
0.0
0.0
0.0
0.0
0.0
0.0
0.0
0.0
0.0
0.0
0.0
0.0
0.0
0.0
0.0
0.0
0.0
0.0
0.0
0.0
0.0
0.0
0.0
0.0
0.0
0.0
0.0
0.0
0.0
0.0
0.0
0.0
0.0
0.0
0.0
0.0
0.0
0.0
0.0
0.0
0.0
0.0
0.0
0.0
0.0
0.0
0.0
0.0
0.0
0.0
0.0
0.0
0.0
0.0
0.0
0.0
0.0
0.0
0.0
0.0
0.0
0.0
0.0
0.0
0.0
0.0
0.0
0.0
0.0
0.0
0.0
0.0
0.0
0.0
0.0
0.0
0.0
0.0
0.0
0.0
0.0
0.0
0.0
0.0
0.0
0.0
0.0
0.3682627979841873
1.4219768921997427
2.249859644724094
2.0228701876665367
1.2741943925037924
0.662540245936229
0.37525401447660994
0.31679863463699837
0.3944567433803932
0.5252717360440613
0.5699241377076889
0.6419751089536901
0.771883376282031
0.849473610220327
0.9314106661229633
1.03242124775242
1.1068156095324189
1.1717786623618665
1.232827979989652
1.2754417973541445
1.2964892844681217
1.2991114225759617
1.2813978147120086
1.2381724281971023
1.172282196131837
1.086322348673211
0.9851794484836295
0.8772820798092769
0.769166155870564
0.6642682071074375
0.5597840444593788
0.454023631958387
0.3474021138428028
0.2309283293337566
0.10908525407684994
0.02628701676845694
0.0019629702707746957
0.0010682371546189378
0.0005707170935403781
0.0003033970125627173
0.00016000331659413806
7.764162269214952e-05
3.1451070911992974e-05
9.43781322444262e-06
1.4846518591044698e-06
0.0
0.0
0.0
0.0
0.0
0.0
0.0
0.0
0.0
0.0
0.0
0.0
0.0
0.0
0.0
0.0
0.0
0.0
0.0
0.0
0.0
0.0
0.0
0.0
0.0
0.0
0.0
0.0
0.0
0.0
0.0
0.0
0.0
0.0
0.0
0.0
0.0
0.0
0.0
0.0
0.0
0.0
0.0
0.0
0.0
0.0
0.0
0.0
0.0
0.0
0.0
0.0
0.0
0.0
0.0
0.0
0.0
0.0
0.0
0.0
0.0
0.0
0.0
0.0
0.0
0.0
0.0
0.0
0.0
0.0
0.0
0.0
0.0
0.0
0.0
0.0
0.0
0.0
0.0
0.0
0.0
0.0
0.0
0.0
0.0
0.0
0.0
0.0
0.0
0.0
0.0
0.0
0.0
0.0
0.0
0.0
0.0
0.0