0.0
0.0
0.0
0.0
0.0
0.0
0.0
0.0
0.0
0.0
0.0
0.0
0.0
0.0
0.0
0.0
0.0
0.0
0.0
0.0
0.0
0.0
0.0
0.0
0.0
0.0
0.0
0.0
0.0
0.0
0.0
0.0
0.0
0.0
0.0
0.0
0.0
0.0
0.0
0.0
0.0
0.0
0.0
0.0
0.0
0.0
0.0
0.0
0.0
0.0
0.0
0.0
0.0
0.0
0.0
0.0
0.0
0.0
0.0
0.0
0.0
0.0
0.0
0.0
0.0
0.0
0.0
0.0
0.0
0.0
0.0
0.0
0.0
0.0
0.0
0.0
0.0
0.0
0.0
0.0
0.0
0.0
0.0
0.0
0.0
0.0
0.0
0.0
0.0
0.0
0.0
0.0
0.0
0.0
0.0
0.0
0.0
0.0
0.0
0.0
0.0
0.0
0.0
0.0
0.0
0.0
0.0
0.0
0.0
0.0
0.17871296055893
0.7818971308579185
1.4518570209446675
1.5614883840488905
1.118923813662542
0.5888561971270845
0.30729381160647323
0.2626330465068313
0.36686154330191006
0.4979596940470974
0.529212462519669
0.5853550445188184
0.6866390092610009
0.7335525740219688
0.7853310479206237
0.8520303401424634
0.8903128336463332
0.9161553391299957
0.9346898760503929
0.9361979644506832
0.9205756444303015
0.8889890222989245
0.8388948079478161
0.7692829782217754
0.6861143303662224
0.593393151097327
0.4963427149650114
0.40156125397547693
0.31297179841975625
0.2336873276399321
0.16425451855173057
0.10171137784195684
0.04617319537014764
0.010863259093862817
0.0006901951899788085
0.0003585037321851811
0.00018009102824766062
8.611716774612102e-05
3.869583679123227e-05
1.6872564899939086e-05
7.237795980006545e-06
2.4049483228231028e-06
3.740596357090436e-07
0.0
0.0
0.0
0.0
0.0
0.0
0.0
0.0
0.0
0.0
0.0
0.0
0.0
0.0
0.0
0.0
0.0
0.0
0.0
0.0
0.0
0.0
0.0
0.0
0.0
0.0
0.0
0.0
0.0
0.0
0.0
0.0
0.0
0.0
0.0
0.0
0.0
0.0
0.0
0.0
0.0
0.0
0.0
0.0
0.0
0.0
0.0
0.0
0.0
0.0
0.0
0.0
0.0
0.0
0.0
0.0
0.0
0.0
0.0
0.0
0.0
0.0
0.0
0.0
0.0
0.0
0.0
0.0
0.0
0.0
0.0
0.0
0.0
0.0
0.0
0.0
0.0
0.0
0.0
0.0
0.0
0.0
0.0
0.0
0.0
0.0
0.0
0.0
0.0
0.0
0.0
0.0
0.0
0.0
0.0
0.0
0.0
0.0
0.0
0.0