0.0
0.0
0.0
0.0
0.0
0.0
0.0
0.0
0.0
0.0
0.0
0.0
0.0
0.0
0.0
0.0
0.0
0.0
0.0
0.0
0.0
0.0
0.0
0.0
0.0
0.0
0.0
0.0
0.0
0.0
0.0
0.0
0.0
0.0
0.0
0.0
0.0
0.0
0.0
0.0
0.0
0.0
0.0
0.0
0.0
0.0
0.0
0.0
0.0
0.0
0.0
0.0
0.0
0.0
0.0
0.0
0.0
0.0
0.0
0.0
0.0
0.0
0.0
0.0
0.0
0.0
0.0
0.0
0.0
0.0
0.0
0.0
0.0
0.0
0.0
0.0
0.0
0.0
0.0
0.0
0.0
0.0
0.0
0.0
0.0
0.0
0.0
0.0
0.0
0.0
0.0
0.0
0.0
0.0
0.0
0.0
0.0
0.0
0.0
0.0
0.0
0.0
0.0
0.0
0.0
0.0
0.0
0.0
0.0
0.0
0.3803075352256986
1.5475227137166891
2.5620959950383457
2.3220008810812636
1.3753677646857052
0.6332165217370718
0.2960275769178708
0.25647416649386556
0.37964285361133926
0.4889864588983467
0.5007869644970253
0.5476224099824238
0.6199665092438159
0.6365007016959792
0.6616608314300512
0.6947451060400058
0.7025526704261063
0.7048967037216433
0.6998606449858266
0.6785996420383992
0.6444498605885935
0.5984942186839881
0.5411048877563738
0.4740757727007271
0.4007785087262514
0.3236802637965087
0.24768240784938947
0.17758871219472253
0.11620453577374064
0.06561719706422271
0.027284362266153356
0.006059483546472045
0.0004566030900739645
0.00022386292500756544
0.00010920286456789308
4.9953402112102e-05
2.073828119335942e-05
7.529144914565738e-06
2.4468463673492035e-06
7.613064458135819e-07
1.6054788897854774e-07
4.815689093710223e-10
0.0
0.0
0.0
0.0
0.0
0.0
0.0
0.0
0.0
0.0
0.0
0.0
0.0
0.0
0.0
0.0
0.0
0.0
0.0
0.0
0.0
0.0
0.0
0.0
0.0
0.0
0.0
0.0
0.0
0.0
0.0
0.0
0.0
0.0
0.0
0.0
0.0
0.0
0.0
0.0
0.0
0.0
0.0
0.0
0.0
0.0
0.0
0.0
0.0
0.0
0.0
0.0
0.0
0.0
0.0
0.0
0.0
0.0
0.0
0.0
0.0
0.0
0.0
0.0
0.0
0.0
0.0
0.0
0.0
0.0
0.0
0.0
0.0
0.0
0.0
0.0
0.0
0.0
0.0
0.0
0.0
0.0
0.0
0.0
0.0
0.0
0.0
0.0
0.0
0.0
0.0
0.0
0.0
0.0
0.0
0.0
0.0
0.0
0.0
0.0
0.0