0.0
0.0
0.0
0.0
0.0
0.0
0.0
0.0
0.0
0.0
0.0
0.0
0.0
0.0
0.0
0.0
0.0
0.0
0.0
0.0
0.0
0.0
0.0
0.0
0.0
0.0
0.0
0.0
0.0
0.0
0.0
0.0
0.0
0.0
0.0
0.0
0.0
0.0
0.0
0.0
0.0
0.0
0.0
0.0
0.0
0.0
0.0
0.0
0.0
0.0
0.0
0.0
0.0
0.0
0.0
0.0
0.0
0.0
0.0
0.0
0.0
0.0
0.0
0.0
0.0
0.0
0.0
0.0
0.0
0.0
0.0
0.0
0.0
0.0
0.0
0.0
0.0
0.0
0.0
0.0
0.0
0.0
0.0
0.0
0.0
0.0
0.0
0.0
0.0
0.0
0.0
0.0008792467321526784
0.005239928145528004
0.017173745985268336
0.02641632084194135
0.028055116773506535
0.03311325987679864
0.03183565126984892
0.011628103602157295
0.0006437791970568963
9.524274977906688e-05
1.0084693298294647e-05
0.0
0.0
0.0
0.01364079315083244
0.07297343307009972
0.2206055423968256
0.5358629140807929
0.8138972322155694
0.7563166831177769
0.7642997451759803
1.1291023955156538
1.4830100395608052
1.7260544840100482
1.9327834348289188
2.027193810310057
2.005632117386946
1.881347809424116
1.6374010689402694
1.3240915017424075
1.0269681162212665
0.759363135096159
0.4825544751662141
0.21703743845024376
0.05285254526254624
0.006293706383119154
0.0029224546419337042
0.0013511645465324048
0.0005852527851841934
0.00021422596792127554
5.82048839996375e-05
8.320902363924942e-06
0.0
0.0
0.0
0.0
0.0
0.0
0.0
0.0
0.0
0.0
0.0
0.0
0.0
0.0
0.0
0.0
0.0
0.0
0.0
0.0
0.0
0.0
0.0
0.0
0.0
0.0
0.0
0.0
0.0
0.0
0.0
0.0
0.0
0.0
0.0
0.0
0.0
0.0
0.0
0.0
0.0
0.0
0.0
0.0
0.0
0.0
0.0
0.0
0.0
0.0
0.0
0.0
0.0
0.0
0.0
0.0
0.0
0.0
0.0
0.0
0.0
0.0
0.0
0.0
0.0
0.0
0.0
0.0
0.0
0.0
0.0
0.0
0.0
0.0
0.0
0.0
0.0
0.0
0.0
0.0
0.0
0.0
0.0
0.0
0.0
0.0
0.0
0.0
0.0
0.0
0.0
0.0
0.0
0.0
0.0
0.0
0.0
0.0
0.0
0.0
0.0
0.0
0.0
0.0
0.0
0.0
0.0
0.0
0.0
0.0
0.0
0.0
0.0
0.0
0.0
0.0
0.0
0.0
0.0
0.0