0.0
0.0
0.0
0.0
0.0
0.0
0.0
0.0
0.0
0.0
0.0
0.0
0.0
0.0
0.0
0.0
0.0
0.0
0.0
0.0
0.0
0.0
0.0
0.0
0.0
0.0
0.0
0.0
0.0
0.0
0.0
0.0
0.0
0.0
0.0
0.0
0.0
0.0
0.0
0.0
0.0
0.0
0.0
0.0
0.0
0.0
0.0
0.0
0.0
0.0
0.0
0.0
0.0
0.0
0.0
0.0
0.0
0.0
0.0
0.0
0.0
0.0
0.0
0.0
0.0
0.0
0.0
0.0
0.0
0.0
0.0
0.0
0.0
0.0
0.0
0.0
0.0
0.0
0.0
0.0
0.0
0.0
0.0
0.0
0.0
0.0
0.0
0.0
0.0
0.0
0.0
0.0
0.0
0.0
0.00038822784097885393
0.0018256571210208525
0.004236995000875594
0.010572576729354997
0.014482487133973558
0.013951544798416045
0.010873975644867058
0.004794983991891641
0.00048200879959714064
0.0
0.0
0.03370174755222622
0.13693476925885506
0.23019842860660664
0.2837222922479105
0.2988646897989539
0.21350694593470404
0.17033189987133993
0.26387702441449407
0.40863271935960166
0.6316979379327972
0.9857113012050929
1.4606743275039156
1.9759117807383852
2.3766352848492756
2.595159869660919
2.7022196876128968
2.7415395923125483
2.6290854922471185
2.276744125488755
1.7348792467357534
1.1345023778570464
0.5984238019938685
0.2276843588528641
0.05510013627065282
0.011499094333230141
0.0054487156087198035
0.0024315253928110935
0.0009498394937436617
0.0003059620592847845
8.006394564763334e-05
2.020703322531448e-05
4.1140725375729584e-06
0.0
0.0
0.0
0.0
0.0
0.0
0.0
0.0
0.0
0.0
0.0
0.0
0.0
0.0
0.0
0.0
0.0
0.0
0.0
0.0
0.0
0.0
0.0
0.0
0.0
0.0
0.0
0.0
0.0
0.0
0.0
0.0
0.0
0.0
0.0
0.0
0.0
0.0
0.0
0.0
0.0
0.0
0.0
0.0
0.0
0.0
0.0
0.0
0.0
0.0
0.0
0.0
0.0
0.0
0.0
0.0
0.0
0.0
0.0
0.0
0.0
0.0
0.0
0.0
0.0
0.0
0.0
0.0
0.0
0.0
0.0
0.0
0.0
0.0
0.0
0.0
0.0
0.0
0.0
0.0
0.0
0.0
0.0
0.0
0.0
0.0
0.0
0.0
0.0
0.0
0.0
0.0
0.0
0.0
0.0
0.0
0.0
0.0
0.0
0.0
0.0
0.0
0.0
0.0
0.0
0.0
0.0
0.0
0.0
0.0
0.0
0.0
0.0
0.0
0.0
0.0