0.0
0.0
0.0
0.0
0.0
0.0
0.0
0.0
0.0
0.0
0.0
0.0
0.0
0.0
0.0
0.0
0.0
0.0
0.0
0.0
0.0
0.0
0.0
0.0
0.0
0.0
0.0
0.0
0.0
0.0
0.0
0.0
0.0
0.0
0.0
0.0
0.0
0.0
0.0
0.0
0.0
0.0
0.0
0.0
0.0
0.0
0.0
0.0
0.0
0.0
0.0
0.0
0.0
0.0
0.0
0.0
0.0
0.0
0.0
0.0
0.0
0.0
0.0
0.0
0.0
0.0
0.0
0.0
0.0
0.0
0.0
0.0
0.0
0.0
0.0
0.0
0.0
0.0
0.0
0.0
0.0
0.0
0.0
0.0
0.0
0.0
0.0
0.0
0.0
0.0
0.0
0.0
0.0
0.0
0.0
0.0
0.0
0.0
0.0
0.0017239469933322228
0.007974750123410614
0.010777659266824561
0.004526856136746169
0.0
0.0
0.014134886789862798
0.06027543991825927
0.11546681590168421
0.11382169355262768
0.44063046565465747
1.1769747434852877
1.2667815067670698
0.7704389061052082
0.6906258087404664
0.8758567662407171
1.0386672629128835
1.2916347390863
1.6189778523160157
1.9375350060334149
2.238812518976209
2.6122638938757
3.1089160098124013
3.7270528690527738
4.448126628392839
5.157761950001391
5.590877461876852
5.519989100927607
4.937868726462221
3.976945839061955
2.8498955431363218
1.8286500406753867
1.088293772805495
0.6235648271206682
0.33322213299043213
0.14144224864263105
0.03839978683788357
0.008208339489916847
0.004009595068467248
0.001815507169517659
0.0007199458199965965
0.00026359358734961497
9.581880073751588e-05
3.688602541803081e-05
1.138457666217761e-05
1.5345870265171327e-06
0.0
0.0
0.0
0.0
0.0
0.0
0.0
0.0
0.0
0.0
0.0
0.0
0.0
0.0
0.0
0.0
0.0
0.0
0.0
0.0
0.0
0.0
0.0
0.0
0.0
0.0
0.0
0.0
0.0
0.0
0.0
0.0
0.0
0.0
0.0
0.0
0.0
0.0
0.0
0.0
0.0
0.0
0.0
0.0
0.0
0.0
0.0
0.0
0.0
0.0
0.0
0.0
0.0
0.0
0.0
0.0
0.0
0.0
0.0
0.0
0.0
0.0
0.0
0.0
0.0
0.0
0.0
0.0
0.0
0.0
0.0
0.0
0.0
0.0
0.0
0.0
0.0
0.0
0.0
0.0
0.0
0.0
0.0
0.0
0.0
0.0
0.0
0.0
0.0
0.0
0.0
0.0
0.0
0.0
0.0
0.0
0.0
0.0
0.0
0.0
0.0
0.0
0.0
0.0
0.0
0.0
0.0
0.0