0.0
0.0
0.0
0.0
0.0
0.0
0.0
0.0
0.0
0.0
0.0
0.0
0.0
0.0
0.0
0.0
0.0
0.0
0.0
0.0
0.0
0.0
0.0
0.0
0.0
0.0
0.0
0.0
0.0
0.0
0.0
0.0
0.0
0.0
0.0
0.0
0.0
0.0
0.0
0.0
0.0
0.0
0.0
0.0
0.0
0.0
0.0
0.0
0.0
0.0
0.0
0.0
0.0
0.0
0.0
0.0
0.0
0.0
0.0
0.0
0.0
0.0
0.0
0.0
0.0
0.0
0.0
0.0
0.0
0.0
0.0
0.0
0.0
0.0
0.0
0.0
0.0
0.0
0.0
0.0
0.0
0.0
0.0
0.0
0.0
0.0
0.0
0.0
0.0
0.00044642130954967714
0.002663508023902063
0.007829626946460512
0.01588958683485742
0.029097996859143407
0.049042249749912704
0.06452782812498267
0.06773387433744398
0.04950450086758568
0.016516746624344977
0.1146060085347663
0.32455386361018146
0.305289701616064
0.09534184654064887
0.0
0.0
0.11294633608771969
0.5118398987964886
1.0459560069132703
1.512890987764213
1.965927267597046
1.9812785675548188
1.5141286247840455
1.5620943696436365
2.0092734036495234
2.1270874183926036
2.180366687785561
2.3164528250476475
2.4036220681236937
2.4870029851029356
2.5771427840192356
2.6602210055802695
2.7379145040836677
2.8356754883284827
2.9820771476562915
3.169197033459885
3.3455923872422453
3.445523443576802
3.3819171175571956
3.0487984402109123
2.447246033003688
1.7368621825087915
1.1001486013860582
0.6282810835104711
0.31639762005434025
0.12607801787191686
0.034423454076030605
0.008790225712177958
0.004430203769821334
0.002053519181358683
0.0008607466358556355
0.0003469360135379107
0.00014527710245061825
5.199778681729389e-05
1.1567783885554994e-05
1.4132678578795722e-06
0.0
0.0
0.0
0.0
0.0
0.0
0.0
0.0
0.0
0.0
0.0
0.0
0.0
0.0
0.0
0.0
0.0
0.0
0.0
0.0
0.0
0.0
0.0
0.0
0.0
0.0
0.0
0.0
0.0
0.0
0.0
0.0
0.0
0.0
0.0
0.0
0.0
0.0
0.0
0.0
0.0
0.0
0.0
0.0
0.0
0.0
0.0
0.0
0.0
0.0
0.0
0.0
0.0
0.0
0.0
0.0
0.0
0.0
0.0
0.0
0.0
0.0
0.0
0.0
0.0
0.0
0.0
0.0
0.0
0.0
0.0
0.0
0.0
0.0
0.0
0.0
0.0
0.0
0.0
0.0
0.0
0.0
0.0
0.0
0.0
0.0
0.0
0.0
0.0
0.0
0.0
0.0
0.0
0.0
0.0
0.0
0.0
0.0
0.0
0.0
0.0
0.0
0.0
0.0
0.0
0.0
0.0
0.0