0.0
0.0
0.0
0.0
0.0
0.0
0.0
0.0
0.0
0.0
0.0
0.0
0.0
0.0
0.0
0.0
0.0
0.0
0.0
0.0
0.0
0.0
0.0
0.0
0.0
0.0
0.0
0.0
0.0
0.0
0.0
0.0
0.0
0.0
0.0
0.0
0.0
0.0
0.0
0.0
0.0
0.0
0.0
0.0
0.0
0.0
0.0
0.0
0.0
0.0
0.0
0.0
0.0
0.0
0.0
0.0
0.0
0.0
0.0
0.0
0.0
0.0
0.0
0.0
0.0
0.0
0.0
0.0
0.0
0.0
0.0
0.0
0.0
0.0
0.0
0.0
0.0
0.0
0.0
0.0
0.0
0.0
0.0
0.0
0.0
0.0
0.0
0.0
0.0103762807282409
0.07098061990315327
0.21529930696129532
0.4222016670232338
0.6775333394154076
0.8136536176493835
0.6027645373423529
0.2695114994955689
0.12986755331511587
0.08082926813488657
0.027496866209470457
0.003292613266883448
0.007450923762993162
0.007309329294603923
0.002429969999286203
0.0
0.01407222878450609
0.21294233868227536
0.8086887159149123
1.5603540338363988
2.1823862547525383
2.8151870452914984
2.9165313587829913
2.177334113805918
1.857762890927849
2.1591158925302283
2.239750254316187
2.271825672291979
2.382072350987824
2.4187979186198203
2.4469925952886147
2.47524759440419
2.4842642289206025
2.479028687633447
2.4833915378876887
2.5203660393308054
2.5845586143830226
2.6409824662783903
2.6468428909307864
2.5409829435774736
2.241802817212409
1.751704777009041
1.1987301408506204
0.6977881990415258
0.3037230537656151
0.08007541746676945
0.015705437067384403
0.008478524024548335
0.004405416777932598
0.0021302585127436534
0.000928565609389911
0.0003789273863830728
0.00015266633592698196
4.777081105614361e-05
6.6010376902217525e-06
0.0
0.0
0.0
0.0
0.0
0.0
0.0
0.0
0.0
0.0
0.0
0.0
0.0
0.0
0.0
0.0
0.0
0.0
0.0
0.0
0.0
0.0
0.0
0.0
0.0
0.0
0.0
0.0
0.0
0.0
0.0
0.0
0.0
0.0
0.0
0.0
0.0
0.0
0.0
0.0
0.0
0.0
0.0
0.0
0.0
0.0
0.0
0.0
0.0
0.0
0.0
0.0
0.0
0.0
0.0
0.0
0.0
0.0
0.0
0.0
0.0
0.0
0.0
0.0
0.0
0.0
0.0
0.0
0.0
0.0
0.0
0.0
0.0
0.0
0.0
0.0
0.0
0.0
0.0
0.0
0.0
0.0
0.0
0.0
0.0
0.0
0.0
0.0
0.0
0.0
0.0
0.0
0.0
0.0
0.0
0.0
0.0
0.0
0.0
0.0
0.0
0.0
0.0
0.0
0.0
0.0
0.0
0.0
0.0
0.0