0.0
0.0
0.0
0.0
0.0
0.0
0.0
0.0
0.0
0.0
0.0
0.0
0.0
0.0
0.0
0.0
0.0
0.0
0.0
0.0
0.0
0.0
0.0
0.0
0.0
0.0
0.0
0.0
0.0
0.0
0.0
0.0
0.0
0.0
0.0
0.0
0.0
0.0
0.0
0.0
0.0
0.0
0.0
0.0
0.0
0.0
0.0
0.0
0.0
0.0
0.0
0.0
0.0
0.0
0.0
0.0
0.0
0.0
0.0
0.0
0.0
0.0
0.0
0.0
0.0
0.0
0.0
0.0
0.0
0.0
0.0
0.0
0.0
0.0
0.0
0.0
0.0
0.0
0.0
0.0
0.0
0.0
0.0
0.0
0.0
0.0
0.0
0.008306446260653738
0.05186142807677056
0.16861198846080303
0.3510088025512796
0.5239443565870926
0.667066426572018
0.7447868739290149
0.6107329217356452
0.3357315842185254
0.1761587740311099
0.09155549261462553
0.028870647282249945
0.00015894657220661622
3.4897274390354156e-05
6.86609267225422e-06
9.407168686859634e-07
0.0
0.03257493565040042
0.3200343470152286
1.080787214174471
1.971351124028216
2.6274970517998093
3.177801737096472
3.0921243757188965
2.1433891633249242
1.6563019593649768
1.9053499421097555
2.095311187847217
2.2693473765488736
2.457484795518253
2.5534559842549105
2.657955442782646
2.7708880835298753
2.8685049995580183
2.9602025469514146
3.071127794213946
3.2261442477038575
3.4269964189945368
3.652043591345122
3.8622478424886464
3.9625314736891672
3.8011813581343183
3.31721511793113
2.6170609313675537
1.8737167050048908
1.2254958833306715
0.7372772112722162
0.4078339467931095
0.1996997265693344
0.07715978144255103
0.021110139827030864
0.005901113813617163
0.003017288524068502
0.0015330645288983422
0.0007085092256535541
0.00027686197881017017
9.626067099862261e-05
3.240529408908558e-05
1.1893810197250047e-05
3.5128206744116973e-06
4.071827729172848e-07
0.0
0.0
0.0
0.0
0.0
0.0
0.0
0.0
0.0
0.0
0.0
0.0
0.0
0.0
0.0
0.0
0.0
0.0
0.0
0.0
0.0
0.0
0.0
0.0
0.0
0.0
0.0
0.0
0.0
0.0
0.0
0.0
0.0
0.0
0.0
0.0
0.0
0.0
0.0
0.0
0.0
0.0
0.0
0.0
0.0
0.0
0.0
0.0
0.0
0.0
0.0
0.0
0.0
0.0
0.0
0.0
0.0
0.0
0.0
0.0
0.0
0.0
0.0
0.0
0.0
0.0
0.0
0.0
0.0
0.0
0.0
0.0
0.0
0.0
0.0
0.0
0.0
0.0
0.0
0.0
0.0
0.0
0.0
0.0
0.0
0.0
0.0
0.0
0.0
0.0
0.0
0.0
0.0
0.0
0.0
0.0
0.0
0.0
0.0
0.0
0.0
0.0
0.0
0.0
0.0