0.0
0.0
0.0
0.0
0.0
0.0
0.0
0.0
0.0
0.0
0.0
0.0
0.0
0.0
0.0
0.0
0.0
0.0
0.0
0.0
0.0
0.0
0.0
0.0
0.0
0.0
0.0
0.0
0.0
0.0
0.0
0.0
0.0
0.0
0.0
0.0
0.0
0.0
0.0
0.0
0.0
0.0
0.0
0.0
0.0
0.0
0.0
0.0
0.0
0.0
0.0
0.0
0.0
0.0
0.0
0.0
0.0
0.0
0.0
0.0
0.0
0.0
0.0
0.0
0.0
0.0
0.0
0.0
0.0
0.0
0.0
0.0
0.0
0.0
0.0
0.0
0.0
0.0
0.0
0.0
0.0
0.0
0.0
0.0
0.0
0.0
0.0
0.0
0.013555104755628001
0.08547068697686988
0.238183459798134
0.4144329087425904
0.5520253540756054
0.6429551780384454
0.5823974535422237
0.36522747334068273
0.22889478113507675
0.14582945784803125
0.047500086785706684
0.004330366009513309
0.009059390783616218
0.008820832747018207
0.002928757186570149
0.0
0.02509973525785722
0.28706841314690273
1.0283332820711326
1.9506335095728906
2.665855188825774
3.2336611158509703
3.128783678485965
2.0912372364039693
1.4230958612338758
1.6008884209561998
1.8830246520329093
2.108936370317484
2.2671089922547907
2.3199483652048056
2.3728842305761035
2.4144499498337386
2.4222409038777633
2.4101069516917897
2.400178839136192
2.414254316872472
2.4569793209523354
2.5141916361474905
2.558520116394447
2.525608159110215
2.3165742620794036
1.9051247021921602
1.3861655729309086
0.8891873985642559
0.4880824465226263
0.20379491077133025
0.05346184295363922
0.011247793402575592
0.006007014300810979
0.003048967969514424
0.0014373479972661942
0.0006498236340910583
0.0002910307136724215
0.00010952736291536971
2.6762718325444302e-05
3.5123100289585226e-06
0.0
0.0
0.0
0.0
0.0
0.0
0.0
0.0
0.0
0.0
0.0
0.0
0.0
0.0
0.0
0.0
0.0
0.0
0.0
0.0
0.0
0.0
0.0
0.0
0.0
0.0
0.0
0.0
0.0
0.0
0.0
0.0
0.0
0.0
0.0
0.0
0.0
0.0
0.0
0.0
0.0
0.0
0.0
0.0
0.0
0.0
0.0
0.0
0.0
0.0
0.0
0.0
0.0
0.0
0.0
0.0
0.0
0.0
0.0
0.0
0.0
0.0
0.0
0.0
0.0
0.0
0.0
0.0
0.0
0.0
0.0
0.0
0.0
0.0
0.0
0.0
0.0
0.0
0.0
0.0
0.0
0.0
0.0
0.0
0.0
0.0
0.0
0.0
0.0
0.0
0.0
0.0
0.0
0.0
0.0
0.0
0.0
0.0
0.0
0.0
0.0
0.0
0.0
0.0
0.0
0.0
0.0
0.0
0.0