0.0
0.0
0.0
0.0
0.0
0.0
0.0
0.0
0.0
0.0
0.0
0.0
0.0
0.0
0.0
0.0
0.0
0.0
0.0
0.0
0.0
0.0
0.0
0.0
0.0
0.0
0.0
0.0
0.0
0.0
0.0
0.0
0.0
0.0
0.0
0.0
0.0
0.0
0.0
0.0
0.0
0.0
0.0
0.0
0.0
0.0
0.0
0.0
0.0
0.0
0.0
0.0
0.0
0.0
0.0
0.0
0.0
0.0
0.0
0.0
0.0
0.0
0.0
0.0
0.0
0.0
0.0
0.0
0.0
0.0
0.0
0.0
0.0
0.0
0.0
0.0
0.0
0.0
0.0
0.0
0.0
0.0
0.0
0.0
0.0
0.0
0.0
0.00795884426162216
0.049206920302366064
0.15181501988466056
0.2955729860145148
0.41641890300617274
0.4607811700652116
0.45841535674700246
0.4301057662041228
0.3379770635692611
0.24931174742129283
0.14118267605170426
0.04123120528958073
0.0031588675720467655
0.008859989246366105
0.008817509665220501
0.002936927386012495
0.0
0.054993856016090706
0.42467313810731544
1.3055332662429353
2.290650658073032
2.9673657162096654
3.428031856541469
3.1950840370313407
2.0344398048138967
1.2533207949024279
1.4244257750552378
1.8215856791148373
2.1562289243134773
2.3978530919719496
2.5614105705829684
2.746910375921247
2.9257870616260413
3.082555182152022
3.23875138850497
3.4131121813823713
3.6268744055393722
3.895683938288237
4.226298676884609
4.601504981861276
4.920825767331973
4.995253900318943
4.696532396207671
4.054096243204388
3.2085195928391443
2.3386244078273144
1.5854452456852113
1.0087631719686307
0.6030033497899452
0.33931036775798934
0.17753185627695342
0.07655457409341242
0.022604660223558674
0.005821691938027537
0.0027943342205304124
0.0012980402824188573
0.000563763569051891
0.00024610738137591465
0.0001137628407915565
4.696696824490017e-05
1.4725901392233924e-05
3.6657977067804744e-06
5.352279224247407e-07
1.1523682685485218e-08
0.0
0.0
0.0
0.0
0.0
0.0
0.0
0.0
0.0
0.0
0.0
0.0
0.0
0.0
0.0
0.0
0.0
0.0
0.0
0.0
0.0
0.0
0.0
0.0
0.0
0.0
0.0
0.0
0.0
0.0
0.0
0.0
0.0
0.0
0.0
0.0
0.0
0.0
0.0
0.0
0.0
0.0
0.0
0.0
0.0
0.0
0.0
0.0
0.0
0.0
0.0
0.0
0.0
0.0
0.0
0.0
0.0
0.0
0.0
0.0
0.0
0.0
0.0
0.0
0.0
0.0
0.0
0.0
0.0
0.0
0.0
0.0
0.0
0.0
0.0
0.0
0.0
0.0
0.0
0.0
0.0
0.0
0.0
0.0
0.0
0.0
0.0
0.0
0.0
0.0
0.0
0.0
0.0
0.0
0.0
0.0
0.0
0.0
0.0
0.0
0.0
0.0