0.0
0.0
0.0
0.0
0.0
0.0
0.0
0.0
0.0
0.0
0.0
0.0
0.0
0.0
0.0
0.0
0.0
0.0
0.0
0.0
0.0
0.0
0.0
0.0
0.0
0.0
0.0
0.0
0.0
0.0
0.0
0.0
0.0
0.0
0.0
0.0
0.0
0.0
0.0
0.0
0.0
0.0
0.0
0.0
0.0
0.0
0.0
0.0
0.0
0.0
0.0
0.0
0.0
0.0
0.0
0.0
0.0
0.0
0.0
0.0
0.0
0.0
0.0
0.0
0.0
0.0
0.0
0.0
0.0
0.0
0.0
0.0
0.0
0.0
0.0
0.0
0.0
0.0
0.0
0.0
0.0
0.0
0.0
0.0
0.0
0.0
0.0
0.007251887128205213
0.04429348357503964
0.1330513434078287
0.25109984539314123
0.349152342143079
0.4008535297057784
0.4351004828211873
0.428920578668416
0.34382900318710086
0.27060209282001013
0.17072119593729088
0.05261338169767355
0.008027029404458708
0.019436507815827127
0.01913052050701637
0.006360959795249608
0.0
0.047041261122205295
0.37873845363736663
1.1972025634356531
2.153194101331842
2.8422573690434736
3.327761580947013
3.155171584402436
2.0021943606120827
1.1186953918342546
1.2605672821842169
1.7217675735637332
2.0678576985979262
2.290112630933678
2.4467640217081414
2.611258080389348
2.7477591121596325
2.8497226985474096
2.93902962464508
3.0291550078909055
3.1404798476405427
3.2895011233855342
3.485557968132579
3.7188370546439047
3.908389720642925
3.8993005627165727
3.590499958815757
3.0134350904566274
2.2897121383161005
1.5726357619777056
0.9806745740918174
0.5560967798157889
0.27786752705170115
0.10976781552896868
0.030426818466666533
0.008341900895250541
0.004207841353522564
0.002076309066003565
0.001021118378383598
0.00044747309149079155
0.00016014229727244993
5.4793600609330494e-05
2.0263252600344124e-05
6.050775387185406e-06
7.228537706532672e-07
0.0
0.0
0.0
0.0
0.0
0.0
0.0
0.0
0.0
0.0
0.0
0.0
0.0
0.0
0.0
0.0
0.0
0.0
0.0
0.0
0.0
0.0
0.0
0.0
0.0
0.0
0.0
0.0
0.0
0.0
0.0
0.0
0.0
0.0
0.0
0.0
0.0
0.0
0.0
0.0
0.0
0.0
0.0
0.0
0.0
0.0
0.0
0.0
0.0
0.0
0.0
0.0
0.0
0.0
0.0
0.0
0.0
0.0
0.0
0.0
0.0
0.0
0.0
0.0
0.0
0.0
0.0
0.0
0.0
0.0
0.0
0.0
0.0
0.0
0.0
0.0
0.0
0.0
0.0
0.0
0.0
0.0
0.0
0.0
0.0
0.0
0.0
0.0
0.0
0.0
0.0
0.0
0.0
0.0
0.0
0.0
0.0
0.0
0.0
0.0
0.0
0.0
0.0
0.0
0.0