0.0
0.0
0.0
0.0
0.0
0.0
0.0
0.0
0.0
0.0
0.0
0.0
0.0
0.0
0.0
0.0
0.0
0.0
0.0
0.0
0.0
0.0
0.0
0.0
0.0
0.0
0.0
0.0
0.0
0.0
0.0
0.0
0.0
0.0
0.0
0.0
0.0
0.0
0.0
0.0
0.0
0.0
0.0
0.0
0.0
0.0
0.0
0.0
0.0
0.0
0.0
0.0
0.0
0.0
0.0
0.0
0.0
0.0
0.0
0.0
0.0
0.0
0.0
0.0
0.0
0.0
0.0
0.0
0.0
0.0
0.0
0.0
0.0
0.0
0.0
0.0
0.0
0.0
0.0
0.0
0.0
0.0
0.0
0.0
0.0
0.0
0.0034253919464896313
0.02310414851605213
0.07262658921783778
0.15121369472968593
0.23012719271548712
0.2832794349721459
0.30572907447768394
0.31867863866124885
0.29232493954723376
0.17103431995846016
0.06274097787702822
0.009913891118596106
0.0023022836290971143
0.0003877256525150932
0.046270889266338745
0.13990952713956042
0.1426734264670702
0.0509352751216508
0.049071138523373053
0.37563137622241366
1.1826577105194545
2.117776877145425
2.765348782718485
3.203901893980936
3.0426669094414556
1.9046219813953476
0.9645140428998599
1.0973395958847927
1.6179487948694653
1.99290014285627
2.2461871006589793
2.4649224578680915
2.6903034644868926
2.881990822626879
3.0443904198739324
3.2007519045086945
3.3588805034513447
3.537210591603218
3.759593857940083
4.051188133707202
4.415778214337107
4.774580084016339
4.956138875339033
4.814624459164805
4.318349859677612
3.5468904091341495
2.6615012475893702
1.833422579234954
1.1692917110124272
0.6937442858118352
0.38487661626491904
0.1977562262130234
0.08455673083085237
0.02549752566007686
0.006791262450488555
0.0032551110817073013
0.0015864643749491023
0.0006776213015508546
0.0002656032268287779
0.00010399873249694997
4.442050540412862e-05
1.6671831113509364e-05
4.045781575920495e-06
5.95163190561167e-07
1.9090537857690415e-08
0.0
0.0
0.0
0.0
0.0
0.0
0.0
0.0
0.0
0.0
0.0
0.0
0.0
0.0
0.0
0.0
0.0
0.0
0.0
0.0
0.0
0.0
0.0
0.0
0.0
0.0
0.0
0.0
0.0
0.0
0.0
0.0
0.0
0.0
0.0
0.0
0.0
0.0
0.0
0.0
0.0
0.0
0.0
0.0
0.0
0.0
0.0
0.0
0.0
0.0
0.0
0.0
0.0
0.0
0.0
0.0
0.0
0.0
0.0
0.0
0.0
0.0
0.0
0.0
0.0
0.0
0.0
0.0
0.0
0.0
0.0
0.0
0.0
0.0
0.0
0.0
0.0
0.0
0.0
0.0
0.0
0.0
0.0
0.0
0.0
0.0
0.0
0.0
0.0
0.0
0.0
0.0
0.0
0.0
0.0
0.0
0.0
0.0
0.0
0.0
0.0
0.0