0.0
0.0
0.0
0.0
0.0
0.0
0.0
0.0
0.0
0.0
0.0
0.0
0.0
0.0
0.0
0.0
0.0
0.0
0.0
0.0
0.0
0.0
0.0
0.0
0.0
0.0
0.0
0.0
0.0
0.0
0.0
0.0
0.0
0.0
0.0
0.0
0.0
0.0
0.0
0.0
0.0
0.0
0.0
0.0
0.0
0.0
0.0
0.0
0.0
0.0
0.0
0.0
0.0
0.0
0.0
0.0
0.0
0.0
0.0
0.0
0.0
0.0
0.0
0.0
0.0
0.0
0.0
0.0
0.0
0.0
0.0
0.0
0.0
0.0
0.0
0.0
0.0
0.0
0.0
0.0
0.0
0.0
0.0
0.0
0.0
0.0
0.0
0.0018148903504695414
0.010752981346645953
0.030778537637584195
0.05544212716592306
0.07756931848974807
0.09255832074119157
0.12935680064023022
0.17733943540996855
0.14028613402672863
0.06183892360953888
0.006399103100515038
0.001214162969093941
0.00016388898589407303
0.004383608521750194
0.01321855256820669
0.013478209785845604
0.004805270203791416
0.01517333168369892
0.19507533779544892
0.7339742354200635
1.4479858309258427
2.019302219511955
2.4513947630050144
2.398097828176296
1.5129026944445763
0.7611884928502438
0.9565370302606083
1.4939335459781473
1.841016689615152
2.065010078931683
2.265493520016322
2.447377772498083
2.573391667491148
2.6558841474989046
2.7126944899256586
2.746648102477375
2.775483843270921
2.821429863798059
2.9097690077369927
3.0487021477002054
3.179167867492367
3.177620757717332
2.9536741261463413
2.504978752218554
1.906277834076651
1.287657381602261
0.744784353289648
0.32387396326734125
0.08693573847951257
0.018435598480174228
0.009990575493076161
0.005191844949863599
0.002535050561988156
0.0011934526822443387
0.0005516866614460378
0.00021414486410712934
5.49616607150201e-05
7.487172227984948e-06
0.0
0.0
0.0
0.0
0.0
0.0
0.0
0.0
0.0
0.0
0.0
0.0
0.0
0.0
0.0
0.0
0.0
0.0
0.0
0.0
0.0
0.0
0.0
0.0
0.0
0.0
0.0
0.0
0.0
0.0
0.0
0.0
0.0
0.0
0.0
0.0
0.0
0.0
0.0
0.0
0.0
0.0
0.0
0.0
0.0
0.0
0.0
0.0
0.0
0.0
0.0
0.0
0.0
0.0
0.0
0.0
0.0
0.0
0.0
0.0
0.0
0.0
0.0
0.0
0.0
0.0
0.0
0.0
0.0
0.0
0.0
0.0
0.0
0.0
0.0
0.0
0.0
0.0
0.0
0.0
0.0
0.0
0.0
0.0
0.0
0.0
0.0
0.0
0.0
0.0
0.0
0.0
0.0
0.0
0.0
0.0
0.0
0.0
0.0
0.0
0.0
0.0
0.0
0.0
0.0
0.0
0.0
0.0