0.0
0.0
0.0
0.0
0.0
0.0
0.0
0.0
0.0
0.0
0.0
0.0
0.0
0.0
0.0
0.0
0.0
0.0
0.0
0.0
0.0
0.0
0.0
0.0
0.0
0.0
0.0
0.0
0.0
0.0
0.0
0.0
0.0
0.0
0.0
0.0
0.0
0.0
0.0
0.0
0.0
0.0
0.0
0.0
0.0
0.0
0.0
0.0
0.0
0.0
0.0
0.0
0.0
0.0
0.0
0.0
0.0
0.0
0.0
0.0
0.0
0.0
0.0
0.0
0.0
0.0
0.0
0.0
0.0
0.0
0.0
0.0
0.0
0.0
0.0
0.0
0.0
0.0
0.0
0.0
0.0
0.0
0.0
0.0
0.0
0.0
0.0
0.0005357624155935866
0.003130484718464254
0.008843811452756659
0.01574389050735851
0.021979383421402134
0.02626027510279621
0.034853075932227855
0.07793977183577228
0.14063944340013967
0.1586245583529826
0.09936919188921356
0.02898646327516764
0.1585915837221626
0.4371834925587115
0.3985922339509352
0.12000032511438628
0.0
0.0
0.1487796659792971
0.6574404038359436
1.3250703190347002
1.8087568907026415
2.1229198207440825
2.0357297042924976
1.2548351356000804
0.5820750268716282
0.7849571409977485
1.3419991692169295
1.711560174010486
1.9657571188521479
2.2081263615417797
2.421397855231307
2.576931846048586
2.6955598831900813
2.7893460300977306
2.8549031930410553
2.9094677129731803
2.978450214235549
3.0909716833154732
3.26354946356949
3.452653253552012
3.541452144622855
3.4219664055318884
3.0522534271718738
2.466684079695916
1.78432839079453
1.1506045645405196
0.6422850460457639
0.27532642391248946
0.07530957782632682
0.017068991378649444
0.009168813928638287
0.0046675745712065324
0.002205608851260565
0.0010026309581420334
0.0004531735990275509
0.0001722632625557949
4.268829936843449e-05
5.716432388927265e-06
0.0
0.0
0.0
0.0
0.0
0.0
0.0
0.0
0.0
0.0
0.0
0.0
0.0
0.0
0.0
0.0
0.0
0.0
0.0
0.0
0.0
0.0
0.0
0.0
0.0
0.0
0.0
0.0
0.0
0.0
0.0
0.0
0.0
0.0
0.0
0.0
0.0
0.0
0.0
0.0
0.0
0.0
0.0
0.0
0.0
0.0
0.0
0.0
0.0
0.0
0.0
0.0
0.0
0.0
0.0
0.0
0.0
0.0
0.0
0.0
0.0
0.0
0.0
0.0
0.0
0.0
0.0
0.0
0.0
0.0
0.0
0.0
0.0
0.0
0.0
0.0
0.0
0.0
0.0
0.0
0.0
0.0
0.0
0.0
0.0
0.0
0.0
0.0
0.0
0.0
0.0
0.0
0.0
0.0
0.0
0.0
0.0
0.0
0.0
0.0
0.0
0.0
0.0
0.0
0.0
0.0
0.0