0.0
0.0
0.0
0.0
0.0
0.0
0.0
0.0
0.0
0.0
0.0
0.0
0.0
0.0
0.0
0.0
0.0
0.0
0.0
0.0
0.0
0.0
0.0
0.0
0.0
0.0
0.0
0.0
0.0
0.0
0.0
0.0
0.0
0.0
0.0
0.0
0.0
0.0
0.0
0.0
0.0
0.0
0.0
0.0
0.0
0.0
0.0
0.0
0.0
0.0
0.0
0.0
0.0
0.0
0.0
0.0
0.0
0.0
0.0
0.0
0.0
0.0
0.0
0.0
0.0
0.0
0.0
0.0
0.0
0.0
0.0
0.0
0.0
0.0
0.0
0.0
0.0
0.0
0.0
0.0
0.0
0.0
0.0
0.0
0.0
0.0
0.0
0.0
0.0004623695868431357
0.002584314198086983
0.006416479372567592
0.011101485486301084
0.015184758306064156
0.020970097103712938
0.04903104830281363
0.09460543565363064
0.11232830371755795
0.07420381263607832
0.022044710806614538
0.12503488435520455
0.3458023732007572
0.3165000933359008
0.0957326044903481
0.0
0.0
0.12035083948532417
0.5642874814061231
1.195169472120412
1.6908547312574138
2.029278431589724
1.9932262992093426
1.269408684412332
0.5854611611833227
0.7454102441470075
1.2636856427136558
1.5901522173249314
1.8366987214900976
2.090932991522764
2.3015610666248842
2.452422916333333
2.567954237785144
2.651864717464758
2.6966951361137483
2.718933452455337
2.743555981826297
2.803150243927805
2.921080310144588
3.0655881561780753
3.1385266314014153
3.044400144941133
2.7356977985628164
2.226604198012551
1.6149184449115863
1.0350675188006204
0.5678806046290172
0.2377989727956627
0.06370108988241723
0.014277836332579964
0.007646927681958349
0.003886341444107356
0.0018325103214209214
0.0008288187665545734
0.00037143213098933585
0.00013937801615988545
3.37721053558241e-05
4.4053104213598835e-06
0.0
0.0
0.0
0.0
0.0
0.0
0.0
0.0
0.0
0.0
0.0
0.0
0.0
0.0
0.0
0.0
0.0
0.0
0.0
0.0
0.0
0.0
0.0
0.0
0.0
0.0
0.0
0.0
0.0
0.0
0.0
0.0
0.0
0.0
0.0
0.0
0.0
0.0
0.0
0.0
0.0
0.0
0.0
0.0
0.0
0.0
0.0
0.0
0.0
0.0
0.0
0.0
0.0
0.0
0.0
0.0
0.0
0.0
0.0
0.0
0.0
0.0
0.0
0.0
0.0
0.0
0.0
0.0
0.0
0.0
0.0
0.0
0.0
0.0
0.0
0.0
0.0
0.0
0.0
0.0
0.0
0.0
0.0
0.0
0.0
0.0
0.0
0.0
0.0
0.0
0.0
0.0
0.0
0.0
0.0
0.0
0.0
0.0
0.0
0.0
0.0
0.0
0.0
0.0
0.0
0.0
0.0