0.0
0.0
0.0
0.0
0.0
0.0
0.0
0.0
0.0
0.0
0.0
0.0
0.0
0.0
0.0
0.0
0.0
0.0
0.0
0.0
0.0
0.0
0.0
0.0
0.0
0.0
0.0
0.0
0.0
0.0
0.0
0.0
0.0
0.0
0.0
0.0
0.0
0.0
0.0
0.0
0.0
0.0
0.0
0.0
0.0
0.0
0.0
0.0
0.0
0.0
0.0
0.0
0.0
0.0
0.0
0.0
0.0
0.0
0.0
0.0
0.0
0.0
0.0
0.0
0.0
0.0
0.0
0.0
0.0
0.0
0.0
0.0
0.0
0.0
0.0
0.0
0.0
0.0
0.0
0.0
0.0
0.0
0.0
0.0
0.0
0.0
0.0
0.004992251027758186
0.028906016952680903
0.08087709132631168
0.14249515434387552
0.20015539213060365
0.24600158572066178
0.3052713209315186
0.3827436576943254
0.33104713023812615
0.1801355786498775
0.029112339790964614
0.003874932399322834
0.000666770781490937
0.00010420534519168582
9.853261536533228e-06
0.0
0.0
0.021225738271646793
0.30323035103719065
1.139654061456122
2.174291763409703
2.8217781610057147
3.101343309243158
2.840503546885806
1.727589970940383
0.7231418086286607
0.7589540592136849
1.1982284449644416
1.4708416724699707
1.759422294901668
2.1017086845299473
2.4137210272745047
2.700629381575045
2.991750924902706
3.2829166289093727
3.563260819558468
3.8464646718068143
4.156594953882302
4.5414138487497056
5.052652790548755
5.680861080292247
6.331410044436989
6.871902735660102
7.140916497789057
6.984701323161605
6.364467630067311
5.386099912914021
4.243963922685415
3.1411671606226435
2.2236534271430517
1.5339156352483097
1.0325920872906038
0.6854704254256316
0.4636418543033736
0.3132430198309335
0.20131452591002194
0.12643931944242948
0.08000618771896557
0.04644121073309631
0.021516274462723983
0.007064802958549051
0.0014755097686196888
0.00030146086143862104
0.00014901794811259824
7.270273200001e-05
3.4560838294787164e-05
1.5935789465421373e-05
7.022063846228281e-06
2.7832826089136874e-06
8.938983393125815e-07
2.0058563894781216e-07
2.2820175501622488e-08
0.0
0.0
0.0
0.0
0.0
0.0
0.0
0.0
0.0
0.0
0.0
0.0
0.0
0.0
0.0
0.0
0.0
0.0
0.0
0.0
0.0
0.0
0.0
0.0
0.0
0.0
0.0
0.0
0.0
0.0
0.0
0.0
0.0
0.0
0.0
0.0
0.0
0.0
0.0
0.0
0.0
0.0
0.0
0.0
0.0
0.0
0.0
0.0
0.0
0.0
0.0
0.0
0.0
0.0
0.0
0.0
0.0
0.0
0.0
0.0
0.0
0.0
0.0
0.0
0.0
0.0
0.0
0.0
0.0
0.0
0.0
0.0
0.0
0.0
0.0
0.0
0.0
0.0
0.0
0.0
0.0
0.0
0.0
0.0
0.0
0.0
0.0
0.0
0.0
0.0
0.0
0.0
0.0
0.0