0.0
0.0
0.0
0.0
0.0
0.0
0.0
0.0
0.0
0.0
0.0
0.0
0.0
0.0
0.0
0.0
0.0
0.0
0.0
0.0
0.0
0.0
0.0
0.0
0.0
0.0
0.0
0.0
0.0
0.0
0.0
0.0
0.0
0.0
0.0
0.0
0.0
0.0
0.0
0.0
0.0
0.0
0.0
0.0
0.0
0.0
0.0
0.0
0.0
0.0
0.0
0.0
0.0
0.0
0.0
0.0
0.0
0.0
0.0
0.0
0.0
0.0
0.0
0.0
0.0
0.0
0.0
0.0
0.0
0.0
0.0
0.0
0.0
0.0
0.0
0.0
0.0
0.0
0.0
0.0
0.0
0.0
0.0
0.0
0.0
0.0
0.0
0.0
0.0
0.0
0.0
0.0
0.0
0.0
0.0
0.0
0.0
0.0
0.0
0.0
0.0
0.0
0.0
0.0
0.0
0.0
0.12632298156319777
1.7691985075965917
4.939719760736857
5.807018966757137
3.6369804048211165
1.584638663696836
0.701510578222495
0.7246881576383806
1.0856885136007144
1.3154338760799753
1.6010060947945022
1.939744628928121
2.241809972884393
2.5289269570483537
2.8242438651740134
3.1148505092421424
3.3893867593648204
3.65950476508414
3.945280819379262
4.291219122612593
4.749549617124531
5.324447909138846
5.949628850046649
6.520377821917558
6.885610789513047
6.875086871235869
6.407040359036756
5.539275699787798
4.441299872503531
3.323895765207616
2.3602255432248347
1.6191405297847155
1.0766922485016632
0.7025888165721612
0.4641146446610496
0.3040459914160033
0.18846513141792642
0.11263946545862492
0.0657870880516552
0.03403402376285743
0.013125874643668496
0.0030780296122558974
0.000528247217317741
0.00026972185164226436
0.0001274005366752067
5.901419536557652e-05
2.6384485949426454e-05
1.12914110746846e-05
4.532061399008215e-06
1.580588234608664e-06
4.0997751625153264e-07
5.692064631463911e-08
0.0
0.0
0.0
0.0
0.0
0.0
0.0
0.0
0.0
0.0
0.0
0.0
0.0
0.0
0.0
0.0
0.0
0.0
0.0
0.0
0.0
0.0
0.0
0.0
0.0
0.0
0.0
0.0
0.0
0.0
0.0
0.0
0.0
0.0
0.0
0.0
0.0
0.0
0.0
0.0
0.0
0.0
0.0
0.0
0.0
0.0
0.0
0.0
0.0
0.0
0.0
0.0
0.0
0.0
0.0
0.0
0.0
0.0
0.0
0.0
0.0
0.0
0.0
0.0
0.0
0.0
0.0
0.0
0.0
0.0
0.0
0.0
0.0
0.0
0.0
0.0
0.0
0.0
0.0
0.0
0.0
0.0
0.0
0.0
0.0
0.0
0.0
0.0
0.0
0.0
0.0
0.0
0.0
0.0
0.0