0.0
0.0
0.0
0.0
0.0
0.0
0.0
0.0
0.0
0.0
0.0
0.0
0.0
0.0
0.0
0.0
0.0
0.0
0.0
0.0
0.0
0.0
0.0
0.0
0.0
0.0
0.0
0.0
0.0
0.0
0.0
0.0
0.0
0.0
0.0
0.0
0.0
0.0
0.0
0.0
0.0
0.0
0.0
0.0
0.0
0.0
0.0
0.0
0.0
0.0
0.0
0.0
0.0
0.0
0.0
0.0
0.0
0.0
0.0
0.0
0.0
0.0
0.0
0.0
0.0
0.0
0.0
0.0
0.0
0.0
0.0
0.0
0.0
0.0
0.0
0.0
0.0
0.0
0.0
0.0
0.0
0.0
0.0
0.0
0.0
0.0
0.0
0.0
0.0
0.0
0.0
0.0
0.0
0.0
0.0
0.0
0.0
0.0
0.0
0.0
0.0
0.0
0.0
0.0
0.0
0.0
0.010574344180072168
0.08753035829472809
1.9659392722056235
5.8279946563602545
6.485128775289844
3.0620652118762663
0.7782308173838535
0.707397089468748
0.9849591203336667
1.182594540022379
1.4609265914971488
1.7810235957490674
2.0590924247682083
2.3295961820680318
2.60452959424658
2.8635400856525197
3.0954169599727432
3.307895523211479
3.5163346548487824
3.7612527467268553
4.089833990889375
4.510571025655742
4.979598476740517
5.422113335975091
5.7106806357344615
5.688725302817267
5.271280119735079
4.496685275432494
3.5164904362628326
2.5283531409483655
1.6928975391539256
1.073023169594585
0.6411496514168762
0.35923108848252244
0.1919139638540066
0.09121824123961016
0.03242182140001484
0.008491381398027041
0.0028664246175885313
0.0013823254286283644
0.0005864584779362116
0.00023272149260036842
9.351091997100545e-05
4.114175929046713e-05
1.630416955696129e-05
4.578652465825846e-06
9.193183489129714e-07
8.910999529182654e-08
0.0
0.0
0.0
0.0
0.0
0.0
0.0
0.0
0.0
0.0
0.0
0.0
0.0
0.0
0.0
0.0
0.0
0.0
0.0
0.0
0.0
0.0
0.0
0.0
0.0
0.0
0.0
0.0
0.0
0.0
0.0
0.0
0.0
0.0
0.0
0.0
0.0
0.0
0.0
0.0
0.0
0.0
0.0
0.0
0.0
0.0
0.0
0.0
0.0
0.0
0.0
0.0
0.0
0.0
0.0
0.0
0.0
0.0
0.0
0.0
0.0
0.0
0.0
0.0
0.0
0.0
0.0
0.0
0.0
0.0
0.0
0.0
0.0
0.0
0.0
0.0
0.0
0.0
0.0
0.0
0.0
0.0
0.0
0.0
0.0
0.0
0.0
0.0
0.0
0.0
0.0
0.0
0.0
0.0
0.0
0.0
0.0
0.0
0.0