0.0
0.0
0.0
0.0
0.0
0.0
0.0
0.0
0.0
0.0
0.0
0.0
0.0
0.0
0.0
0.0
0.0
0.0
0.0
0.0
0.0
0.0
0.0
0.0
0.0
0.0
0.0
0.0
0.0
0.0
0.0
0.0
0.0
0.0
0.0
0.0
0.0
0.0
0.0
0.0
0.0
0.0
0.0
0.0
0.0
0.0
0.0
0.0
0.0
0.0
0.0
0.0
0.0
0.0
0.0
0.0
0.0
0.0
0.0
0.0
0.0
0.0
0.0
0.0
0.0
0.0
0.0
0.0
0.0
0.0
0.0
0.0
0.0
0.0
0.0
0.0
0.0
0.0
0.0
0.0
0.0
0.0
0.0
0.0
0.0
0.0
0.0
0.0
0.0
0.00031048556902082795
0.0014873320557078865
0.0038331105489987707
0.006603667774812227
0.009697470647247018
0.023700865834762185
0.05011411934164931
0.06410825420880563
0.04586639295137445
0.01403065252143252
0.08024407328744669
0.22238531969339553
0.204038419524451
0.06189717311850216
0.0
0.0
0.047218375177041715
0.18731438459394115
0.42446913805410347
1.9193998691828453
4.738272268785701
5.16817606447218
2.5648677011842245
0.7619357621301243
0.6711917559622436
0.8887848660720487
1.060855969270959
1.3361348807199727
1.6462194346202152
1.9191926868756972
2.2021317043735498
2.4960457749944815
2.7770096476524917
3.0367714493609244
3.280332637452306
3.516670410434044
3.781732357841317
4.122126938088513
4.555838578269712
5.062114357199319
5.592495755999155
6.035131150583434
6.224477380086264
6.030633540462689
5.422571161588077
4.49519579987409
3.437807801386731
2.450912771349889
1.6527724430528952
1.0589715518133458
0.653257222125465
0.39967682411229555
0.23481990877278747
0.12117118012093342
0.05262136678922718
0.018888798473362656
0.005295626535969785
0.0014635843073709186
0.000655805413907194
0.00029982030998007954
0.00014597899792845946
6.591496492009828e-05
2.4725258649102968e-05
8.216277884276503e-06
2.2749541469278345e-06
4.817753774075936e-07
5.894459954921647e-08
0.0
0.0
0.0
0.0
0.0
0.0
0.0
0.0
0.0
0.0
0.0
0.0
0.0
0.0
0.0
0.0
0.0
0.0
0.0
0.0
0.0
0.0
0.0
0.0
0.0
0.0
0.0
0.0
0.0
0.0
0.0
0.0
0.0
0.0
0.0
0.0
0.0
0.0
0.0
0.0
0.0
0.0
0.0
0.0
0.0
0.0
0.0
0.0
0.0
0.0
0.0
0.0
0.0
0.0
0.0
0.0
0.0
0.0
0.0
0.0
0.0
0.0
0.0
0.0
0.0
0.0
0.0
0.0
0.0
0.0
0.0
0.0
0.0
0.0
0.0
0.0
0.0
0.0
0.0
0.0
0.0
0.0
0.0
0.0
0.0
0.0
0.0
0.0
0.0
0.0
0.0
0.0
0.0
0.0
0.0
0.0
0.0