0.0
0.0
0.0
0.0
0.0
0.0
0.0
0.0
0.0
0.0
0.0
0.0
0.0
0.0
0.0
0.0
0.0
0.0
0.0
0.0
0.0
0.0
0.0
0.0
0.0
0.0
0.0
0.0
0.0
0.0
0.0
0.0
0.0
0.0
0.0
0.0
0.0
0.0
0.0
0.0
0.0
0.0
0.0
0.0
0.0
0.0
0.0
0.0
0.0
0.0
0.0
0.0
0.0
0.0
0.0
0.0
0.0
0.0
0.0
0.0
0.0
0.0
0.0
0.0
0.0
0.0
0.0
0.0
0.0
0.0
0.0
0.0
0.0
0.0
0.0
0.0
0.0
0.0
0.0
0.0
0.0
0.0
0.0
0.0
0.0
0.0
0.0
0.0
6.011522391834254e-05
0.00033372138246273725
0.0008221114826778524
0.0014303872464307725
0.0020132042451927222
0.002613242459428455
0.005725724011616343
0.011566948503822389
0.01439509409178706
0.009915897660323112
0.002969545780119881
0.015486914794710883
0.042701404513851536
0.038942064643570425
0.011727574924429773
0.0
0.0
0.015324386892330436
0.21242732115259072
0.7432753029631883
2.460075768395035
5.158780980173742
5.418160245003512
2.7896544542963384
0.950846135041693
0.8069021285894297
1.0014483371695773
1.1394480918074799
1.3860016367080656
1.6790064861130067
1.9477487983329813
2.244985457511743
2.5604070736474753
2.8714750565220584
3.1752291997267106
3.472854649254359
3.767402953361226
4.089706653949234
4.480847416499638
4.961720221442444
5.531892152526104
6.1757224603915
6.812074159756208
7.29095115291454
7.4594045267925955
7.209441522178457
6.5334401487877996
5.544287491279703
4.435307727612578
3.3809015128607047
2.4768913576217715
1.7812785445980481
1.2935493598336223
0.9464700634490394
0.6959669039290656
0.5318690461690903
0.42730069533051873
0.3515232316069279
0.29117013355532945
0.23875824289844239
0.1913707405809664
0.15251500503735885
0.12211443839241165
0.09549708058855118
0.0701032500348619
0.046103323565931
0.02489868593453139
0.009418345679193937
0.0018922301337248237
0.00015978136512890384
9.364904741831822e-05
5.386495680511438e-05
3.0169340486762793e-05
1.6184498413916963e-05
8.090211284153344e-06
3.6091492705420038e-06
1.3647566435105879e-06
4.4721568527849074e-07
1.4159983309188386e-07
3.089811502307351e-08
0.0
0.0
0.0
0.0
0.0
0.0
0.0
0.0
0.0
0.0
0.0
0.0
0.0
0.0
0.0
0.0
0.0
0.0
0.0
0.0
0.0
0.0
0.0
0.0
0.0
0.0
0.0
0.0
0.0
0.0
0.0
0.0
0.0
0.0
0.0
0.0
0.0
0.0
0.0
0.0
0.0
0.0
0.0
0.0
0.0
0.0
0.0
0.0
0.0
0.0
0.0
0.0
0.0
0.0
0.0
0.0
0.0
0.0
0.0
0.0
0.0
0.0
0.0
0.0
0.0
0.0
0.0
0.0
0.0
0.0
0.0
0.0
0.0
0.0
0.0
0.0
0.0
0.0
0.0
0.0
0.0
0.0
0.0
0.0
0.0