0.0
0.0
0.0
0.0
0.0
0.0
0.0
0.0
0.0
0.0
0.0
0.0
0.0
0.0
0.0
0.0
0.0
0.0
0.0
0.0
0.0
0.0
0.0
0.0
0.0
0.0
0.0
0.0
0.0
0.0
0.0
0.0
0.0
0.0
0.0
0.0
0.0
0.0
0.0
0.0
0.0
0.0
0.0
0.0
0.0
0.0
0.0
0.0
0.0
0.0
0.0
0.0
0.0
0.0
0.0
0.0
0.0
0.0
0.0
0.0
0.0
0.0
0.0
0.0
0.0
0.0
0.0
0.0
0.0
0.0
0.0
0.0
0.0
0.0
0.0
0.0
0.0
0.0
0.0
0.0
0.0
0.0
0.0
0.0
0.0
0.0
0.0
0.0
0.0
0.00023771772729588712
0.0011385449083943114
0.002933957550694447
0.005076842059464043
0.00750670741983719
0.018180010284729417
0.038169632046128464
0.04875306661115643
0.03492382197549484
0.010699981650540907
0.06022258676631444
0.1666400158726442
0.1526143698825242
0.04619641616714965
0.0
0.0
0.036128985303997455
0.1448296345106392
0.32682815330709464
1.693582105199482
4.349410092993681
4.857177404103823
2.579851293257317
0.934043252646455
0.7762675922457795
0.9487999301546572
1.1216243828005668
1.396366544117975
1.6982565924021165
1.9606121387953461
2.2348405654036427
2.5108573396337213
2.769130181008751
3.006733408231568
3.219168737524122
3.40616025060539
3.5938725046820585
3.81442672877558
4.085622594331058
4.4120121076503
4.7840103065100035
5.138958685819766
5.3606056652974114
5.328540398828802
4.96276546997863
4.277375561012262
3.393294867526483
2.488386842300974
1.7023736448620264
1.0891356766379785
0.6593025333542692
0.3863135647509438
0.2112201147178414
0.09719843104979121
0.03442781499386216
0.009569866488199985
0.0030737365824905897
0.0014373395680372504
0.0006214794251591705
0.0002517744140454595
0.00010416154156504386
4.6731887500300874e-05
1.8435453011425066e-05
5.098178496459508e-06
1.0188244447996235e-06
1.089656542634398e-07
0.0
0.0
0.0
0.0
0.0
0.0
0.0
0.0
0.0
0.0
0.0
0.0
0.0
0.0
0.0
0.0
0.0
0.0
0.0
0.0
0.0
0.0
0.0
0.0
0.0
0.0
0.0
0.0
0.0
0.0
0.0
0.0
0.0
0.0
0.0
0.0
0.0
0.0
0.0
0.0
0.0
0.0
0.0
0.0
0.0
0.0
0.0
0.0
0.0
0.0
0.0
0.0
0.0
0.0
0.0
0.0
0.0
0.0
0.0
0.0
0.0
0.0
0.0
0.0
0.0
0.0
0.0
0.0
0.0
0.0
0.0
0.0
0.0
0.0
0.0
0.0
0.0
0.0
0.0
0.0
0.0
0.0
0.0
0.0
0.0
0.0
0.0
0.0
0.0
0.0
0.0
0.0
0.0
0.0
0.0
0.0
0.0
0.0