0.0
0.0
0.0
0.0
0.0
0.0
0.0
0.0
0.0
0.0
0.0
0.0
0.0
0.0
0.0
0.0
0.0
0.0
0.0
0.0
0.0
0.0
0.0
0.0
0.0
0.0
0.0
0.0
0.0
0.0
0.0
0.0
0.0
0.0
0.0
0.0
0.0
0.0
0.0
0.0
0.0
0.0
0.0
0.0
0.0
0.0
0.0
0.0
0.0
0.0
0.0
0.0
0.0
0.0
0.0
0.0
0.0
0.0
0.0
0.0
0.0
0.0
0.0
0.0
0.0
0.0
0.0
0.0
0.0
0.0
0.0
0.0
0.0
0.0
0.0
0.0
0.0
0.0
0.0
0.0
0.0
0.0
0.0
0.0
0.0
0.0
0.0
0.0
0.0
0.0
0.0
0.0
0.0
0.0
0.0
0.0
0.0
0.0
0.0
0.0
0.0
0.0
0.0
0.0
0.0
3.450167433096811e-05
0.14002405532746312
0.5782437382886204
2.3543103571699087
5.338229060714399
5.795016792591895
3.171068282227624
1.2505534420116584
0.988675261779318
1.1331006714495657
1.264289753327542
1.4789872007969505
1.725329525429538
1.95899581715298
2.23589357931529
2.5236248215512607
2.802401295429806
3.073824656193979
3.3317295547477057
3.5727891421541784
3.8168865633300078
4.089869982668207
4.41091770233233
4.794894663368036
5.24996451248898
5.735009195379416
6.152644774109037
6.380586867813804
6.295140161805765
5.8351683822035065
5.050727090435671
4.090052371547508
3.1169300809149547
2.2463286299082137
1.560555761673867
1.0762406082052605
0.7368793459547315
0.4990594019766599
0.3463837427701591
0.2504223598178853
0.18306107166480937
0.13175869061497625
0.08919640856427491
0.05250429106457992
0.024987946820671243
0.008687307361842185
0.0018014231510489122
0.00024745592661819563
0.0001319181857485786
7.004431672779577e-05
3.641632464706057e-05
1.8107421868172213e-05
8.330694553102055e-06
3.3729458021744916e-06
1.1208556675689621e-06
2.7114584764245364e-07
3.507550006297272e-08
0.0
0.0
0.0
0.0
0.0
0.0
0.0
0.0
0.0
0.0
0.0
0.0
0.0
0.0
0.0
0.0
0.0
0.0
0.0
0.0
0.0
0.0
0.0
0.0
0.0
0.0
0.0
0.0
0.0
0.0
0.0
0.0
0.0
0.0
0.0
0.0
0.0
0.0
0.0
0.0
0.0
0.0
0.0
0.0
0.0
0.0
0.0
0.0
0.0
0.0
0.0
0.0
0.0
0.0
0.0
0.0
0.0
0.0
0.0
0.0
0.0
0.0
0.0
0.0
0.0
0.0
0.0
0.0
0.0
0.0
0.0
0.0
0.0
0.0
0.0
0.0
0.0
0.0
0.0
0.0
0.0
0.0
0.0
0.0
0.0
0.0
0.0
0.0
0.0
0.0
0.0