0.0
0.0
0.0
0.0
0.0
0.0
0.0
0.0
0.0
0.0
0.0
0.0
0.0
0.0
0.0
0.0
0.0
0.0
0.0
0.0
0.0
0.0
0.0
0.0
0.0
0.0
0.0
0.0
0.0
0.0
0.0
0.0
0.0
0.0
0.0
0.0
0.0
0.0
0.0
0.0
0.0
0.0
0.0
0.0
0.0
0.0
0.0
0.0
0.0
0.0
0.0
0.0
0.0
0.0
0.0
0.0
0.0
0.0
0.0
0.0
0.0
0.0
0.0
0.0
0.0
0.0
0.0
0.0
0.0
0.0
0.0
0.0
0.0
0.0
0.0
0.0
0.0
0.0
0.0
0.0
0.0
0.0
0.0
0.0
0.0
0.0
0.0
0.0
0.0
0.0
0.0
0.0
0.0
0.0
0.0
0.0
0.0
0.0
0.0
0.0
0.0
0.0
0.0
0.0
0.0
0.0
0.12221114676678235
0.49839704577017124
2.3296190770379614
5.56943317427521
6.159055853024429
3.4551249721455726
1.4452422695347225
1.1279435012226173
1.2408606613949706
1.3381999321150955
1.5123156729773648
1.730384595106989
1.9444715555892076
2.204436479361316
2.470256270341582
2.7266093240560134
2.976595691655438
3.2095440453763615
3.4191881546934386
3.6221586721851193
3.8389198565383347
4.085613643342858
4.379692399478974
4.735921973017265
5.126891140769354
5.476158840094243
5.680053968471739
5.620554269764859
5.225945767688409
4.526728124299971
3.651595317429694
2.752715977374659
1.94439576335
1.3097238326835028
0.8648083616466828
0.5574644795815151
0.3467337197803165
0.21376145234168664
0.13166786986071144
0.07638397123267869
0.0380931628265092
0.014307443105144054
0.0033582084120925334
0.0006198954056858626
0.00032424515174881606
0.0001602099664475013
7.163004851951866e-05
3.135468774831929e-05
1.3277313711594684e-05
5.1935873871307995e-06
1.7324313641938591e-06
4.2914145455642094e-07
5.702751057127646e-08
0.0
0.0
0.0
0.0
0.0
0.0
0.0
0.0
0.0
0.0
0.0
0.0
0.0
0.0
0.0
0.0
0.0
0.0
0.0
0.0
0.0
0.0
0.0
0.0
0.0
0.0
0.0
0.0
0.0
0.0
0.0
0.0
0.0
0.0
0.0
0.0
0.0
0.0
0.0
0.0
0.0
0.0
0.0
0.0
0.0
0.0
0.0
0.0
0.0
0.0
0.0
0.0
0.0
0.0
0.0
0.0
0.0
0.0
0.0
0.0
0.0
0.0
0.0
0.0
0.0
0.0
0.0
0.0
0.0
0.0
0.0
0.0
0.0
0.0
0.0
0.0
0.0
0.0
0.0
0.0
0.0
0.0
0.0
0.0
0.0
0.0
0.0
0.0
0.0
0.0
0.0
0.0
0.0
0.0