0.0
0.0
0.0
0.0
0.0
0.0
0.0
0.0
0.0
0.0
0.0
0.0
0.0
0.0
0.0
0.0
0.0
0.0
0.0
0.0
0.0
0.0
0.0
0.0
0.0
0.0
0.0
0.0
0.0
0.0
0.0
0.0
0.0
0.0
0.0
0.0
0.0
0.0
0.0
0.0
0.0
0.0
0.0
0.0
0.0
0.0
0.0
0.0
0.0
0.0
0.0
0.0
0.0
0.0
0.0
0.0
0.0
0.0
0.0
0.0
0.0
0.0
0.0
0.0
0.0
0.0
0.0
0.0
0.0
0.0
0.0
0.0
0.0
0.0
0.0
0.0
0.0
0.0
0.0
0.0
0.0
0.0
0.0
0.0
0.0
0.0
0.0
0.0
0.00680590324202008
0.03775029081757493
0.09288533997985426
0.1615513458277104
0.2300344041987506
0.29887951004753777
0.378270104686323
0.3442300093777042
0.19687023017208122
0.028820164436515697
0.0026979140151710147
0.0003932716466312428
4.098473677693584e-05
0.0
0.0
0.0
0.0
0.0007289317859387024
0.08345093059271758
0.4124856292156192
2.8945881646999516
7.4550556027254675
8.214934497940817
4.416334932715217
1.7007578833380972
1.2634585109868148
1.381772238282433
1.5065151646723234
1.6806183543829638
1.8837191528791768
2.0830847012354616
2.3310095671178046
2.584413978629686
2.8343019555847047
3.0853336050338176
3.323547992559191
3.542005777928346
3.7545138230656585
3.97579661114209
4.21851371431015
4.501905743692623
4.84760252625517
5.241022454655119
5.6252685115154755
5.913326813745297
5.987693278359537
5.752874028526627
5.193982157629827
4.39421657343901
3.4860930844638625
2.5999135327896425
1.8539914954528478
1.2947018373178394
0.8885924323003244
0.6039149247148802
0.42094191599700886
0.3046279017855205
0.22398265107294127
0.1650772192125866
0.11812410324772028
0.07738938580471828
0.044930125068087946
0.021995036877506015
0.0076810349966801314
0.0014821313550806507
0.00021016488536471786
0.0001142644098949427
6.138911243308246e-05
3.2068504832764275e-05
1.5936228500064693e-05
7.303681361880853e-06
2.972444599934717e-06
1.008855946159369e-06
2.460872448303318e-07
3.016082550870596e-08
0.0
0.0
0.0
0.0
0.0
0.0
0.0
0.0
0.0
0.0
0.0
0.0
0.0
0.0
0.0
0.0
0.0
0.0
0.0
0.0
0.0
0.0
0.0
0.0
0.0
0.0
0.0
0.0
0.0
0.0
0.0
0.0
0.0
0.0
0.0
0.0
0.0
0.0
0.0
0.0
0.0
0.0
0.0
0.0
0.0
0.0
0.0
0.0
0.0
0.0
0.0
0.0
0.0
0.0
0.0
0.0
0.0
0.0
0.0
0.0
0.0
0.0
0.0
0.0
0.0
0.0
0.0
0.0
0.0
0.0
0.0
0.0
0.0
0.0
0.0
0.0
0.0
0.0
0.0
0.0
0.0
0.0
0.0
0.0
0.0
0.0
0.0
0.0
0.0
0.0