0.0
0.0
0.0
0.0
0.0
0.0
0.0
0.0
0.0
0.0
0.0
0.0
0.0
0.0
0.0
0.0
0.0
0.0
0.0
0.0
0.0
0.0
0.0
0.0
0.0
0.0
0.0
0.0
0.0
0.0
0.0
0.0
0.0
0.0
0.0
0.0
0.0
0.0
0.0
0.0
0.0
0.0
0.0
0.0
0.0
0.0
0.0
0.0
0.0
0.0
0.0
0.0
0.0
0.0
0.0
0.0
0.0
0.0
0.0
0.0
0.0
0.0
0.0
0.0
0.0
0.0
0.0
0.0
0.0
0.0
0.0
0.0
0.0
0.0
0.0
0.0
0.0
0.0
0.0
0.0
0.0
0.0
0.0
0.0
0.0
0.0
0.0
0.00499543995051083
0.02858396787111964
0.07904977807313637
0.13781315965079058
0.19311709620278505
0.24423159509473252
0.2845665545869988
0.3353563963804536
0.2957780288729323
0.15691172290261807
0.014763960478843312
0.002772603605423015
0.0003687279758875391
3.605787369789231e-05
0.0
0.0
0.0
0.0
0.014564113550590467
0.2597648885558383
2.56399766699749
6.769827377516589
7.732738441963858
4.977043317006528
2.8302811948471103
1.7255599099187575
1.1837863953034164
1.327174561254419
1.5812473584725606
1.8203797789192404
2.0232738090092734
2.215700502152701
2.452034858503006
2.688120728395512
2.922300725108126
3.159773167955855
3.384300491306553
3.5892776880629333
3.785776604905517
3.983413034283304
4.192208017291452
4.431179117306106
4.72334852197372
5.062116777485128
5.408070542760768
5.693519419514883
5.812255151465024
5.666120970654895
5.218249007685895
4.516374861983651
3.666077250203833
2.7952642883797263
2.0358489059381197
1.447106284667169
1.0065969657861795
0.6918407568547309
0.485590284696092
0.35286221434342746
0.2623992991491875
0.19683791993329283
0.14487856771522725
0.10191313808882717
0.06844516541011378
0.04262539966312324
0.02172337597958525
0.007476987723680331
0.0013952014133135394
0.00017894405155976527
9.947045202694785e-05
5.435136876332857e-05
2.8788686006788636e-05
1.4546510110922274e-05
6.874741318189929e-06
2.9928442078701395e-06
1.253063464021599e-06
5.182604809743458e-07
1.5873445150821838e-07
1.9457835989512334e-08
0.0
0.0
0.0
0.0
0.0
0.0
0.0
0.0
0.0
0.0
0.0
0.0
0.0
0.0
0.0
0.0
0.0
0.0
0.0
0.0
0.0
0.0
0.0
0.0
0.0
0.0
0.0
0.0
0.0
0.0
0.0
0.0
0.0
0.0
0.0
0.0
0.0
0.0
0.0
0.0
0.0
0.0
0.0
0.0
0.0
0.0
0.0
0.0
0.0
0.0
0.0
0.0
0.0
0.0
0.0
0.0
0.0
0.0
0.0
0.0
0.0
0.0
0.0
0.0
0.0
0.0
0.0
0.0
0.0
0.0
0.0
0.0
0.0
0.0
0.0
0.0
0.0
0.0
0.0
0.0
0.0
0.0
0.0
0.0
0.0
0.0
0.0
0.0