0.0
0.0
0.0
0.0
0.0
0.0
0.0
0.0
0.0
0.0
0.0
0.0
0.0
0.0
0.0
0.0
0.0
0.0
0.0
0.0
0.0
0.0
0.0
0.0
0.0
0.0
0.0
0.0
0.0
0.0
0.0
0.0
0.0
0.0
0.0
0.0
0.0
0.0
0.0
0.0
0.0
0.0
0.0
0.0
0.0
0.0
0.0
0.0
0.0
0.0
0.0
0.0
0.0
0.0
0.0
0.0
0.0
0.0
0.0
0.0
0.0
0.0
0.0
0.0
0.0
0.0
0.0
0.0
0.0
0.0
0.0
0.0
0.0
0.0
0.0
0.0
0.0
0.0
0.0
0.0
0.0
0.0
0.0
0.0
0.0
0.0
0.00021061916769584118
0.001412831027098265
0.004246924844050486
0.008297617705193416
0.011927162253568576
0.014710555571075572
0.01726398038961755
0.019036238436171932
0.04147847574226171
0.08055799557999745
0.08089092645365387
0.025036287002510905
0.0018164284959036948
0.000415745026914455
8.701832726715667e-05
1.1652629596756535e-05
0.0
0.0
0.07738416168346095
0.580735012064991
1.8001298207670966
3.2413598333805473
4.101011047195701
4.251091351656612
3.9647692725898778
3.1175703328909177
1.846314459489064
1.1691641607821177
1.3516044270803214
1.7204507106175548
2.0006225668559194
2.200641917836732
2.3906607744297372
2.6114870053726706
2.820836939223167
3.0264254030079174
3.232694221471081
3.4227406074299056
3.5919662278587525
3.7479908364342376
3.896038562932121
4.045146808399105
4.212370961125331
4.418984527932804
4.663881381639708
4.919740277585174
5.134008354459492
5.217365580142542
5.083605362160243
4.691043992387105
4.069128154550717
3.3068629990671554
2.51616415683694
1.816276670365382
1.2690420313905164
0.8606162202785346
0.5712766833109886
0.38331117176752794
0.26239948605842245
0.18008436313482948
0.12234949643270063
0.07814988013101627
0.04116245006649824
0.014974428526949359
0.003121804890657719
0.000494225872915192
0.00024855910364092937
0.00012469074867640253
6.222337241266604e-05
3.0365504981676834e-05
1.409913662398146e-05
6.07617489112649e-06
2.525783714570854e-06
1.0437835840246807e-06
3.2125565642301574e-07
3.98731876746758e-08
0.0
0.0
0.0
0.0
0.0
0.0
0.0
0.0
0.0
0.0
0.0
0.0
0.0
0.0
0.0
0.0
0.0
0.0
0.0
0.0
0.0
0.0
0.0
0.0
0.0
0.0
0.0
0.0
0.0
0.0
0.0
0.0
0.0
0.0
0.0
0.0
0.0
0.0
0.0
0.0
0.0
0.0
0.0
0.0
0.0
0.0
0.0
0.0
0.0
0.0
0.0
0.0
0.0
0.0
0.0
0.0
0.0
0.0
0.0
0.0
0.0
0.0
0.0
0.0
0.0
0.0
0.0
0.0
0.0
0.0
0.0
0.0
0.0
0.0
0.0
0.0
0.0
0.0
0.0
0.0
0.0
0.0
0.0
0.0
0.0
0.0
0.0
0.0
0.0
0.0
0.0