0.0
0.0
0.0
0.0
0.0
0.0
0.0
0.0
0.0
0.0
0.0
0.0
0.0
0.0
0.0
0.0
0.0
0.0
0.0
0.0
0.0
0.0
0.0
0.0
0.0
0.0
0.0
0.0
0.0
0.0
0.0
0.0
0.0
0.0
0.0
0.0
0.0
0.0
0.0
0.0
0.0
0.0
0.0
0.0
0.0
0.0
0.0
0.0
0.0
0.0
0.0
0.0
0.0
0.0
0.0
0.0
0.0
0.0
0.0
0.0
0.0
0.0
0.0
0.0
0.0
0.0
0.0
0.0
0.0
0.0
0.0
0.0
0.0
0.0
0.0
0.0
0.0
0.0
0.0
0.0
0.0
0.0
0.0
0.0
0.0029123111573413894
0.016697628354300196
0.04817103255369662
0.10656806783537533
0.18979295209341007
0.2723693952339856
0.32032183275795045
0.31157087813878015
0.2312347185336008
0.10423255164340686
0.019063981585811473
8.126790698922826e-05
3.557210597149654e-05
8.93556433888752e-06
1.6517965818533516e-06
1.5352914730035066e-07
0.01754382544951237
0.053115639207301064
0.054231529243920815
0.01948398199071387
0.145702675806967
0.8521677781406488
2.271559536390637
3.7696722977235275
4.640311884572627
4.793332678226829
4.405858152359945
3.3858793259916955
1.9446478740406095
1.1525333065353571
1.3606458666735703
1.8169859758712534
2.124118785006334
2.329600778997195
2.531617923143555
2.749498914239838
2.94711658257864
3.142577394932763
3.3390939295378255
3.5191616655175686
3.6812400960610447
3.831310912595589
3.970061382369435
4.104850783602196
4.251818551162738
4.431317768717584
4.64681279230066
4.881968139137994
5.096785958603194
5.212742772046077
5.145589590296435
4.84166936763424
4.306059025685015
3.6001816811713234
2.825667139368218
2.1081790461024
1.5189582804338873
1.0603748967274673
0.7279161509862608
0.5067035564607413
0.3608933131116219
0.26098905319429927
0.19094472360617076
0.13811982315370142
0.09521263025620551
0.061736065770174806
0.03585103050141651
0.01571199622484188
0.004019798532970131
0.0005181744475961143
0.00016191995127075494
8.879932480168245e-05
4.993595547446624e-05
2.8602147627669107e-05
1.545407438376981e-05
7.571017698688075e-06
3.4148851577107237e-06
1.3430281487365518e-06
4.0600432137688304e-07
7.317061205717964e-08
4.099780248092317e-09
0.0
0.0
0.0
0.0
0.0
0.0
0.0
0.0
0.0
0.0
0.0
0.0
0.0
0.0
0.0
0.0
0.0
0.0
0.0
0.0
0.0
0.0
0.0
0.0
0.0
0.0
0.0
0.0
0.0
0.0
0.0
0.0
0.0
0.0
0.0
0.0
0.0
0.0
0.0
0.0
0.0
0.0
0.0
0.0
0.0
0.0
0.0
0.0
0.0
0.0
0.0
0.0
0.0
0.0
0.0
0.0
0.0
0.0
0.0
0.0
0.0
0.0
0.0
0.0
0.0
0.0
0.0
0.0
0.0
0.0
0.0
0.0
0.0
0.0
0.0
0.0
0.0
0.0
0.0
0.0
0.0
0.0
0.0
0.0
0.0
0.0
0.0
0.0