0.0
0.0
0.0
0.0
0.0
0.0
0.0
0.0
0.0
0.0
0.0
0.0
0.0
0.0
0.0
0.0
0.0
0.0
0.0
0.0
0.0
0.0
0.0
0.0
0.0
0.0
0.0
0.0
0.0
0.0
0.0
0.0
0.0
0.0
0.0
0.0
0.0
0.0
0.0
0.0
0.0
0.0
0.0
0.0
0.0
0.0
0.0
0.0
0.0
0.0
0.0
0.0
0.0
0.0
0.0
0.0
0.0
0.0
0.0
0.0
0.0
0.0
0.0
0.0
0.0
0.0
0.0
0.0
0.0
0.0
0.0
0.0
0.0
0.0
0.0
0.0
0.0
0.0
0.0
0.0
0.0
0.0
0.0
0.016183759739559683
0.0600797623006858
0.13130129447324584
0.24694466003234136
0.4200291186722468
0.6054703795370291
0.7602807140025991
0.8143712915028879
0.6618774049634067
0.39099035423370754
0.16197769860027592
0.05497311657573794
0.1554855164198818
0.31657899163505343
0.29937161985798116
0.09349317023059457
0.006895093905573196
0.019358980762745937
0.019253238295235536
0.0064111989906793145
0.01046698610268739
0.20471157468603654
0.9768183002988446
2.3940587822520314
3.8529509902022183
4.7669632717561905
5.043395217401519
4.745861367923166
3.6943957087847936
2.1009223672496646
1.179209850564831
1.4147198828754042
1.9480716388601416
2.2669689542506077
2.4713402679913696
2.674798699690077
2.870726243159265
3.0333111394952277
3.188717757750029
3.337607388747746
3.4645703559082546
3.5711343932391193
3.660796420730572
3.7312585108046386
3.7887890124347825
3.8482070554463434
3.927363969957445
4.0303677211666935
4.14600454557667
4.2451525580581935
4.266769408783881
4.143955588940365
3.8351102764839227
3.346603410365467
2.7315566798423334
2.076996714170631
1.4880839601371911
1.0205013201768214
0.6672777678876286
0.4160226861883454
0.2526987103938396
0.1496286499344879
0.08270731798260446
0.039432542067003
0.014390960893813627
0.0037272900242160145
0.0010407463255683773
0.0004987049573126066
0.00022646072021745625
9.79672261830994e-05
4.0707402434325774e-05
1.6440827655790652e-05
6.878798685774542e-06
3.0867832953323807e-06
1.1614046624475248e-06
2.6514074500674345e-07
3.1663460923044034e-08
0.0
0.0
0.0
0.0
0.0
0.0
0.0
0.0
0.0
0.0
0.0
0.0
0.0
0.0
0.0
0.0
0.0
0.0
0.0
0.0
0.0
0.0
0.0
0.0
0.0
0.0
0.0
0.0
0.0
0.0
0.0
0.0
0.0
0.0
0.0
0.0
0.0
0.0
0.0
0.0
0.0
0.0
0.0
0.0
0.0
0.0
0.0
0.0
0.0
0.0
0.0
0.0
0.0
0.0
0.0
0.0
0.0
0.0
0.0
0.0
0.0
0.0
0.0
0.0
0.0
0.0
0.0
0.0
0.0
0.0
0.0
0.0
0.0
0.0
0.0
0.0
0.0
0.0
0.0
0.0
0.0
0.0
0.0
0.0
0.0
0.0
0.0
0.0
0.0
0.0
0.0
0.0
0.0