0.0
0.0
0.0
0.0
0.0
0.0
0.0
0.0
0.0
0.0
0.0
0.0
0.0
0.0
0.0
0.0
0.0
0.0
0.0
0.0
0.0
0.0
0.0
0.0
0.0
0.0
0.0
0.0
0.0
0.0
0.0
0.0
0.0
0.0
0.0
0.0
0.0
0.0
0.0
0.0
0.0
0.0
0.0
0.0
0.0
0.0
0.0
0.0
0.0
0.0
0.0
0.0
0.0
0.0
0.0
0.0
0.0
0.0
0.0
0.0
0.0
0.0
0.0
0.0
0.0
0.0
0.0
0.0
0.0
0.0
0.0
0.0
0.0
0.0
0.0
0.0
0.0
0.0
0.0
0.0
0.0
0.0
0.021429267208745443
0.22482910874382175
0.5689877981282518
0.8703503509601255
1.2378980892344744
1.6769433644753264
1.8454136134434251
1.565631096528137
1.1800729500103575
0.900723059793738
0.6537641809306557
0.4313305178365779
0.4134971106400731
0.6282838363067746
0.6284804493211757
0.19593365045936478
0.00778501376933398
0.025746151024343866
0.0754236217188359
0.07527615614058326
0.0250838735082263
0.06052951159917175
0.4118667298493114
1.3458955510820123
2.796923167693892
4.210239635705501
5.110163356929786
5.39893400942063
5.063259745159691
3.9188498831367538
2.1972503761394617
1.1728238990508446
1.4303326772900056
2.02898076364151
2.362877581134103
2.585775537957801
2.8158670364405323
3.019030635218971
3.184678051964098
3.346609998413245
3.500975412916414
3.6333969491254314
3.7485547314807093
3.8485670183090495
3.9297088247555663
3.9983423675247662
4.067184871232957
4.152247317378367
4.261299067785313
4.390068774765931
4.513587299759081
4.57563984571452
4.513465725099761
4.272638404985649
3.835211507901171
3.238386788340272
2.5630314491053783
1.9176725014591849
1.3736126998223523
0.9443621732232071
0.6313163792111761
0.42230029764086324
0.28506629382725523
0.1918072633570689
0.12644235549689112
0.07826424030770307
0.04159876045896393
0.016348809446339485
0.0038642219976460284
0.0006159735318946732
0.00028541422220169655
0.00014936887273599495
8.224223975465457e-05
4.305513475193986e-05
2.0544293243167228e-05
9.352813186077331e-06
3.897280983305529e-06
1.3811384860354145e-06
3.632289365737807e-07
5.247421797833179e-08
7.961885353330255e-10
0.0
0.0
0.0
0.0
0.0
0.0
0.0
0.0
0.0
0.0
0.0
0.0
0.0
0.0
0.0
0.0
0.0
0.0
0.0
0.0
0.0
0.0
0.0
0.0
0.0
0.0
0.0
0.0
0.0
0.0
0.0
0.0
0.0
0.0
0.0
0.0
0.0
0.0
0.0
0.0
0.0
0.0
0.0
0.0
0.0
0.0
0.0
0.0
0.0
0.0
0.0
0.0
0.0
0.0
0.0
0.0
0.0
0.0
0.0
0.0
0.0
0.0
0.0
0.0
0.0
0.0
0.0
0.0
0.0
0.0
0.0
0.0
0.0
0.0
0.0
0.0
0.0
0.0
0.0
0.0
0.0
0.0
0.0
0.0
0.0
0.0
0.0
0.0
0.0
0.0