0.0
0.0
0.0
0.0
0.0
0.0
0.0
0.0
0.0
0.0
0.0
0.0
0.0
0.0
0.0
0.0
0.0
0.0
0.0
0.0
0.0
0.0
0.0
0.0
0.0
0.0
0.0
0.0
0.0
0.0
0.0
0.0
0.0
0.0
0.0
0.0
0.0
0.0
0.0
0.0
0.0
0.0
0.0
0.0
0.0
0.0
0.0
0.0
0.0
0.0
0.0
0.0
0.0
0.0
0.0
0.0
0.0
0.0
0.0
0.0
0.0
0.0
0.0
0.0
0.0
0.0
0.0
0.0
0.0
0.0
0.0
0.0
0.0
0.0
0.0
0.0
0.0
0.0
0.0
0.03407960618692192
0.21240437473686977
0.7352194834643757
1.5806986837311654
3.132336590076368
4.5930823467763675
4.9295801749328945
4.702325132428279
3.721353346093237
2.6802950462857495
2.2272808061510307
1.8239749836513337
1.4186451062841179
1.059962116688062
0.8018311987220712
0.8850544977084582
1.2696554149718569
1.2047925890123752
0.34554918368333387
0.0029332372534662896
0.07862266828337294
0.23519458303617885
0.23516285540543064
0.08778489040333026
0.18614621193610742
0.8554793959533464
2.1468630733631713
3.7650820711203035
5.156419114380757
5.892305179846232
5.8652861169554384
5.217837339594189
3.9517029240958523
2.200946564252053
1.1382619891388852
1.4173114853121787
2.053919239292696
2.391406945859629
2.6417647052362296
2.912676822069169
3.1420626695666183
3.3378408049104373
3.5382017610698946
3.735424213180039
3.918066294454389
4.092598071777157
4.259835633185117
4.41466502521171
4.561118829166186
4.7100563098773325
4.87758001857096
5.072793369724077
5.2984094449398045
5.542608514079557
5.758480169355319
5.8804549050502795
5.835869484896227
5.570216085729186
5.069206381928597
4.379033588471555
3.6162280236905593
2.880110441593488
2.2209174343996416
1.6879866775817494
1.2996966272750712
1.0247555879948542
0.8270016474262013
0.6842124565028703
0.5773721317184246
0.49298004527968325
0.4271626111657641
0.3749231573678504
0.33024226436541126
0.2903522634398494
0.25194810047115745
0.21407498103731737
0.1784722355225478
0.1452995056935088
0.11318482963860096
0.08198630080815943
0.0529782981073039
0.0278007930568658
0.010056316384376212
0.0019793541456156537
0.00023017013168875512
0.00014343071777803354
8.779252276530095e-05
5.244664019888146e-05
3.0273400158480637e-05
1.6609905416145253e-05
8.436721987103905e-06
3.794467146748877e-06
1.4242956727884916e-06
4.530311298297498e-07
1.407478058832704e-07
3.114839517340884e-08
0.0
0.0
0.0
0.0
0.0
0.0
0.0
0.0
0.0
0.0
0.0
0.0
0.0
0.0
0.0
0.0
0.0
0.0
0.0
0.0
0.0
0.0
0.0
0.0
0.0
0.0
0.0
0.0
0.0
0.0
0.0
0.0
0.0
0.0
0.0
0.0
0.0
0.0
0.0
0.0
0.0
0.0
0.0
0.0
0.0
0.0
0.0
0.0
0.0
0.0
0.0
0.0
0.0
0.0
0.0
0.0
0.0
0.0
0.0
0.0
0.0
0.0
0.0
0.0
0.0
0.0
0.0
0.0
0.0
0.0
0.0
0.0
0.0
0.0
0.0
0.0
0.0
0.0