0.0
0.0
0.0
0.0
0.0
0.0
0.0
0.0
0.0
0.0
0.0
0.0
0.0
0.0
0.0
0.0
0.0
0.0
0.0
0.0
0.0
0.0
0.0
0.0
0.0
0.0
0.0
0.0
0.0
0.0
0.0
0.0
0.0
0.0
0.0
0.0
0.0
0.0
0.0
0.0
0.0
0.0
0.0
0.0
0.0
0.0
0.0
0.0
0.0
0.0
0.0
0.0
0.0
0.0
0.0
0.0
0.0
0.0
0.0
0.0
0.0
0.0
0.0
0.0
0.0
0.0
0.0
0.0
0.0
0.0
0.0
0.0
0.0
0.0
0.0
0.0
0.0
0.0
0.0
0.06081890656434479
0.36607643089552094
1.2675770477051405
2.5191766288592237
3.8457501085162575
4.823478667050422
4.561848668148495
3.755414689252976
3.2310968364969566
2.8417675110747767
2.4872154862559346
2.0951230319019283
1.6813452110703349
1.34407097910616
1.6539495185989004
2.3930058112360872
1.9495102314755994
0.8035067646816364
0.004383950105132207
0.0013740451326981046
0.0978359552997138
0.31085621214937703
0.34759756847603956
0.20044174733696438
0.37429271195649316
1.2075696463896068
2.6541875798246157
4.405999590735844
5.895773040745148
6.624134501807798
6.493304873345207
5.71165103057071
4.371244022102636
2.602007795855928
1.431786933597247
1.5816928732780793
2.1807780141284976
2.505382954772967
2.7531298252284073
3.022627620695913
3.231119652926788
3.4024109623673713
3.572069473290055
3.7290198110943376
3.8670351257894717
3.9939995559429873
4.1085744774060355
4.205051839134101
4.288546178345257
4.369642579853191
4.461077290744129
4.57037496316087
4.7025514596702465
4.849466280935206
4.971421401141269
5.015577856730359
4.923466928670818
4.649807517306967
4.1832342136578795
3.5651678929238773
2.8974299567060444
2.2639811004385932
1.7046568648294174
1.2568410613396364
0.9302072120343546
0.6986748501597965
0.5364301922074636
0.4228536638046072
0.3378345837666663
0.27051272604198273
0.218957753997609
0.1797730925987746
0.14728199452453072
0.11858526723492531
0.09228688499781332
0.06661522761609062
0.041191707182570834
0.019502112744775008
0.006218891866130927
0.0011407549662721772
0.00015179559212551277
9.28467562801408e-05
5.5999483916444477e-05
3.301482316967958e-05
1.8781662891196743e-05
1.0112438686135148e-05
4.989677212387142e-06
2.136350025450425e-06
7.406494014276733e-07
2.1243292195444645e-07
6.216281285258593e-08
1.3756331626646483e-08
0.0
0.0
0.0
0.0
0.0
0.0
0.0
0.0
0.0
0.0
0.0
0.0
0.0
0.0
0.0
0.0
0.0
0.0
0.0
0.0
0.0
0.0
0.0
0.0
0.0
0.0
0.0
0.0
0.0
0.0
0.0
0.0
0.0
0.0
0.0
0.0
0.0
0.0
0.0
0.0
0.0
0.0
0.0
0.0
0.0
0.0
0.0
0.0
0.0
0.0
0.0
0.0
0.0
0.0
0.0
0.0
0.0
0.0
0.0
0.0
0.0
0.0
0.0
0.0
0.0
0.0
0.0
0.0
0.0
0.0
0.0
0.0
0.0
0.0
0.0
0.0
0.0
0.0
0.0
0.0
0.0
0.0