0.0
0.0
0.0
0.0
0.0
0.0
0.0
0.0
0.0
0.0
0.0
0.0
0.0
0.0
0.0
0.0
0.0
0.0
0.0
0.0
0.0
0.0
0.0
0.0
0.0
0.0
0.0
0.0
0.0
0.0
0.0
0.0
0.0
0.0
0.0
0.0
0.0
0.0
0.0
0.0
0.0
0.0
0.0
0.0
0.0
0.0
0.0
0.0
0.0
0.0
0.0
0.0
0.0
0.0
0.0
0.0
0.0
0.0
0.0
0.0
0.0
0.0
0.0
0.0
0.0
0.0
0.0
0.0
0.0
0.0
0.0
0.0
0.0
0.0
0.0
0.0
0.044572059201401046
0.296083231672876
0.9636971247077291
2.293829154271848
3.9924636523688366
5.71814812076554
6.887679707976093
6.2748663151225275
4.8972788360109485
4.457416489358568
4.363766112389822
3.919516433824473
3.368667430256216
2.8734856528536468
2.434274161650314
2.105621927959288
1.820493226036837
2.1048201181906756
2.933935677446288
2.523145785424767
1.3192274485911724
0.4829224478507882
0.28953127183535293
0.22399992801555074
0.5912343716833762
0.82390643095283
0.5832992129617451
0.5981334250897694
1.448836845668559
2.831573717547112
4.170210088060814
5.0541921751309395
5.477224718867025
5.6617971893321
5.551934119138888
4.774492246674342
3.2107619452897236
1.8626640082636796
1.7239279331336452
2.181066146526229
2.497268445265827
2.7859367051805712
3.0813554464691406
3.3068069281799355
3.5070207480831392
3.701566224796164
3.8797824768140337
4.043406223471039
4.200376381960157
4.3503467797741475
4.492089449683693
4.629345254844798
4.766025867569369
4.9083378696245505
5.055364267015636
5.205337716918221
5.353306380404784
5.474643189251092
5.541560617565694
5.518131686229712
5.3610611811560664
5.036205330784014
4.546200794536694
3.9507128544378713
3.3084959427638476
2.669454096891115
2.104544336857124
1.6530045963506228
1.306991961045561
1.0514569408038497
0.8678063587755854
0.7306151695557622
0.6232996373056452
0.5414210122699061
0.479319179137471
0.4271576082095481
0.3791603205128192
0.33488432345760877
0.29328661577611315
0.2524219444579346
0.21342594750661317
0.17716825881636908
0.1424238516508255
0.1093123609510513
0.07847330545703465
0.04859282865306701
0.021394434809957685
0.004836033854590056
0.00037051563992107167
0.00023929277599561225
0.0001521010377072685
9.522438328896045e-05
5.8387725452942654e-05
3.476929993881783e-05
1.983794637791195e-05
1.0625031581922105e-05
5.164324964647592e-06
2.127349094734634e-06
6.403860138066476e-07
9.992423774635183e-08
0.0
0.0
0.0
0.0
0.0
0.0
0.0
0.0
0.0
0.0
0.0
0.0
0.0
0.0
0.0
0.0
0.0
0.0
0.0
0.0
0.0
0.0
0.0
0.0
0.0
0.0
0.0
0.0
0.0
0.0
0.0
0.0
0.0
0.0
0.0
0.0
0.0
0.0
0.0
0.0
0.0
0.0
0.0
0.0
0.0
0.0
0.0
0.0
0.0
0.0
0.0
0.0
0.0
0.0
0.0
0.0
0.0
0.0
0.0
0.0
0.0
0.0
0.0
0.0
0.0
0.0
0.0
0.0
0.0
0.0
0.0
0.0
0.0
0.0
0.0
0.0
0.0