0.0
0.0
0.0
0.0
0.0
0.0
0.0
0.0
0.0
0.0
0.0
0.0
0.0
0.0
0.0
0.0
0.0
0.0
0.0
0.0
0.0
0.0
0.0
0.0
0.0
0.0
0.0
0.0
0.0
0.0
0.0
0.0
0.0
0.0
0.0
0.0
0.0
0.0
0.0
0.0
0.0
0.0
0.0
0.0
0.0
0.0
0.0
0.0
0.0
0.0
0.0
0.0
0.0
0.0
0.0
0.0
0.0
0.0
0.0
0.0
0.0
0.0
0.0
0.0
0.0
0.0
0.0
0.0
0.0
0.0
0.0
0.0
0.0
0.0
0.028485595855081328
0.20304679624596284
0.6930940293213875
1.674719139822024
3.0844633144243083
4.735244699989238
6.0216209981856545
6.51633335489297
6.170190808588223
5.140858272225103
4.523438989049113
4.414713467476292
4.1885855219426045
3.868429524124773
3.551439439390059
3.2559990883869343
2.868299813970455
2.333740716217428
2.6063641880479733
3.78343053258495
3.273665310664921
1.3800601402251953
0.7136174404070174
0.8076070449855879
0.41536732000246857
0.258947895118103
0.6102920474447266
0.7879296355873326
0.5922701038814295
0.8778758061691997
2.018597856582859
3.619450118429986
5.279104508076484
6.5420174342932125
7.07749598677242
6.887399087473355
6.100030482020458
4.834893839341824
3.145229404469836
1.8139129373517113
1.8014453122678433
2.4109460955116444
2.7233899721600188
2.9661544032168234
3.255586476004658
3.4631520277154664
3.6424836813376116
3.8196313203156715
3.9764748902707328
4.115496759744974
4.244691365491302
4.360921263135142
4.460475189017922
4.547160800495962
4.626969577788467
4.711070257529023
4.808916387927174
4.927994127094713
5.0667612955176
5.20068977475308
5.2916224962116685
5.281140618177008
5.1104410712479575
4.751297528818612
4.222165975679781
3.5957648056504556
2.9436218519091204
2.3220174690459463
1.795121714003438
1.389641748465673
1.0861686672408792
0.8632617770429734
0.7020514934103602
0.5807749454328607
0.4871766208698058
0.4162080671428528
0.36136363228049495
0.31579398738222586
0.2747064465088364
0.23707209022622333
0.2023567695052874
0.16838924352571813
0.13530444538952632
0.10498098118660067
0.07726051178173332
0.05098124677078792
0.027283435723478258
0.010099061545470363
0.002007281837833327
0.00021466086550267613
0.00013705176163329827
8.637355944278522e-05
5.3470145988378736e-05
3.228389778423872e-05
1.8831782142805485e-05
1.0468846236607176e-05
5.409651262839012e-06
2.479446554061274e-06
9.284738127469368e-07
2.453342812391975e-07
3.306901767413183e-08
0.0
0.0
0.0
0.0
0.0
0.0
0.0
0.0
0.0
0.0
0.0
0.0
0.0
0.0
0.0
0.0
0.0
0.0
0.0
0.0
0.0
0.0
0.0
0.0
0.0
0.0
0.0
0.0
0.0
0.0
0.0
0.0
0.0
0.0
0.0
0.0
0.0
0.0
0.0
0.0
0.0
0.0
0.0
0.0
0.0
0.0
0.0
0.0
0.0
0.0
0.0
0.0
0.0
0.0
0.0
0.0
0.0
0.0
0.0
0.0
0.0
0.0
0.0
0.0
0.0
0.0
0.0
0.0
0.0
0.0
0.0
0.0
0.0
0.0
0.0
0.0
0.0
0.0