0.0
0.0
0.0
0.0
0.0
0.0
0.0
0.0
0.0
0.0
0.0
0.0
0.0
0.0
0.0
0.0
0.0
0.0
0.0
0.0
0.0
0.0
0.0
0.0
0.0
0.0
0.0
0.0
0.0
0.0
0.0
0.0
0.0
0.0
0.0
0.0
0.0
0.0
0.0
0.0
0.0
0.0
0.0
0.0
0.0
0.0
0.0
0.0
0.0
0.0
0.0
0.0
0.0
0.0
0.0
0.0
0.0
0.0
0.0
0.0
0.0
0.0
0.0
0.0
0.0
0.0
0.0
0.0
0.0
0.0
0.0
0.0
0.0
0.0
0.0
0.08887174480480062
0.5639797562267196
1.79594504512704
3.4658332424900626
4.735586315626165
4.877947866218284
4.2948865686183115
4.421206743579438
5.031402835963631
5.078463585254568
4.689775483334737
4.264625470071831
3.8823587275271385
3.5493536048945584
3.2475002732120037
2.8467782837555813
3.2374828787149865
4.436457729031239
3.7965875928753188
1.820667132097733
1.329108421357666
1.574875579356649
1.1799070843618717
0.5486184728681816
0.3703455840434021
0.8551620059871485
1.2015876707152107
1.031200002439385
1.1756164710002215
2.168783969905714
3.612175171694641
4.947774298995974
5.82051256086534
6.2165161164798635
6.327133629690027
6.126166602755032
5.379378332054155
3.869720716505966
2.332740117806151
2.0175832309117547
2.4790161738767837
2.778821817932043
3.0612158840289365
3.3668943570296928
3.5835521996117676
3.7873943741649234
3.979495068753754
4.145618769923524
4.295591287138315
4.436282577708959
4.56580153129208
4.684615329325846
4.796641972748421
4.904583975502714
5.014446440742102
5.126689522293004
5.241444090837798
5.35655242580033
5.452911548458849
5.509189669118576
5.493824354096766
5.363175765233433
5.081667439867247
4.647678563300704
4.1049125535797675
3.4977941125183944
2.8730071547840157
2.3015303840246286
1.8290771713530416
1.4581356405089008
1.1786011115778066
0.9726189777280355
0.8166996768381808
0.6968435989946329
0.6057452344073715
0.5348870040732507
0.477500637923306
0.4279457421904594
0.3809625982713596
0.33526562462801696
0.2921562210608426
0.2523034782347259
0.21504510605889726
0.17939216011636036
0.14589557983535426
0.1151400507211424
0.08380995257719602
0.04886664170554633
0.018630418246719575
0.0036478069528848044
0.00040922631376893743
0.0002218691841540566
0.00014188979625900426
8.93478521667606e-05
5.505209770110056e-05
3.28824973739465e-05
1.8781984491492654e-05
1.0034529275097488e-05
4.798516155241968e-06
1.8767749627529242e-06
5.097722279720156e-07
7.068682807453382e-08
1.3777214501479364e-09
0.0
0.0
0.0
0.0
0.0
0.0
0.0
0.0
0.0
0.0
0.0
0.0
0.0
0.0
0.0
0.0
0.0
0.0
0.0
0.0
0.0
0.0
0.0
0.0
0.0
0.0
0.0
0.0
0.0
0.0
0.0
0.0
0.0
0.0
0.0
0.0
0.0
0.0
0.0
0.0
0.0
0.0
0.0
0.0
0.0
0.0
0.0
0.0
0.0
0.0
0.0
0.0
0.0
0.0
0.0
0.0
0.0
0.0
0.0
0.0
0.0
0.0
0.0
0.0
0.0
0.0
0.0
0.0
0.0
0.0
0.0
0.0
0.0
0.0
0.0