0.0
0.0
0.0
0.0
0.0
0.0
0.0
0.0
0.0
0.0
0.0
0.0
0.0
0.0
0.0
0.0
0.0
0.0
0.0
0.0
0.0
0.0
0.0
0.0
0.0
0.0
0.0
0.0
0.0
0.0
0.0
0.0
0.0
0.0
0.0
0.0
0.0
0.0
0.0
0.0
0.0
0.0
0.0
0.0
0.0
0.0
0.0
0.0
0.0
0.0
0.0
0.0
0.0
0.0
0.0
0.0
0.0
0.0
0.0
0.0
0.0
0.0
0.0
0.0
0.0
0.0
0.0
0.006443667182331947
0.027005895584597425
0.07175309347124446
0.16778509923839488
0.33239071240797385
0.44436993390106455
0.32087236340682573
0.3461946346863428
0.8785627633504302
1.2333794408951824
0.8671937075570954
0.30161428725200456
0.16132471928959496
0.519832831272891
1.2606330591466957
2.1164594966586554
2.746852112879637
3.0838859892446133
3.227030516350214
3.256155713950012
3.1764815034659635
2.974840363542202
2.647958470616278
3.480130450997877
5.426561126727106
4.694735967127143
1.8081852673349113
0.944418601850959
1.4527910787460492
1.4904214669607356
1.022600870819424
0.5362660553176277
0.4744979811192484
0.8822577192970477
1.0695373808740951
0.95583551501161
1.3085927666011072
2.4103321778362026
3.9202060285625913
5.521787713554073
6.920757358056039
7.7818682572838265
7.779636122181922
6.878470192947822
5.507709177287224
3.8102850252913276
2.2940096647452934
2.103924664295633
2.6985924425824104
2.9617502696713847
3.157213258415635
3.4296875255138892
3.6065858667370816
3.7642538383202355
3.9136174880546117
4.0303538007446935
4.126356976785035
4.208991739928879
4.273115467284074
4.316026392572158
4.341088366155912
4.354174944845119
4.365412319433053
4.3828766066356915
4.41562502212862
4.46577834289026
4.514894872584111
4.533951217867447
4.4782838521242585
4.299761196596793
3.9714777660882916
3.5076617061040443
2.968953022940025
2.4126271004478226
1.88375364045046
1.4346399796159772
1.0857329819188328
0.8211590078720843
0.6260159799209597
0.48684544030068305
0.38503467471166536
0.3077728035697858
0.24914395233817
0.2034632095100537
0.1662448021797113
0.13504289967685237
0.10752023717802314
0.08154016964505016
0.05716556282000006
0.03534255788879774
0.01665919972128002
0.0046006327955042964
0.0005514022804060481
0.00012430271976592307
7.739690842056113e-05
4.769819599615257e-05
2.891255763133246e-05
1.7083223514986646e-05
9.708981005720436e-06
5.202134587444847e-06
2.5490072209896746e-06
1.0833443128577992e-06
3.5703585120202843e-07
7.229291972144897e-08
5.170376296686162e-09
0.0
0.0
0.0
0.0
0.0
0.0
0.0
0.0
0.0
0.0
0.0
0.0
0.0
0.0
0.0
0.0
0.0
0.0
0.0
0.0
0.0
0.0
0.0
0.0
0.0
0.0
0.0
0.0
0.0
0.0
0.0
0.0
0.0
0.0
0.0
0.0
0.0
0.0
0.0
0.0
0.0
0.0
0.0
0.0
0.0
0.0
0.0
0.0
0.0
0.0
0.0
0.0
0.0
0.0
0.0
0.0
0.0
0.0
0.0
0.0
0.0
0.0
0.0
0.0
0.0
0.0
0.0
0.0
0.0
0.0
0.0
0.0
0.0
0.0
0.0
0.0
0.0
0.0
0.0
0.0
0.0