0.0
0.0
0.0
0.0
0.0
0.0
0.0
0.0
0.0
0.0
0.0
0.0
0.0
0.0
0.0
0.0
0.0
0.0
0.0
0.0
0.0
0.0
0.0
0.0
0.0
0.0
0.0
0.0
0.0
0.0
0.0
0.0
0.0
0.0
0.0
0.0
0.0
0.0
0.0
0.0
0.0
0.0
0.0
0.0
0.0
0.0
0.0
0.0
0.0
0.0
0.0
0.0
0.0
0.7567767518904394
0.3783883759452197
-2.0471775031682435
-4.425221185901341
-3.0142200521018085
-1.1358789416790274
-0.9085263101097841
-0.7984707661432103
-0.687132863192117
-0.5630287578535441
-0.5394775405005493
-0.479142109340607
-0.37578024565909585
-0.3646749835346765
-0.4067734674803259
-0.44514546546117795
-0.45300013804657396
-0.40747097319204995
-0.3236685439174054
-0.22026543346631128
-0.12473819430349406
-0.05089611847059515
-0.009317715951972585
0.00038416444284698265
2.6073519842930866e-06
0.07108550010005694
0.3158491292844275
0.7235783028005311
1.2754785523720218
1.9289000894726431
2.5454491137421753
3.070795123325905
3.521457941883883
3.835179169634998
3.929384294046277
3.842955137274399
3.498735409702316
2.7385005474387065
2.613681111368098
3.4405382618723794
3.0990547602945187
1.8730874367486179
1.6028832918849172
1.6376222765895951
1.1020778044884847
0.5812321203193727
0.529277443708387
0.9439537570440468
1.1138446744856503
0.952002998580947
1.2003585971456214
2.2111527447975736
3.643324328053851
5.019390679958443
5.9827831529678654
6.432085598792824
6.50241811386675
6.236152007969116
5.55834301063466
4.195454534688585
2.609619711459141
2.143575507173035
2.5042019181848043
2.7161358014798704
2.9765341364249065
3.2830957705808714
3.490738819930735
3.7042392986174284
3.9025415565092096
4.07166628835404
4.2262928586861985
4.369299671465715
4.498211221538351
4.6150101034055835
4.723792151756875
4.825784482238734
4.926845797668612
5.0309327268040755
5.140456233297746
5.253966415282112
5.357452355570844
5.433668070185412
5.4502380077637875
5.364903100750016
5.14224474852874
4.772668448427405
4.286030793538192
3.7147912837505896
3.104388552541319
2.5287793114682353
2.0351762489846257
1.6319918957533732
1.316905220630744
1.0798005880502592
0.9016531312828218
0.7645891175861613
0.6586837462028811
0.577395511305863
0.5134537375548966
0.4593868357411266
0.40911458788085175
0.3610903450559782
0.3165113723516069
0.27560472481981185
0.23735321094247702
0.20079828791308207
0.16643608787663566
0.1345980978799135
0.10214708144845354
0.06655812082356438
0.03398881147516749
0.012458535739071632
0.0026700562260884787
0.00028390288178622053
0.00018291874642698748
0.00011635155689705316
7.269048938411633e-05
4.427406267312342e-05
2.6015324865811705e-05
1.4510125853667126e-05
7.4593997691427916e-06
3.3563974515641476e-06
1.226216236513494e-06
3.2500209413680915e-07
4.706769144287952e-08
0.0
0.0
0.0
0.0
0.0
0.0
0.0
0.0
0.0
0.0
0.0
0.0
0.0
0.0
0.0
0.0
0.0
0.0
0.0
0.0
0.0
0.0
0.0
0.0
0.0
0.0
0.0
0.0
0.0
0.0
0.0
0.0
0.0
0.0
0.0
0.0
0.0
0.0
0.0
0.0
0.0
0.0
0.0
0.0
0.0
0.0
0.0
0.0
0.0
0.0
0.0
0.0
0.0
0.0
0.0
0.0
0.0
0.0
0.0
0.0
0.0
0.0
0.0
0.0
0.0
0.0
0.0
0.0
0.0
0.0
0.0
0.0
0.0
0.0
0.0