0.0
0.0
0.0
0.0
0.0
0.0
0.0
0.0
0.0
0.0
0.0
0.0
0.0
0.0
0.0
0.0
0.0
0.0
0.0
0.0
0.0
0.0
0.0
0.0
0.0
0.0
0.0
0.0
0.0
0.0
0.0
0.0
0.0
0.0
0.0
0.0
0.0
0.0
0.0
0.0
0.0
0.0
0.0
0.0
0.0
0.0
0.0
0.0
0.0
0.0
0.0
0.0
0.0
0.0
0.0
0.0
0.0
0.0
-84.1827944433983
-82.13120717696032
-52.144217949926535
-41.122357909111294
-36.76694103765589
-34.7065985535904
-34.4403431079717
-32.216955310032986
-28.22012558603539
-26.756681712634514
-27.279012713746038
-26.214674640783198
-23.614390076590436
-21.470075665334278
-20.033334125691063
-18.919439463969375
-17.5400941170562
-15.842109474062177
-13.755783973367969
-10.977170900806838
-9.647451714568183
-8.14022889791706
-5.53683880383784
-2.7559450793461497
-0.11148252172574874
1.0518078133102327
1.483673598111179
1.932376601545343
2.3183207053010246
2.627927269755467
3.0315126246305524
3.32394438847461
2.8522205050614655
1.7112019446372726
1.1478399530237196
1.769962569496863
2.259342124689536
1.849603097093295
1.3885727814146585
0.913252472137868
0.47058179398379796
0.3592943099097026
0.5603688566783984
0.6026321555575417
0.5476858249296501
0.9421973649964412
1.9700092928451551
3.4643316376624567
5.169186139540281
6.72086867206073
7.743568414303502
7.820997696432732
6.826812074261925
5.4191236450705516
3.917287048922213
2.5070672781140546
2.1623441208146073
2.5280707620732445
2.635699779965446
2.785855337895923
3.0464514579257993
3.2112785674899516
3.37508108544796
3.527269196411303
3.6428655753048003
3.740189540176095
3.8203029307423004
3.878375303789554
3.9150397874280065
3.93220620436091
3.9324669049157297
3.9250253914850144
3.921338362551255
3.9339527248390485
3.9670497906625917
4.0065836908645265
4.027559967628968
3.9879396100850535
3.8423836320291707
3.5650871146774725
3.164754397723003
2.686526485040558
2.1783642656163917
1.6893346842301638
1.2708892610377187
0.9406086562410286
0.6882796043084508
0.5028821326224066
0.37010467241078077
0.27268150194916413
0.19956259414781602
0.14587998427946153
0.10661626454835162
0.07531233789537231
0.048676991702906756
0.02659759454113451
0.010448277509919944
0.002224157423630654
0.0002205468912806306
0.00012499848633941744
7.034471015584102e-05
3.909537525193959e-05
2.1565134735018492e-05
1.2197480724793088e-05
7.0108115025429094e-06
3.684254575770692e-06
1.652568240357903e-06
6.226230326536933e-07
1.7086649363523287e-07
2.4443637095124275e-08
0.0
0.0
0.0
0.0
0.0
0.0
0.0
0.0
0.0
0.0
0.0
0.0
0.0
0.0
0.0
0.0
0.0
0.0
0.0
0.0
0.0
0.0
0.0
0.0
0.0
0.0
0.0
0.0
0.0
0.0
0.0
0.0
0.0
0.0
0.0
0.0
0.0
0.0
0.0
0.0
0.0
0.0
0.0
0.0
0.0
0.0
0.0
0.0
0.0
0.0
0.0
0.0
0.0
0.0
0.0
0.0
0.0
0.0
0.0
0.0
0.0
0.0
0.0
0.0
0.0
0.0
0.0
0.0
0.0
0.0
0.0
0.0
0.0
0.0
0.0
0.0
0.0
0.0
0.0
0.0
0.0
0.0
0.0
0.0
0.0