0.0
0.0
0.0
0.0
0.0
0.0
0.0
0.0
0.0
0.0
0.0
0.0
0.0
0.0
0.0
0.0
0.0
0.0
0.0
0.0
0.0
0.0
0.0
0.0
0.0
0.0
0.0
0.0
0.0
0.0
0.0
0.0
0.0
0.0
0.0
0.0
0.0
0.0
0.0
0.0
0.0
0.0
0.0
0.0
0.0
0.0
0.0
0.0
0.0
0.0
0.0
0.0
0.0
0.0
0.0
0.0
0.0
0.0
0.0
-11.512335347150275
-12.633242677894335
-9.627745758570688
-7.992035684544492
-7.44322836420755
-7.4858644052728955
-6.69494854352435
-4.949099275283916
-4.761233351606008
-6.179721236650676
-6.389449544868249
-5.2321592334263665
-4.538829182743783
-4.430973589391681
-4.411700035495342
-4.226418059968476
-3.7546809971745003
-3.3158027676506707
-2.84055105110509
-2.419875944583058
-1.9628273510392744
-1.5447970407746028
-1.063176267365234
-0.34036926648353466
0.36437726917402524
1.017571667052358
1.5217054581705385
1.8966751296211573
2.1419443589461875
2.478077540068551
3.069626435289476
3.177239386408979
2.3368098670081747
1.248151738639878
0.7140221298387825
1.4707701901195318
2.9794761337242783
3.245743756043481
1.5929206237410078
0.5448798436248524
0.355863069830648
0.4944133309368053
0.44953917194755766
0.26341315111370456
0.535786798883245
1.537799379536315
2.9990449514128255
4.465637640006239
5.570918422359033
6.15406771530575
6.243322875487388
5.911656303059429
5.273813006155107
4.115038559647714
2.634235509898748
1.997175542558757
2.122843068804139
2.2580545107147016
2.538934432357191
2.835430021100806
3.0270201622698854
3.2508186948820375
3.459475770065144
3.6403816192154412
3.811890126927866
3.970559149550421
4.113401652496689
4.243302879254245
4.36540417907909
4.480679809797918
4.592965195183442
4.70710743716691
4.828960552167672
4.958823638551368
5.085578938610568
5.19661311551795
5.259717383760738
5.230506792628253
5.073551174256412
4.771707601119384
4.340339190726068
3.806741356013392
3.2169846871800227
2.642410192325638
2.1313588445250593
1.701884967400151
1.3612696058176228
1.1011470056749093
0.9021934107179106
0.7493227628738219
0.633706864554071
0.5456339482460941
0.47524570596311455
0.4176069801111791
0.36821820004841155
0.32094876203895634
0.27556001251751494
0.2352847567972106
0.1992570219509887
0.165410694532068
0.13359025847421407
0.10270237779503529
0.0690352175369286
0.03425006515478782
0.010002045917856622
0.0013685203169105217
0.0002758752692797032
0.00017834226745600952
0.00011326514431577338
7.018591089492324e-05
4.2469649213104794e-05
2.4809139275609237e-05
1.3749027561581323e-05
7.012877672392819e-06
3.0996367539356285e-06
1.055926235101958e-06
2.2447911061267403e-07
1.898655244741859e-08
0.0
0.0
0.0
0.0
0.0
0.0
0.0
0.0
0.0
0.0
0.0
0.0
0.0
0.0
0.0
0.0
0.0
0.0
0.0
0.0
0.0
0.0
0.0
0.0
0.0
0.0
0.0
0.0
0.0
0.0
0.0
0.0
0.0
0.0
0.0
0.0
0.0
0.0
0.0
0.0
0.0
0.0
0.0
0.0
0.0
0.0
0.0
0.0
0.0
0.0
0.0
0.0
0.0
0.0
0.0
0.0
0.0
0.0
0.0
0.0
0.0
0.0
0.0
0.0
0.0
0.0
0.0
0.0
0.0
0.0
0.0
0.0
0.0
0.0
0.0
0.0