0.0
0.0
0.0
0.0
0.0
0.0
0.0
0.0
0.0
0.0
0.0
0.0
0.0
0.0
0.0
0.0
0.0
0.0
0.0
0.0
0.0
0.0
0.0
0.0
0.0
0.0
0.0
0.0
0.0
0.0
0.0
0.0
0.0
0.0
0.0
0.0
0.0
0.0
0.0
0.0
0.0
0.0
0.0
0.0
0.0
0.0
0.0
0.0
0.0
0.0
0.0
0.0
0.0
0.0
0.0
0.0
0.0
0.0
0.0
0.0
0.0
0.0
0.0
0.0
0.0
0.0011564978572370674
0.007099941721906613
0.02000407003538794
0.04158664794380991
0.07225008564570741
0.11541043295787998
0.16693778686539346
0.23369550348307236
0.29711214655530394
0.3772521653179536
0.36090746282409164
0.3591717806737028
0.4316968446304076
0.4805019470764754
0.7048296061477546
0.8541145077898226
1.0341158009678764
1.266363710006059
1.4890281822255187
1.7564180626201829
1.977562038805188
2.2555686072933407
2.0720231153268696
1.8479427805505382
2.4093474638365344
3.1013051690439477
2.8084601249274233
1.6730366454982484
0.8541600883299914
0.9741534889427994
1.4812896317863868
1.5033005514056663
0.8767499304120516
0.41175551272341887
0.19931476999873746
0.1992565925060143
0.16632991389793622
0.10013733202264623
0.3602811253595283
1.2182780528602613
2.6784800984967925
4.449814404531007
6.008529881636193
6.948478798211382
7.020665887902308
6.122216416733516
4.798426729302183
3.425693643938592
2.107826065378738
1.5947252549051028
1.781559919492333
1.9879544070420874
2.285490963370468
2.5757357064899917
2.764665050936022
2.9913451074196953
3.207010164079831
3.3885126168980193
3.5657694186100892
3.7321619130767805
3.8798636139895644
4.01059355311217
4.126157848369309
4.227443827772611
4.322563473939944
4.421722709629848
4.539645835429169
4.687472056498659
4.857863765346975
5.031610278602463
5.164840844107805
5.198466368543399
5.078668937421395
4.779473727704144
4.325827756233411
3.7592887340690244
3.1386220538904572
2.545156139426724
2.026808152810126
1.596780186366808
1.2592950488284052
1.0026981075236194
0.807615760815307
0.660652438069097
0.5516430582720228
0.46911234386814915
0.4029778861426032
0.3480172598722017
0.300790730512519
0.2585326516114661
0.21971249004625495
0.1829886900731617
0.14876827791980973
0.11772340002778567
0.08806317112944333
0.05829538149374648
0.031077066944464462
0.01161034391347527
0.0023741701658338285
0.0002347677038124663
0.00014668005331579584
9.015922326035114e-05
5.4159113517858925e-05
3.1492879380670986e-05
1.7727291618129135e-05
9.97266508799247e-06
5.55160553223994e-06
2.6809787045441235e-06
9.942179159861717e-07
2.637110056053173e-07
3.664278201884325e-08
0.0
0.0
0.0
0.0
0.0
0.0
0.0
0.0
0.0
0.0
0.0
0.0
0.0
0.0
0.0
0.0
0.0
0.0
0.0
0.0
0.0
0.0
0.0
0.0
0.0
0.0
0.0
0.0
0.0
0.0
0.0
0.0
0.0
0.0
0.0
0.0
0.0
0.0
0.0
0.0
0.0
0.0
0.0
0.0
0.0
0.0
0.0
0.0
0.0
0.0
0.0
0.0
0.0
0.0
0.0
0.0
0.0
0.0
0.0
0.0
0.0
0.0
0.0
0.0
0.0
0.0
0.0
0.0
0.0
0.0
0.0
0.0
0.0
0.0
0.0
0.0
0.0