0.0
0.0
0.0
0.0
0.0
0.0
0.0
0.0
0.0
0.0
0.0
0.0
0.0
0.0
0.0
0.0
0.0
0.0
0.0
0.0
0.0
0.0
0.0
0.0
0.0
0.0
0.0
0.0
0.0
0.0
0.0
0.0
0.0
0.0
0.0
0.0
0.0
0.0
0.0
0.0
0.0
0.0
0.0
0.0
0.0
0.0
0.0
0.0
0.0
0.0
0.0
0.0
0.0
0.0
0.0
0.0
0.0
0.0
0.0
0.0
0.0
0.0
0.0
0.0
0.0
0.0
0.0
0.0
0.0
0.0
0.0017757118527172012
0.009568160104965908
0.031198158727610448
0.05911216538027225
0.10565703597181673
0.12158368130473217
0.1536999512954872
0.20413370211532242
0.24793813036881418
0.40966274876159203
0.5515586947842823
0.7264396035252892
0.9254509673296099
1.1347008270241097
1.3903709767289292
1.6661120213988447
1.9048291084151163
2.385815434295843
2.5900982905762016
2.362999198052464
2.8033157609821964
2.549582068643418
1.339267443622534
0.6083363852786995
0.40087667942288663
0.3427636216775887
0.37796363022935947
0.8148510926759706
0.7743377166051613
0.27926635437177755
0.04996216028910731
0.04099274957572795
0.01394665347579703
0.14380162911179492
0.7661762723061291
2.0508807742029975
3.7808746471245795
5.425440671117114
6.529461418817069
6.831762274030042
6.142033021733912
4.84944083910069
3.3947436755872173
1.9767139550454431
1.3091218365931032
1.4403050708175167
1.7479361102123472
2.1008476818897956
2.3765422947049664
2.562909558328288
2.7886929643603993
2.9913829372166547
3.157612463668948
3.319480192261711
3.466320831974092
3.5913599341621887
3.696003093605051
3.78164691773221
3.84949250868367
3.906294881678631
3.9630330432391414
4.034964410598834
4.131724268662753
4.246712232352769
4.363222939338269
4.442272163560954
4.432121174174017
4.288710471517709
3.990612440968529
3.5569459350890287
3.0290812111720955
2.4672413198367606
1.9417884322249204
1.4900404088198442
1.121415107793366
0.8385427584987339
0.6298256565679313
0.4757109122045888
0.36219399293845894
0.2795458981777219
0.2181474407942044
0.169959379620274
0.1311412763501346
0.09942590494870053
0.0711912641853093
0.04479967542472723
0.022875134399211617
0.008406277152077117
0.0017339059097571704
0.00017480662111905867
0.00010335911318429978
6.0459937717780275e-05
3.471334599569387e-05
1.9350546539693835e-05
1.0303647289777345e-05
5.093643146850189e-06
2.230663574689715e-06
8.059395327957822e-07
2.1178558621388675e-07
2.9579747969320672e-08
0.0
0.0
0.0
0.0
0.0
0.0
0.0
0.0
0.0
0.0
0.0
0.0
0.0
0.0
0.0
0.0
0.0
0.0
0.0
0.0
0.0
0.0
0.0
0.0
0.0
0.0
0.0
0.0
0.0
0.0
0.0
0.0
0.0
0.0
0.0
0.0
0.0
0.0
0.0
0.0
0.0
0.0
0.0
0.0
0.0
0.0
0.0
0.0
0.0
0.0
0.0
0.0
0.0
0.0
0.0
0.0
0.0
0.0
0.0
0.0
0.0
0.0
0.0
0.0
0.0
0.0
0.0
0.0
0.0
0.0
0.0
0.0
0.0
0.0
0.0
0.0
0.0
0.0
0.0
0.0
0.0
0.0
0.0