0.0
0.0
0.0
0.0
0.0
0.0
0.0
0.0
0.0
0.0
0.0
0.0
0.0
0.0
0.0
0.0
0.0
0.0
0.0
0.0
0.0
0.0
0.0
0.0
0.0
0.0
0.0
0.0
0.0
0.0
0.0
0.0
0.0
0.0
0.0
0.0
0.0
0.0
0.0
0.0
0.0
0.0
0.0
0.0
0.0
0.0
0.0
0.0
0.0
0.0
0.0
0.0
0.0
0.0
0.0
0.0
0.0
0.0
0.0
0.0
0.0
0.0
0.0
0.0
0.0
0.0
0.0
0.0
0.0
0.0
0.0
0.0
0.0
0.0
0.0
0.0
0.002840771457350382
0.005681542914700764
0.024700475199876327
0.07111884347385153
0.12684108320157808
0.22200413886755405
0.3299305688334772
0.4775279432533203
0.6350803496378602
0.826705210887159
1.0178851858704234
1.1841555501860257
1.4100860878375783
1.637456788549095
2.05148398108285
2.254863433813602
1.7135296658707515
0.9573591853332389
0.6323227465326261
0.48846784807717863
0.29316195784032495
0.1120077745536754
0.03368675516887034
0.00018433891686077636
5.26973821538016e-05
1.3022089292452198e-05
1.8859108010440096e-06
0.07254769258790768
0.4655973993382652
1.4833026035790395
3.0991947010642638
4.766849343317729
5.910610012155867
6.295394784455943
5.824693478499222
4.724584107890413
3.3042763718258388
1.8326439476616445
1.045060784867258
1.124474327569572
1.4988938924709025
1.8791588969672466
2.1413497914648687
2.3375092795856443
2.573479483003109
2.7745826995827025
2.940136888097975
3.103318189334566
3.2477213339814863
3.3683600549275954
3.468596320873012
3.5478022521926706
3.606003542539956
3.6508303622706735
3.692191828221007
3.743392995881572
3.8155603379750516
3.9064361495237305
4.002069463746757
4.067711080519166
4.05791956232185
3.9279944342501407
3.6531671116022304
3.2508869363629613
2.7566440642072685
2.225645149497617
1.7286945731150418
1.3045230223116946
0.9604541046042265
0.6962673293295351
0.501887781646353
0.35976235473076806
0.2567072222093972
0.18301120428514062
0.12870206869731848
0.0871765962816637
0.0543981327567795
0.02813657857210538
0.01015585090334992
0.002038496108648181
0.00027721277821507885
0.00016154460567190237
9.07057380744107e-05
4.82117021065482e-05
2.508306062226137e-05
1.2594492820407665e-05
5.951765426131969e-06
2.5345560851283014e-06
8.959067242248254e-07
2.254961041622866e-07
2.8993162606002286e-08
0.0
0.0
0.0
0.0
0.0
0.0
0.0
0.0
0.0
0.0
0.0
0.0
0.0
0.0
0.0
0.0
0.0
0.0
0.0
0.0
0.0
0.0
0.0
0.0
0.0
0.0
0.0
0.0
0.0
0.0
0.0
0.0
0.0
0.0
0.0
0.0
0.0
0.0
0.0
0.0
0.0
0.0
0.0
0.0
0.0
0.0
0.0
0.0
0.0
0.0
0.0
0.0
0.0
0.0
0.0
0.0
0.0
0.0
0.0
0.0
0.0
0.0
0.0
0.0
0.0
0.0
0.0
0.0
0.0
0.0
0.0
0.0
0.0
0.0
0.0
0.0
0.0
0.0
0.0
0.0
0.0
0.0
0.0
0.0
0.0
0.0