0.0
0.0
0.0
0.0
0.0
0.0
0.0
0.0
0.0
0.0
0.0
0.0
0.0
0.0
0.0
0.0
0.0
0.0
0.0
0.0
0.0
0.0
0.0
0.0
0.0
0.0
0.0
0.0
0.0
0.0
0.0
0.0
0.0
0.0
0.0
0.0
0.0
0.0
0.0
0.0
0.0
0.0
0.0
0.0
0.0
0.0
0.0
0.0
0.0
0.0
0.0
0.0
0.0
0.0
0.0
0.0
0.0
0.0
0.0
0.0
0.0
0.0
0.0
0.0
0.0
0.0
0.0
0.0
0.0
0.0
0.0
0.0
0.0
0.0005257555698624508
0.005263292910049537
0.008949319110511722
0.020676277752053402
0.032928991963457534
0.04816211165040697
0.09526817678823417
0.14288668502837643
0.20598793500194343
0.27410960115140987
0.35500389793120113
0.439638433833666
0.5267576197483588
0.6224355798845257
0.7030882082570435
0.792621417656824
0.880113277919199
0.9254326013178915
1.4206002067708492
1.8059067240172617
1.1935526271344226
0.8042970415895045
0.7009293974474824
0.40337970147301677
0.16931343052994044
0.04896355625558062
0.044725028056332106
0.13508916613606675
0.13855099819841074
0.05069653190596111
0.06507172875340214
0.42952561480625845
1.445143267986099
3.0968988735773646
4.76020040599556
5.790813498108976
5.983319887260811
5.373179477535665
4.307104615154619
3.0404032474219367
1.6466615709367416
0.7907961043031547
0.826328594038096
1.2407122778674908
1.6295322960136593
1.885614935991956
2.1123390761475282
2.38276382202857
2.6103625820516214
2.8117634343038826
3.0195949708535097
3.2120102946194775
3.388422063659014
3.552455809827327
3.7010326845934274
3.833110128650417
3.955016274711197
4.075039810112649
4.2071961241062
4.365859882103451
4.554499653208623
4.766225098230817
4.966537501829892
5.1037131709555315
5.122845084995177
4.98103292293963
4.669908148281844
4.200174340910072
3.6210047052802166
3.0158419775232432
2.44273130802639
1.9378928464753895
1.52595935457426
1.2032629409419269
0.9538078480102383
0.7654412657274228
0.6268653778161247
0.5247840640831671
0.4451218019079841
0.37957510671847394
0.32510429451335526
0.27787726766596377
0.2350375477527095
0.19602961778381744
0.16052159312305908
0.12728222419917196
0.09479750940978394
0.06416665384836683
0.0370694362073934
0.015386293331060568
0.003337149709717362
0.00026484304378047074
0.0001636289932626294
9.962419090323084e-05
5.941359432684308e-05
3.439231226304806e-05
1.903640832530072e-05
9.830645263711231e-06
4.5605431174564985e-06
1.780068685483636e-06
5.078851498126965e-07
7.545738182296533e-08
0.0
0.0
0.0
0.0
0.0
0.0
0.0
0.0
0.0
0.0
0.0
0.0
0.0
0.0
0.0
0.0
0.0
0.0
0.0
0.0
0.0
0.0
0.0
0.0
0.0
0.0
0.0
0.0
0.0
0.0
0.0
0.0
0.0
0.0
0.0
0.0
0.0
0.0
0.0
0.0
0.0
0.0
0.0
0.0
0.0
0.0
0.0
0.0
0.0
0.0
0.0
0.0
0.0
0.0
0.0
0.0
0.0
0.0
0.0
0.0
0.0
0.0
0.0
0.0
0.0
0.0
0.0
0.0
0.0
0.0
0.0
0.0
0.0
0.0
0.0
0.0
0.0
0.0