0.0
0.0
0.0
0.0
0.0
0.0
0.0
0.0
0.0
0.0
0.0
0.0
0.0
0.0
0.0
0.0
0.0
0.0
0.0
0.0
0.0
0.0
0.0
0.0
0.0
0.0
0.0
0.0
0.0
0.0
0.0
0.0
0.0
0.0
0.0
0.0
0.0
0.0
0.0
0.0
0.0
0.0
0.0
0.0
0.0
0.0
0.0
0.0
0.0
0.0
0.0
0.0
0.0
0.0
0.0
0.0
0.0
0.0
0.0
0.0
0.0
0.0
0.0
0.0
0.0
0.0
0.0
0.0
0.0
0.0
0.0
0.0
0.0
0.0008882108631965788
0.00896011041120182
0.0152555882328139
0.03518958181266676
0.0560117862557162
0.08182029469772314
0.16363435888668365
0.24696722853851658
0.3552821658870098
0.4717287999014161
0.607179921287101
0.7505226992032894
0.8956166584802138
1.0513706371959122
1.2125735858655238
1.3619271481502155
1.59366331598921
1.7685882093822636
1.8887981547585166
1.99774126658569
1.6783973128850305
1.440133233541691
1.25596122991121
0.9227094375189873
0.5043472282088137
0.1458761381624274
0.011380478999986584
0.0030309195633103207
0.000723377172565603
0.00010603014011785433
0.03448849817345778
0.31994583081444344
1.2602330739465566
2.903250512939294
4.576458069008287
5.565288162987901
5.664208337748237
4.993575283335747
3.9799433567471363
2.8350029870233167
1.4942577185274912
0.5796832437141166
0.5793388200256185
1.0080909285818453
1.3742201172500323
1.6121618823056663
1.8557067412447585
2.1346393644820965
2.361705070621112
2.571359022427569
2.791471126722337
2.995007398203352
3.1862862711460957
3.3702023520970985
3.5425455523206337
3.701132964117415
3.8500920627429482
3.9953206234497767
4.150277046130133
4.330160583004347
4.539933182640868
4.778910599717541
5.021438124406699
5.22231810544245
5.328190119150104
5.287924122808207
5.078110866530664
4.693149315314277
4.167914629529209
3.578196658691441
2.9825646051496366
2.427247507069965
1.952768464963548
1.567799662542038
1.262912637549413
1.0297271377587307
0.8556430069974673
0.723393214760105
0.6207649267448584
0.5416646985340011
0.47782787036789653
0.42035200122907607
0.36782195669239454
0.32198579737802213
0.2791816183986138
0.23520138035936738
0.1919498258160072
0.1521156153916214
0.11282344177478706
0.07192685394250074
0.03629854547670866
0.013379289342818984
0.002953755906293332
0.0003508714395176246
0.00021701626846046325
0.00013198782705234148
7.828888800695172e-05
4.478540223403832e-05
2.429870172348345e-05
1.214116180427203e-05
5.3150058257922665e-06
1.8982380678408865e-06
4.961048216412856e-07
7.158401912894527e-08
0.0
0.0
0.0
0.0
0.0
0.0
0.0
0.0
0.0
0.0
0.0
0.0
0.0
0.0
0.0
0.0
0.0
0.0
0.0
0.0
0.0
0.0
0.0
0.0
0.0
0.0
0.0
0.0
0.0
0.0
0.0
0.0
0.0
0.0
0.0
0.0
0.0
0.0
0.0
0.0
0.0
0.0
0.0
0.0
0.0
0.0
0.0
0.0
0.0
0.0
0.0
0.0
0.0
0.0
0.0
0.0
0.0
0.0
0.0
0.0
0.0
0.0
0.0
0.0
0.0
0.0
0.0
0.0
0.0
0.0
0.0
0.0
0.0
0.0
0.0
0.0