0.0
0.0
0.0
0.0
0.0
0.0
0.0
0.0
0.0
0.0
0.0
0.0
0.0
0.0
0.0
0.0
0.0
0.0
0.0
0.0
0.0
0.0
0.0
0.0
0.0
0.0
0.0
0.0
0.0
0.0
0.0
0.0
0.0
0.0
0.0
0.0
0.0
0.0
0.0
0.0
0.0
0.0
0.0
0.0
0.0
0.0
0.0
0.0
0.0
0.0
0.0
0.0
0.0
0.0
0.0
0.0
0.0
0.0
0.0
0.0
0.0
0.0
0.0
0.0
0.0
0.0
0.0
0.0
0.0
0.0
0.0
0.0
0.0
0.0
0.0
0.0
0.0
0.0
0.0
0.0012039691600061813
0.007777541577500706
0.02798828859281003
0.05698702563555528
0.10619998134470314
0.16361480165554457
0.23767981443539724
0.3187718979009265
0.418431298280815
0.5146289701008386
0.6374961902676723
0.7450788881841349
0.8660663264765484
0.9804222531048383
1.342056821451205
1.6028245603749263
1.099236928629006
0.7553044548379397
0.5497448728202939
0.10943118970054665
0.0001658356075461025
3.6736161542616166e-05
7.575939750187716e-06
1.036456593207669e-06
0.0
0.16012838958462852
0.9332439972752792
2.5036587239775394
4.235019670870302
5.3132994448734125
5.453025077397652
4.803163993538842
3.83786274119363
2.7611043672030915
1.439575253265889
0.4854357158852107
0.4876496735338206
0.9372568691915273
1.274066418904404
1.4984041220020317
1.7584245645029875
2.040134767572329
2.2646794596325646
2.478186800505809
2.699754536983056
2.900886135740301
3.0912463753983044
3.2746111177605877
3.4434998000010437
3.5948977344760538
3.7339592080983084
3.867555100468751
4.00847276892363
4.1712139752987625
4.361861115224219
4.581449285709329
4.808221305678212
5.0029089880219155
5.1148405294312775
5.092436388071773
4.909492170096747
4.555132418772873
4.058170720656315
3.489869365372705
2.908883077514804
2.361284005394766
1.8872820604037865
1.500577400969568
1.1944702232831912
0.9593361830147128
0.7841265300430675
0.6540781593336119
0.5558688377087243
0.4782352077512641
0.4128465577073605
0.35738949511415186
0.3094675784245427
0.2651695357845274
0.22279554176826508
0.18175667248486546
0.1433120916680233
0.10890414426933745
0.07458808562415345
0.03858173361494204
0.011797425528289914
0.001648939314002609
0.0003103300034874069
0.00019084946415104514
0.00011555487077515451
6.839960372920767e-05
3.916392027887825e-05
2.1341831071374965e-05
1.0772650554387212e-05
4.766246549424859e-06
1.6481759299521542e-06
3.5914796464572975e-07
3.1003813729312984e-08
0.0
0.0
0.0
0.0
0.0
0.0
0.0
0.0
0.0
0.0
0.0
0.0
0.0
0.0
0.0
0.0
0.0
0.0
0.0
0.0
0.0
0.0
0.0
0.0
0.0
0.0
0.0
0.0
0.0
0.0
0.0
0.0
0.0
0.0
0.0
0.0
0.0
0.0
0.0
0.0
0.0
0.0
0.0
0.0
0.0
0.0
0.0
0.0
0.0
0.0
0.0
0.0
0.0
0.0
0.0
0.0
0.0
0.0
0.0
0.0
0.0
0.0
0.0
0.0
0.0
0.0
0.0
0.0
0.0
0.0
0.0
0.0
0.0
0.0
0.0
0.0
0.0