0.0
0.0
0.0
0.0
0.0
0.0
0.0
0.0
0.0
0.0
0.0
0.0
0.0
0.0
0.0
0.0
0.0
0.0
0.0
0.0
0.0
0.0
0.0
0.0
0.0
0.0
0.0
0.0
0.0
0.0
0.0
0.0
0.0
0.0
0.0
0.0
0.0
0.0
0.0
0.0
0.0
0.0
0.0
0.0
0.0
0.0
0.0
0.0
0.0
0.0
0.0
0.0
0.0
0.0
0.0
0.0
0.0
0.0
0.0
0.0
0.0
0.0
0.0
0.0
0.0
0.0
0.0
0.0
0.0
0.0
0.0
0.0
0.0
0.0
0.0
0.0
0.0
0.0
0.0028181257972280057
0.014611657676942278
0.04291224714900264
0.10609586138380697
0.18445940072245431
0.3015992336521635
0.4318914838128395
0.5924812371823547
0.761338324500768
0.9681882548394125
1.1609239422517164
1.4073939337488404
1.6215689197897027
1.8708043005720698
2.081493723461233
2.1176145421126313
2.14900121473176
1.8727962928507902
1.6161103931971394
0.9264242542003395
0.13895988983501723
0.007714400593659439
0.0016581660959178006
0.00033403597196516346
4.4908643886701306e-05
0.0
0.06921834247247828
0.38635158125068014
1.2053655424369443
4.195907033630342
8.905629275675967
9.770100583853905
6.327079126810707
3.7813444106100023
2.6657070667977694
1.3802828702752177
0.46211480630346297
0.4459947869535826
0.8156622290308273
1.0776959849649752
1.2876957194153043
1.5559208013088743
1.829874161997722
2.0470847590386136
2.2640009461618003
2.48847602441122
2.6910311503720847
2.886385652413875
3.076751278827259
3.254586596883049
3.4187644458961985
3.5727440455333954
3.7200121741178926
3.871295179504953
4.0401991910521975
4.234856853312289
4.461262782984565
4.702676470206542
4.92631659889424
5.0885211441191
5.1396077394944895
5.045394257303884
4.779751306653668
4.3582983135035445
3.8410719738253114
3.277713470880674
2.717326510359221
2.21208142463943
1.785752365016679
1.4385702594166478
1.1649165096238632
0.9566475446318062
0.8006843190137465
0.6810699023637095
0.5866911972318387
0.5118367911437519
0.44940810923084684
0.3928014456064073
0.3417612107637969
0.2963115776087157
0.25338855073827027
0.21060331452560357
0.16688587066731675
0.12219124958675764
0.07790326575064385
0.040133393337227465
0.015226142937138882
0.003431387276550522
0.00040357550271404404
0.0002487620612954913
0.00015096392172544152
8.947784450087888e-05
5.116260209932581e-05
2.7710059774947837e-05
1.3830397511454039e-05
6.088605946148833e-06
2.2086382017219832e-06
5.896241716107447e-07
8.667450917900802e-08
0.0
0.0
0.0
0.0
0.0
0.0
0.0
0.0
0.0
0.0
0.0
0.0
0.0
0.0
0.0
0.0
0.0
0.0
0.0
0.0
0.0
0.0
0.0
0.0
0.0
0.0
0.0
0.0
0.0
0.0
0.0
0.0
0.0
0.0
0.0
0.0
0.0
0.0
0.0
0.0
0.0
0.0
0.0
0.0
0.0
0.0
0.0
0.0
0.0
0.0
0.0
0.0
0.0
0.0
0.0
0.0
0.0
0.0
0.0
0.0
0.0
0.0
0.0
0.0
0.0
0.0
0.0
0.0
0.0
0.0
0.0
0.0
0.0
0.0
0.0
0.0