0.0
0.0
0.0
0.0
0.0
0.0
0.0
0.0
0.0
0.0
0.0
0.0
0.0
0.0
0.0
0.0
0.0
0.0
0.0
0.0
0.0
0.0
0.0
0.0
0.0
0.0
0.0
0.0
0.0
0.0
0.0
0.0
0.0
0.0
0.0
0.0
0.0
0.0
0.0
0.0
0.0
0.0
0.0
0.0
0.0
0.0
0.0
0.0
0.0
0.0
0.0
0.0
0.0
0.0
0.0
0.0
0.0
0.0
0.0
0.0
0.0
0.0
0.0
0.0
0.0
0.0
0.0
0.0
0.0
0.0
0.0
0.0
0.0
0.0
0.0
0.0
0.0
0.0
0.0
0.0
0.0013036811734249043
0.009718442485143567
0.02640374038643935
0.061045651400522864
0.10338913739012756
0.16346369401223457
0.22817226528122397
0.31296807468950516
0.39377644096915304
0.4949093572877228
0.5849150383298038
0.6672025155594327
0.7397973710803469
0.7598018571072137
0.7878913375734948
0.7481738821271768
0.7434542421586958
0.5493410112502976
0.13752278627317338
0.00011109857571752302
1.9153197896339995e-05
2.267913091188807e-06
0.0
0.0
0.008382596450949967
0.14821728588371963
0.6438030113006016
1.556528878862669
4.990048830012374
10.552787266800237
10.888766887100344
5.884504919019807
2.627621406942603
1.3526773123498743
0.4599766146488902
0.436605461856426
0.7541388905378903
0.9637799666310062
1.1653432597334923
1.4365474792670212
1.7005809213940783
1.913960898393639
2.135267116372995
2.3601311067281525
2.561457159858389
2.7586355764743784
2.950389598623441
3.128465313488477
3.293464357657866
3.447841962398837
3.594182173442856
3.7423791278450973
3.903915142964798
4.086747643807868
4.300028655455675
4.532645375381845
4.7572992365694375
4.93457041417142
5.016683595048278
4.965221890950461
4.749165882808124
4.379538369327575
3.904475277448036
3.3640428240910696
2.8102640020011185
2.3011862767605815
1.8624778799294686
1.4983583181142155
1.210383508291711
0.990690845534978
0.8222577543567092
0.6929921420353468
0.5948029011089015
0.5168408412010086
0.4504774346964398
0.3919522232214478
0.34064997978290135
0.29533646395825247
0.25177004692229155
0.2073826620319389
0.16413522503278058
0.12214615703313686
0.07983314616266375
0.04256009239634192
0.016841708388174056
0.0038585948549348633
0.00040366864174857354
0.00024826283553176613
0.00015041255857792181
8.907798830993805e-05
5.0978412890654594e-05
2.77481558270734e-05
1.4006733732123048e-05
6.274364304028552e-06
2.332492732735996e-06
6.427703824631112e-07
9.710215587275278e-08
0.0
0.0
0.0
0.0
0.0
0.0
0.0
0.0
0.0
0.0
0.0
0.0
0.0
0.0
0.0
0.0
0.0
0.0
0.0
0.0
0.0
0.0
0.0
0.0
0.0
0.0
0.0
0.0
0.0
0.0
0.0
0.0
0.0
0.0
0.0
0.0
0.0
0.0
0.0
0.0
0.0
0.0
0.0
0.0
0.0
0.0
0.0
0.0
0.0
0.0
0.0
0.0
0.0
0.0
0.0
0.0
0.0
0.0
0.0
0.0
0.0
0.0
0.0
0.0
0.0
0.0
0.0
0.0
0.0
0.0
0.0
0.0
0.0
0.0
0.0
0.0