0.0
0.0
0.0
0.0
0.0
0.0
0.0
0.0
0.0
0.0
0.0
0.0
0.0
0.0
0.0
0.0
0.0
0.0
0.0
0.0
0.0
0.0
0.0
0.0
0.0
0.0
0.0
0.0
0.0
0.0
0.0
0.0
0.0
0.0
0.0
0.0
0.0
0.0
0.0
0.0
0.0
0.0
0.0
0.0
0.0
0.0
0.0
0.0
0.0
0.0
0.0
0.0
0.0
0.0
0.0
0.0
0.0
0.0
0.0
0.0
0.0
0.0
0.0
0.0
0.0
0.0
0.0
0.0
0.0
0.0
0.0
0.0
0.0
0.0
0.0
0.0
0.0
0.0
0.0
0.0
0.0
0.0
0.0
0.0010579919955163773
0.004478042027539797
0.01564430308239056
0.03061680072714382
0.05525275348552143
0.08085318389303728
0.11617526373667336
0.14915685210595958
0.18336577630343107
0.21489660596693116
0.24312100383998572
0.27793202683926527
0.4447971339557313
0.6658275175054851
0.5213767698387859
0.12562751636976915
3.413386205413725e-05
3.876512597892734e-06
3.357608027988996e-07
0.0
0.0
0.0
0.11378448570558033
0.6229779191291833
1.5401658208126072
4.376170289617414
8.88470359513864
9.195352064653195
5.120799999457739
2.400316030415139
1.2452401681775593
0.43511922253269575
0.43045916373964277
0.711862611331441
0.8863649165181418
1.086395672820268
1.3582830128015622
1.611856815480641
1.8238876550246825
2.050106745385173
2.2751222117097756
2.4755926552857734
2.6733609927267254
2.86430752570688
3.040767799374913
3.2041426567801734
3.3552900071195744
3.4949068877632823
3.631790125577098
3.7783829462831067
3.9441878888605175
4.138383843283909
4.3517290969936635
4.563186799953869
4.738874394311294
4.830808384552506
4.798633294041469
4.6103257732823755
4.2702537955460125
3.8174060027107393
3.2929217894359692
2.7519827260121916
2.2478205296035902
1.8058383398124678
1.437163250741853
1.146793726415991
0.9260788845115357
0.7581031250881594
0.6301914412164026
0.5328082192687138
0.456435461232471
0.39304194894699596
0.33804325838407856
0.2894441907521834
0.24471718119098743
0.2018101497746717
0.1614109470001602
0.12353854035310945
0.08458315030078435
0.04528567284573637
0.015860194344104486
0.002900282283386577
0.00036230248538462366
0.0002246331038344743
0.0001366164311716716
8.06689139908455e-05
4.6187800818408016e-05
2.524145842636677e-05
1.2823025646100951e-05
5.760575674349783e-06
2.086111498108138e-06
5.177637906631745e-07
6.288343273017121e-08
0.0
0.0
0.0
0.0
0.0
0.0
0.0
0.0
0.0
0.0
0.0
0.0
0.0
0.0
0.0
0.0
0.0
0.0
0.0
0.0
0.0
0.0
0.0
0.0
0.0
0.0
0.0
0.0
0.0
0.0
0.0
0.0
0.0
0.0
0.0
0.0
0.0
0.0
0.0
0.0
0.0
0.0
0.0
0.0
0.0
0.0
0.0
0.0
0.0
0.0
0.0
0.0
0.0
0.0
0.0
0.0
0.0
0.0
0.0
0.0
0.0
0.0
0.0
0.0
0.0
0.0
0.0
0.0
0.0
0.0
0.0
0.0
0.0
0.0
0.0
0.0
0.0