0.0
0.0
0.0
0.0
0.0
0.0
0.0
0.0
0.0
0.0
0.0
0.0
0.0
0.0
0.0
0.0
0.0
0.0
0.0
0.0
0.0
0.0
0.0
0.0
0.0
0.0
0.0
0.0
0.0
0.0
0.0
0.0
0.0
0.0
0.0
0.0
0.0
0.0
0.0
0.0
0.0
0.0
0.0
0.0
0.0
0.0
0.0
0.0
0.0
0.0
0.0
0.0
0.0
0.0
0.0
0.0
0.0
0.0
0.0
0.0
0.0
0.0
0.0
0.0
0.0
0.0
0.0
0.0
0.0
0.0
0.0
0.0
0.0
0.0
0.0
0.0
0.0
0.0
0.0
0.0
0.0
0.0
0.0
0.0
1.678345703148587e-05
0.00015830152533485327
0.0004020069241877347
0.000912029768050058
0.001473454926628529
0.002302369712556724
0.0030951190059169296
0.003975965412773154
0.004814167307077925
0.005850210332582712
0.007139564973657593
0.010560516550289542
0.017127985409728697
0.01816924546029323
0.011328846483311256
0.01066377262656803
0.005717895566950331
0.0003090485458887232
4.4572280068987966e-05
4.632397988482641e-06
0.0
0.06473577959635285
0.3773468746843071
0.9562320067209886
3.604644379671423
8.321532584687988
8.93552519571911
4.971760466840173
2.3038964772913366
1.2126015782028938
0.44830808295068736
0.4853273183223034
0.7870794608872236
0.9648435417497783
1.1723885531263918
1.4405964592732563
1.6801176289897048
1.8873512521646527
2.1101981927176774
2.3250321200466946
2.51432548392052
2.700168783041512
2.874341248751158
3.0290388163205066
3.1658665046860985
3.2851363980535138
3.388148059446065
3.4833359590740165
3.581687454813911
3.6926999046996114
3.826411846339757
3.974832388111116
4.11894582630118
4.230344459937492
4.26885090624854
4.198176963781927
3.9895305306779525
3.6505827284774774
3.2184746190895472
2.7291064972656773
2.2337004237446467
1.781192334290856
1.3906860312628315
1.069333816338433
0.8196969131053883
0.6316869539622764
0.48997395719373765
0.3834759447611198
0.30280590421674053
0.2404134695555997
0.1916241072632389
0.15114171201588147
0.11528264933852121
0.08344511910496476
0.05523929532473829
0.03032303739510905
0.011465227480572819
0.0022428280436975786
0.0002053500640594219
0.0001198865759062885
6.873400164509523e-05
3.870908465719569e-05
2.191344071205961e-05
1.2425084720951882e-05
6.488646823945284e-06
2.9185791337492632e-06
1.0906780757684977e-06
2.8974609443088595e-07
3.883205871900387e-08
0.0
0.0
0.0
0.0
0.0
0.0
0.0
0.0
0.0
0.0
0.0
0.0
0.0
0.0
0.0
0.0
0.0
0.0
0.0
0.0
0.0
0.0
0.0
0.0
0.0
0.0
0.0
0.0
0.0
0.0
0.0
0.0
0.0
0.0
0.0
0.0
0.0
0.0
0.0
0.0
0.0
0.0
0.0
0.0
0.0
0.0
0.0
0.0
0.0
0.0
0.0
0.0
0.0
0.0
0.0
0.0
0.0
0.0
0.0
0.0
0.0
0.0
0.0
0.0
0.0
0.0
0.0
0.0
0.0
0.0
0.0
0.0
0.0
0.0
0.0
0.0
0.0
0.0
0.0
0.0