0.0
0.0
0.0
0.0
0.0
0.0
0.0
0.0
0.0
0.0
0.0
0.0
0.0
0.0
0.0
0.0
0.0
0.0
0.0
0.0
0.0
0.0
0.0
0.0
0.0
0.0
0.0
0.0
0.0
0.0
0.0
0.0
0.0
0.0
0.0
0.0
0.0
0.0
0.0
0.0
0.0
0.0
0.0
0.0
0.0
0.0
0.0
0.0
0.0
0.0
0.0
0.0
0.0
0.0
0.0
0.0
0.0
0.0
0.0
0.0
0.0
0.0
0.0
0.0
0.0
0.0
0.0
0.0
0.0
0.0
0.0
0.0
0.0
0.0
0.0
0.0
0.0
0.0
0.0
0.0
0.0
0.0005312278300359017
0.002516896214208268
0.008901145741610616
0.01778513596114213
0.03200517691725123
0.0477722148606596
0.06939888804097287
0.09031036969006326
0.11632996763677768
0.13988234430233504
0.16237404078960943
0.184020366534787
0.21329911905601076
0.25267827776634844
0.33978596174111614
0.4558231397765538
0.3602539076887807
0.09186444041445845
2.8807331839523322e-05
3.774809403652652e-06
3.650202578032474e-07
0.0
0.0
0.0010132024812681045
0.15069797471017343
0.787272366516664
1.9056844145235055
4.882320701403984
9.351200091373734
9.511681580589022
5.316826169637525
2.521730114160998
1.3029182405460076
0.46696124674923634
0.47196516480519785
0.7196525457470532
0.8435067919091781
1.0340802984846762
1.286503464968309
1.5047328445640473
1.704761458356038
1.926718409645164
2.138679843196857
2.330113548283916
2.5247665808489868
2.710964700529491
2.8842621822045102
3.0485527655796822
3.2015255427426594
3.3418158262442166
3.47613300527093
3.613308721057303
3.7610645215028486
3.931028444026407
4.121171112702877
4.320745141598577
4.507546102337065
4.644708497784029
4.6942775986231595
4.615777619622007
4.399431488877556
4.062447969826578
3.6219886764973266
3.122853841751232
2.62314724306272
2.1595746935917606
1.7542622547427758
1.419288310980496
1.153319334166696
0.9458654674630741
0.7851907809500271
0.6615769476683445
0.5656248741370346
0.4881222811801576
0.4227217194365655
0.3658906093153383
0.31514396169704845
0.269075296041631
0.2250214190473231
0.18009497243254852
0.13396923713844985
0.0886259380924106
0.049165937181444734
0.020361106268366673
0.004766716333037368
0.0004654805912127045
0.00028585133990146293
0.0001731199767224205
0.0001026838456224308
5.899498140927608e-05
3.2284976905921023e-05
1.6420157566866454e-05
7.469450978896953e-06
2.854712299640499e-06
8.128956531473523e-07
1.2593774187146184e-07
0.0
0.0
0.0
0.0
0.0
0.0
0.0
0.0
0.0
0.0
0.0
0.0
0.0
0.0
0.0
0.0
0.0
0.0
0.0
0.0
0.0
0.0
0.0
0.0
0.0
0.0
0.0
0.0
0.0
0.0
0.0
0.0
0.0
0.0
0.0
0.0
0.0
0.0
0.0
0.0
0.0
0.0
0.0
0.0
0.0
0.0
0.0
0.0
0.0
0.0
0.0
0.0
0.0
0.0
0.0
0.0
0.0
0.0
0.0
0.0
0.0
0.0
0.0
0.0
0.0
0.0
0.0
0.0
0.0
0.0
0.0
0.0
0.0
0.0
0.0
0.0