0.0
0.0
0.0
0.0
0.0
0.0
0.0
0.0
0.0
0.0
0.0
0.0
0.0
0.0
0.0
0.0
0.0
0.0
0.0
0.0
0.0
0.0
0.0
0.0
0.0
0.0
0.0
0.0
0.0
0.0
0.0
0.0
0.0
0.0
0.0
0.0
0.0
0.0
0.0
0.0
0.0
0.0
0.0
0.0
0.0
0.0
0.0
0.0
0.0
0.0
0.0
0.0
0.0
0.0
0.0
0.0
0.0
0.0
0.0
0.0
0.0
0.0
0.0
0.0
0.0
0.0
0.0
0.0
0.0
0.0
0.0
0.0
0.0
0.0
0.0
0.0
0.0
0.0
0.0
0.0
0.00026047262192840746
0.0019509228501732052
0.005326419568013965
0.012384967116288014
0.02097553857308655
0.0331827845819621
0.046160384093758534
0.0631584183202739
0.07919991261633294
0.09834289716282636
0.1155629996477156
0.13202849277403328
0.1486765208222936
0.16890316449245582
0.1959681565678362
0.2553018121717436
0.336116925458513
0.26729206571154673
0.0693916403897324
3.330365398988202e-05
4.982882490734821e-06
5.321767771660125e-07
0.0
0.0
0.005136353257183745
0.14143712814110548
0.6622458205165307
1.6644720419020127
5.106502260287082
10.490748430507326
10.76249275375919
5.892536692168152
2.6946808897788976
1.3871869212072336
0.5090794046592911
0.530800610722298
0.7917147627643115
0.908415585521943
1.0981916917789847
1.3413426767824645
1.5458910531231194
1.7430600030542212
1.9616827601595994
2.165761630481831
2.351654207100579
2.542370967884648
2.723344456558357
2.8911245020123935
3.0494883801459283
3.1959897519310885
3.3301800711034484
3.457007879337392
3.582755017213416
3.7149335832137744
3.8651621919464887
4.032939081851076
4.212732673523417
4.386290059027556
4.519433250954951
4.579806253904044
4.528569725523255
4.34844075350636
4.049295905796495
3.6451267492113546
3.175208136926964
2.6911615084558225
2.2292983557561294
1.8173690686009836
1.472459033888202
1.1953381673134418
0.9773403890482663
0.808070219651514
0.6780579665393313
0.5774879950223372
0.4966580894089463
0.42905095336363924
0.37084149216077683
0.31926363764740623
0.27283332503531377
0.2287556626885623
0.18395652607488477
0.1380932151847988
0.09316820587386893
0.05388868942402555
0.024250029088900154
0.006797572363410915
0.0009503123447122838
0.00030217017821150316
0.000183653560250536
0.00010946006425847152
6.332698493987435e-05
3.5021083946218834e-05
1.8109543688175788e-05
8.46898479623803e-06
3.3983372272113794e-06
1.062559741446459e-06
2.081244162617628e-07
1.3692172750355147e-08
0.0
0.0
0.0
0.0
0.0
0.0
0.0
0.0
0.0
0.0
0.0
0.0
0.0
0.0
0.0
0.0
0.0
0.0
0.0
0.0
0.0
0.0
0.0
0.0
0.0
0.0
0.0
0.0
0.0
0.0
0.0
0.0
0.0
0.0
0.0
0.0
0.0
0.0
0.0
0.0
0.0
0.0
0.0
0.0
0.0
0.0
0.0
0.0
0.0
0.0
0.0
0.0
0.0
0.0
0.0
0.0
0.0
0.0
0.0
0.0
0.0
0.0
0.0
0.0
0.0
0.0
0.0
0.0
0.0
0.0
0.0
0.0
0.0
0.0
0.0