0.0
0.0
0.0
0.0
0.0
0.0
0.0
0.0
0.0
0.0
0.0
0.0
0.0
0.0
0.0
0.0
0.0
0.0
0.0
0.0
0.0
0.0
0.0
0.0
0.0
0.0
0.0
0.0
0.0
0.0
0.0
0.0
0.0
0.0
0.0
0.0
0.0
0.0
0.0
0.0
0.0
0.0
0.0
0.0
0.0
0.0
0.0
0.0
0.0
0.0
0.0
0.0
0.0
0.0
0.0
0.0
0.0
0.0
0.0
0.0
0.0
0.0
0.0
0.0
0.0
0.0
0.0
0.0
0.0
0.0
0.0
0.0
0.0
0.0
0.0
0.0
0.0
0.0
0.000637817976473098
0.00336055252705882
0.009865212811882362
0.024562575815034585
0.04305417011474516
0.07082798910001885
0.10116780490773834
0.13883844296072564
0.17696818031172543
0.22411215725124686
0.2670237661384554
0.31536735125291776
0.3583880329579375
0.39786722224454774
0.4398554094588961
0.48721577726292337
0.5520536889460216
0.5064839648568316
0.42743287533851865
0.25405266723550174
0.05217032287896416
2.7102101406204647e-05
4.5641308035634566e-06
5.313858157624601e-07
0.0
0.0
0.017286971279271153
0.18927580782784728
0.7342420578090256
1.707327821136104
5.376313167284922
11.329194825694819
11.691284067830447
6.328380671171446
2.8270120839704687
1.4541661306583207
0.5419463173627442
0.574744765521058
0.8383013975142617
0.9456951793932646
1.1370627894086365
1.3711252186526974
1.5615771242807015
1.754704535708386
1.9676732296854555
2.163122576014715
2.344275120180517
2.530759692641225
2.705764195722357
2.8694602596706216
3.025259001785553
3.168279918738275
3.297726613730007
3.41853962008366
3.536889433308238
3.659832030603683
3.7975055891307967
3.9496844494308507
4.114473355100759
4.278939072729467
4.413524143441848
4.487273686790267
4.462876723254297
4.322829284105193
4.06853040944998
3.704587390313662
3.26525918833782
2.7988350279578067
2.341962348753278
1.925941155258799
1.5701661039583328
1.2765583248879
1.0408585152601568
0.858480822682386
0.7195842514964574
0.6106421442327966
0.5224262633268681
0.4497617012292304
0.3890375044822946
0.33684901006536005
0.2883092263482263
0.24020658916662888
0.1934170866245828
0.14764959953385456
0.10188885646346768
0.060883921708403475
0.029195138486150487
0.00920982564170676
0.0015271542163157513
0.00034599747330184413
0.00021118840935967304
0.0001265069454974717
7.367698148770616e-05
4.118125509445519e-05
2.1656714882222877e-05
1.037534150323916e-05
4.319221219469324e-06
1.439956464323208e-06
3.2023029321125654e-07
3.061918519820265e-08
0.0
0.0
0.0
0.0
0.0
0.0
0.0
0.0
0.0
0.0
0.0
0.0
0.0
0.0
0.0
0.0
0.0
0.0
0.0
0.0
0.0
0.0
0.0
0.0
0.0
0.0
0.0
0.0
0.0
0.0
0.0
0.0
0.0
0.0
0.0
0.0
0.0
0.0
0.0
0.0
0.0
0.0
0.0
0.0
0.0
0.0
0.0
0.0
0.0
0.0
0.0
0.0
0.0
0.0
0.0
0.0
0.0
0.0
0.0
0.0
0.0
0.0
0.0
0.0
0.0
0.0
0.0
0.0
0.0
0.0
0.0
0.0
0.0
0.0
0.0