0.0
0.0
0.0
0.0
0.0
0.0
0.0
0.0
0.0
0.0
0.0
0.0
0.0
0.0
0.0
0.0
0.0
0.0
0.0
0.0
0.0
0.0
0.0
0.0
0.0
0.0
0.0
0.0
0.0
0.0
0.0
0.0
0.0
0.0
0.0
0.0
0.0
0.0
0.0
0.0
0.0
0.0
0.0
0.0
0.0
0.0
0.0
0.0
0.0
0.0
0.0
0.0
0.0
0.0
0.0
0.0
0.0
0.0
0.0
0.0
0.0
0.0
0.0
0.0
0.0
0.0
0.0
0.0
0.0
0.0
0.0
0.0
0.0
0.0
0.0
0.0
0.0
0.0
0.0
0.0
0.0
0.0
0.0
0.00032793652232850675
0.0013789077605719548
0.004831003302376376
0.009391700741938232
0.016903877305911474
0.02462612304225886
0.03494172000292528
0.04476788045614178
0.05576825299266248
0.06721546099937926
0.0791536061441126
0.09356874065461683
0.12416274095525287
0.16885849244154863
0.14352189206077665
0.04054261748341876
3.192015431104368e-05
4.576809865310097e-06
4.7359913300579914e-07
0.0
0.0
0.0
0.0008927166464240961
0.13150245053099988
2.6835131598694972
7.892638238544351
9.37509181339373
6.052478791344632
3.665002888694539
2.7613478169221497
1.500866679751415
0.6128189403691432
0.7329854625587131
1.1041993406040624
1.2622612118264342
1.4641923400126242
1.689979247710841
1.8658444612074863
2.0442853536986285
2.2317265708026164
2.394051620376432
2.5377670726538666
2.6770181304602185
2.79517828933975
2.892674884093305
2.972159760947838
3.030344281720491
3.0666785983542257
3.0846541634590054
3.0901521137295895
3.090467950981263
3.096015845107977
3.1063732166081848
3.1178722256157374
3.12157394560898
3.0954372562548027
3.016245824159705
2.8624693990517174
2.6309447074881915
2.3331772280818925
1.9847488088265945
1.6194508082465089
1.2738516834157632
0.9687865391351508
0.7146078888971604
0.5132908953442266
0.3596677405326098
0.24564200176117024
0.16205154646214615
0.10029389193155062
0.0544560464430551
0.02266875822523289
0.005904709802975103
0.0009760464671576043
0.00038045817481148356
0.00019631262580134393
9.785326038407988e-05
4.6808098514505096e-05
2.1171713647825758e-05
8.96347932273277e-06
3.7597349670994015e-06
1.6265027865713336e-06
5.52816469740771e-07
9.228500718710744e-08
4.391304459399611e-09
0.0
0.0
0.0
0.0
0.0
0.0
0.0
0.0
0.0
0.0
0.0
0.0
0.0
0.0
0.0
0.0
0.0
0.0
0.0
0.0
0.0
0.0
0.0
0.0
0.0
0.0
0.0
0.0
0.0
0.0
0.0
0.0
0.0
0.0
0.0
0.0
0.0
0.0
0.0
0.0
0.0
0.0
0.0
0.0
0.0
0.0
0.0
0.0
0.0
0.0
0.0
0.0
0.0
0.0
0.0
0.0
0.0
0.0
0.0
0.0
0.0
0.0
0.0
0.0
0.0
0.0
0.0
0.0
0.0
0.0
0.0
0.0
0.0
0.0
0.0
0.0
0.0
0.0
0.0
0.0
0.0
0.0
0.0
0.0
0.0