0.0
0.0
0.0
0.0
0.0
0.0
0.0
0.0
0.0
0.0
0.0
0.0
0.0
0.0
0.0
0.0
0.0
0.0
0.0
0.0
0.0
0.0
0.0
0.0
0.0
0.0
0.0
0.0
0.0
0.0
0.0
0.0
0.0
0.0
0.0
0.0
0.0
0.0
0.0
0.0
0.0
0.0
0.0
0.0
0.0
0.0
0.0
0.0
0.0
0.0
0.0
0.0
0.0
0.0
0.0
0.0
0.0
0.0
0.0
0.0
0.0
0.0
0.0
0.0
0.0
0.0
0.0
0.0
0.0
0.0
0.0
0.0
0.0
0.0
0.0
0.0
0.0
0.0
0.0
0.0
0.0
0.0006592209651962792
0.003134677917097339
0.011112705913015978
0.0221179407429177
0.03977789782177287
0.05910067443106024
0.08548851704890917
0.11087880221147933
0.14149494616540234
0.1701748493752632
0.19973635297790115
0.23119786747919133
0.2575690783370318
0.2891644818535774
0.2824583726442004
0.2630811217382375
0.16503737240809788
0.035490665847221575
2.2381939484167143e-05
3.366458458192534e-06
3.6483977361802287e-07
0.0
0.0
0.09650928203673845
0.628205948891127
1.8743595120440104
3.4872166246579996
4.725721388531224
5.1571313092429465
4.815987298052611
4.093735942825174
3.1150196140319855
1.7081233325590266
0.6991298459164416
0.799502114787474
1.1779253968749832
1.3322840817174948
1.5391270827303853
1.7600869685240952
1.9265825092307232
2.10233634977234
2.2835950240265457
2.4378728265549747
2.5768219244539616
2.7127336598118714
2.8285433384971337
2.926260385680845
3.007931806156999
3.068788397590275
3.1091045856021715
3.1321804662021755
3.141478636481361
3.1433706578590876
3.1484046226578815
3.157842038505395
3.171082392539211
3.180795595787232
3.1661891054691336
3.10502816981513
2.9751568535533157
2.77054011718692
2.4971094490235526
2.1654857614692933
1.806214172915622
1.4534953927100678
1.1295477765327504
0.8517001066693125
0.6287886362180422
0.45661442092094273
0.32609510321753826
0.22876630645576843
0.15635045424593572
0.10204615471848219
0.0602460893424922
0.02822710800159824
0.00864807644137246
0.0015277180632303634
0.0003498004493037814
0.0001853087034535712
9.56057752003151e-05
4.837232316373428e-05
2.5052553850656645e-05
1.333183649034574e-05
6.4132427127440555e-06
2.5253263962822536e-06
7.981603276249466e-07
1.6759982548549106e-07
1.576409019260443e-08
0.0
0.0
0.0
0.0
0.0
0.0
0.0
0.0
0.0
0.0
0.0
0.0
0.0
0.0
0.0
0.0
0.0
0.0
0.0
0.0
0.0
0.0
0.0
0.0
0.0
0.0
0.0
0.0
0.0
0.0
0.0
0.0
0.0
0.0
0.0
0.0
0.0
0.0
0.0
0.0
0.0
0.0
0.0
0.0
0.0
0.0
0.0
0.0
0.0
0.0
0.0
0.0
0.0
0.0
0.0
0.0
0.0
0.0
0.0
0.0
0.0
0.0
0.0
0.0
0.0
0.0
0.0
0.0
0.0
0.0
0.0
0.0
0.0
0.0
0.0
0.0
0.0
0.0
0.0
0.0
0.0
0.0
0.0
0.0