0.0
0.0
0.0
0.0
0.0
0.0
0.0
0.0
0.0
0.0
0.0
0.0
0.0
0.0
0.0
0.0
0.0
0.0
0.0
0.0
0.0
0.0
0.0
0.0
0.0
0.0
0.0
0.0
0.0
0.0
0.0
0.0
0.0
0.0
0.0
0.0
0.0
0.0
0.0
0.0
0.0
0.0
0.0
0.0
0.0
0.0
0.0
0.0
0.0
0.0
0.0
0.0
0.0
0.0
0.0
0.0
0.0
0.0
0.0
0.0
0.0
0.0
0.0
0.0
0.0
0.0
0.0
0.0
0.0
0.0
0.0
0.0
0.0
0.0
0.0
0.0
0.0
0.0
0.0
0.0
0.00030209863171667213
0.0022780960371547652
0.006235692368236905
0.014529311437329823
0.024527980181294526
0.038762001281883625
0.05370874610235515
0.07314678275291026
0.09146767212544064
0.11271667987522488
0.13262672094223887
0.15223450067603717
0.17349377600768165
0.18911293965402606
0.20694484759172604
0.20145530437047535
0.19332197088836056
0.1324676960503154
0.03237686929027202
4.284819979871974e-05
7.850036738666913e-06
9.671407231526767e-07
0.0
0.0
0.14219729316619806
0.825122091634087
2.248681895681878
3.943654524377431
5.198729315773465
5.649047693996457
5.309867139981744
4.518591903269837
3.4325905523360487
1.9538009306907067
0.8763422195703863
0.9027628750994516
1.2453249143383436
1.3926604930343174
1.601917455059967
1.8176227249281467
1.975620290844523
2.148066019833219
2.3217169743925146
2.468294108823776
2.604465669039745
2.7372176430023107
2.848253020187424
2.9439605619126272
3.0262451010362907
3.0873043944259875
3.1274672354751316
3.1518433865921773
3.1639598041838704
3.1677254045960095
3.1715786141956803
3.1779523998416908
3.1875309274699526
3.1946683144637857
3.1836631971030287
3.1350898017429647
3.0236178906560864
2.839447129487242
2.586480161260599
2.2709638578985274
1.9190489396228283
1.5653188217553884
1.2345476343115833
0.9456253809581835
0.7092026696091731
0.5230370980238902
0.37915083494150487
0.27132954761379724
0.1921307669010179
0.13212291297945483
0.08527202582724856
0.04845913884545533
0.021084536350356495
0.00573813433732222
0.0009124710151758163
0.0002647485011555366
0.0001424420260090347
7.840246401929033e-05
4.420890867326838e-05
2.34639097311156e-05
1.1222219652758534e-05
4.940448179205447e-06
1.8923871807094409e-06
5.645618754651033e-07
1.0590728651011352e-07
7.731363862511066e-09
0.0
0.0
0.0
0.0
0.0
0.0
0.0
0.0
0.0
0.0
0.0
0.0
0.0
0.0
0.0
0.0
0.0
0.0
0.0
0.0
0.0
0.0
0.0
0.0
0.0
0.0
0.0
0.0
0.0
0.0
0.0
0.0
0.0
0.0
0.0
0.0
0.0
0.0
0.0
0.0
0.0
0.0
0.0
0.0
0.0
0.0
0.0
0.0
0.0
0.0
0.0
0.0
0.0
0.0
0.0
0.0
0.0
0.0
0.0
0.0
0.0
0.0
0.0
0.0
0.0
0.0
0.0
0.0
0.0
0.0
0.0
0.0
0.0
0.0
0.0
0.0
0.0
0.0
0.0
0.0
0.0
0.0
0.0