0.0
0.0
0.0
0.0
0.0
0.0
0.0
0.0
0.0
0.0
0.0
0.0
0.0
0.0
0.0
0.0
0.0
0.0
0.0
0.0
0.0
0.0
0.0
0.0
0.0
0.0
0.0
0.0
0.0
0.0
0.0
0.0
0.0
0.0
0.0
0.0
0.0
0.0
0.0
0.0
0.0
0.0
0.0
0.0
0.0
0.0
0.0
0.0
0.0
0.0
0.0
0.0
0.0
0.0
0.0
0.0
0.0
0.0
0.0
0.0
0.0
0.0
0.0
0.0
0.0
0.0
0.0
0.0
0.0
0.0
0.0
0.0
0.0
0.0
2.691833014435376e-05
5.383666028870752e-05
0.0002625123011100292
0.00047118794193135087
0.0008062950800590461
0.0018203919259884736
0.0029197042033509246
0.004455498662977092
0.006137046617017384
0.00812416792586745
0.010115483256397563
0.01227347966781477
0.01432893744219327
0.016687025736142037
0.018737075754649862
0.02081079301441446
0.02271285987913903
0.024236586291915413
0.02619452817580097
0.023358511462979417
0.03845512635881777
0.09535182474644378
0.14010018910998123
0.10713359981888554
0.03093544010720943
0.005767616682496767
0.017300826161357818
0.01774877643134593
0.006506175850136432
0.03754451696382179
0.32372759782914284
1.2421925406260181
2.87859155152706
4.681071508623692
5.951727184131816
6.371198531159095
5.939896740676033
4.964886370277584
3.7012623970209577
2.1554697748973064
1.043587889166982
1.0140846840148754
1.315513235751358
1.4420982956607287
1.646735748971337
1.856644735746406
2.010232392475662
2.1859297959033297
2.35927056479816
2.507268008742833
2.649780283337098
2.789162906392402
2.9080888467216206
3.0139055207157748
3.107824369457735
3.184978776968034
3.245087292425353
3.288821278191211
3.3192178126721728
3.341709247501234
3.36534610592792
3.39266366363915
3.4244004034140096
3.455404162766489
3.4722401938419427
3.4579897329401184
3.386377747521283
3.241603378935707
3.017702049759886
2.7164936657997867
2.3644123323578228
1.9924409454226668
1.625806243962273
1.2914793575157462
1.0066223955011422
0.7740749169534028
0.5910561494907602
0.45187006799330215
0.3474843968194329
0.26829789045866814
0.2067564629695444
0.15759425331381904
0.11693902166225766
0.08240852813425044
0.05306042388762504
0.0284772627089295
0.010622451915186243
0.002102028560117415
0.0002330416177582118
0.000135985844005721
7.83959763072172e-05
4.4376157926176615e-05
2.4432830228802884e-05
1.2894011100976768e-05
6.3691553200936205e-06
2.8274557044896213e-06
1.0437362039955991e-06
2.7425558388569237e-07
3.636666940384857e-08
0.0
0.0
0.0
0.0
0.0
0.0
0.0
0.0
0.0
0.0
0.0
0.0
0.0
0.0
0.0
0.0
0.0
0.0
0.0
0.0
0.0
0.0
0.0
0.0
0.0
0.0
0.0
0.0
0.0
0.0
0.0
0.0
0.0
0.0
0.0
0.0
0.0
0.0
0.0
0.0
0.0
0.0
0.0
0.0
0.0
0.0
0.0
0.0
0.0
0.0
0.0
0.0
0.0
0.0
0.0
0.0
0.0
0.0
0.0
0.0
0.0
0.0
0.0
0.0
0.0
0.0
0.0
0.0
0.0
0.0
0.0
0.0
0.0
0.0
0.0
0.0
0.0
0.0
0.0
0.0