0.0
0.0
0.0
0.0
0.0
0.0
0.0
0.0
0.0
0.0
0.0
0.0
0.0
0.0
0.0
0.0
0.0
0.0
0.0
0.0
0.0
0.0
0.0
0.0
0.0
0.0
0.0
0.0
0.0
0.0
0.0
0.0
0.0
0.0
0.0
0.0
0.0
0.0
0.0
0.0
0.0
0.0
0.0
0.0
0.0
0.0
0.0
0.0
0.0
0.0
0.0
0.0
0.0
0.0
0.0
0.0
0.0
0.0
0.0
0.0
0.0
0.0
0.0
0.0
0.0
0.0
0.0
0.0
0.0
0.0
0.0
0.0
6.277717842824959e-05
0.000257494978090125
0.0009123323941528448
0.001356313862668251
0.00225701076501798
0.0031835976987614587
0.004367053325260516
0.008778236167416225
0.013299488465153875
0.018277238314185543
0.02359589206329352
0.029976899999526265
0.036342501369847124
0.042845865311403664
0.048827039256871395
0.05546558047282403
0.06117442078630253
0.06676132109320802
0.07188812812611371
0.06170190551239252
0.060362852308044536
0.0919334498917865
0.17671734231871097
0.31095654142443024
0.38191363583926247
0.27032456878985633
0.08584757416704066
0.08504800575926537
0.23854347736711354
0.2391259500810252
0.08202622454721874
0.07662244124690351
0.5006148968070203
1.6320712692033645
3.4610682392459196
5.389762938647069
6.731823477725218
7.18289778894867
6.655451084317578
5.395937952698566
3.907710019002156
2.356715000035122
1.239741633615562
1.132796040169683
1.387513959554347
1.494555367880248
1.68812667406226
1.8881851472300195
2.0343224611597854
2.2073089143061666
2.3740542573711765
2.5153938928415682
2.653211750719101
2.7872992723180414
2.9023013088857335
3.007554646607058
3.102009973112005
3.178683248284915
3.237965192945528
3.282370565144708
3.3144356403904514
3.337095601029632
3.358605794677972
3.382249234012061
3.409841420718867
3.4375779901676853
3.4537961794589656
3.444251856876248
3.3835914002008307
3.2536150416737564
3.046694554684039
2.762118373793331
2.421780380313322
2.056040245988587
1.690968612948673
1.351772634679572
1.0580437949361265
0.8183696866334511
0.6297252288241688
0.48431229953507404
0.37360314425127383
0.2879349431650521
0.22132508773797804
0.17058903970794312
0.1298753432101378
0.09444259616029041
0.06360247278137515
0.03657689585830351
0.014844926781878686
0.0031378454188243413
0.00027969011210827847
0.00016454410113717858
9.575084854569479e-05
5.484661630559516e-05
3.069371668191222e-05
1.654968202601058e-05
8.398222387265295e-06
3.86438373861408e-06
1.499719965665274e-06
4.210740135622344e-07
6.058886801084191e-08
0.0
0.0
0.0
0.0
0.0
0.0
0.0
0.0
0.0
0.0
0.0
0.0
0.0
0.0
0.0
0.0
0.0
0.0
0.0
0.0
0.0
0.0
0.0
0.0
0.0
0.0
0.0
0.0
0.0
0.0
0.0
0.0
0.0
0.0
0.0
0.0
0.0
0.0
0.0
0.0
0.0
0.0
0.0
0.0
0.0
0.0
0.0
0.0
0.0
0.0
0.0
0.0
0.0
0.0
0.0
0.0
0.0
0.0
0.0
0.0
0.0
0.0
0.0
0.0
0.0
0.0
0.0
0.0
0.0
0.0
0.0
0.0
0.0
0.0
0.0
0.0
0.0
0.0
0.0
0.0