0.0
0.0
0.0
0.0
0.0
0.0
0.0
0.0
0.0
0.0
0.0
0.0
0.0
0.0
0.0
0.0
0.0
0.0
0.0
0.0
0.0
0.0
0.0
0.0
0.0
0.0
0.0
0.0
0.0
0.0
0.0
0.0
0.0
0.0
0.0
0.0
0.0
0.0
0.0
0.0
0.0
0.0
0.0
0.0
0.0
0.0
0.0
0.0
0.0
0.0
0.0
0.0
0.0
0.0
0.0
0.0
0.0
0.0
0.0
0.0
0.0
0.0
0.0
0.0
0.0
0.0
0.0
0.0
0.0
0.0
0.0
0.0
0.0
0.0
0.0
1.5959026383988882e-06
0.00012377097245652144
0.0002427542369978462
0.0005612442434893514
0.0014786321691964968
0.00252309040040387
0.003979368260731297
0.005586765687095929
0.007693255694003218
0.009853469348450671
0.012245983787057138
0.014513998926875816
0.017121019394211064
0.01943211652338885
0.02179294666038866
0.023995796941612853
0.02589458249368987
0.03329743080326529
0.052536177028333346
0.10279798176033146
0.18253838943318085
0.2277757369150575
0.16580229293737522
0.06639293858718072
0.04646538299436037
0.0448410368827381
0.015104068971319565
0.00019914421329134853
0.05928372830501345
0.40531985324416697
1.3599332082882416
2.9830397535536735
4.8399840235219855
6.351825017381901
7.190840329823205
7.072444717515689
5.94323145822799
4.352183109828745
2.723925367538037
1.5130810527234446
1.2861300799487578
1.5096799316757417
1.6066354669556857
1.7559517498223178
1.9084993680688946
2.007909528216234
2.128098972850989
2.2336417444226204
2.309895689392075
2.3778579768777157
2.434401309943716
2.4664636398119426
2.482045558631202
2.4794470691984416
2.455985835666839
2.4152694341069867
2.3578362639817474
2.285104155280195
2.2010954906945317
2.1128822548662853
2.025682205998382
1.9442870490806397
1.8663884884185205
1.782416550802002
1.6823100745484074
1.5545982640245188
1.398512907953821
1.2169526425468218
1.0131447589572309
0.8038921414343532
0.605566452328442
0.42858530596559535
0.2833978278810087
0.17223241414797805
0.08961245699205267
0.034322146490128304
0.00790654142471103
0.0014361871781727283
0.0008205319048825713
0.0004495901956468194
0.00023309106843579926
0.00011259322574451139
5.0684968617174917e-05
2.273790719444498e-05
1.055711377190067e-05
4.076237595068009e-06
9.836354527431872e-07
1.2602353506176392e-07
0.0
0.0
0.0
0.0
0.0
0.0
0.0
0.0
0.0
0.0
0.0
0.0
0.0
0.0
0.0
0.0
0.0
0.0
0.0
0.0
0.0
0.0
0.0
0.0
0.0
0.0
0.0
0.0
0.0
0.0
0.0
0.0
0.0
0.0
0.0
0.0
0.0
0.0
0.0
0.0
0.0
0.0
0.0
0.0
0.0
0.0
0.0
0.0
0.0
0.0
0.0
0.0
0.0
0.0
0.0
0.0
0.0
0.0
0.0
0.0
0.0
0.0
0.0
0.0
0.0
0.0
0.0
0.0
0.0
0.0
0.0
0.0
0.0
0.0
0.0
0.0
0.0
0.0
0.0
0.0
0.0
0.0
0.0
0.0
0.0
0.0
0.0
0.0
0.0
0.0