0.0
0.0
0.0
0.0
0.0
0.0
0.0
0.0
0.0
0.0
0.0
0.0
0.0
0.0
0.0
0.0
0.0
0.0
0.0
0.0
0.0
0.0
0.0
0.0
0.0
0.0
0.0
0.0
0.0
0.0
0.0
0.0
0.0
0.0
0.0
0.0
0.0
0.0
0.0
0.0
0.0
0.0
0.0
0.0
0.0
0.0
0.0
0.0
0.0
0.0
0.0
0.0
0.0
0.0
0.0
0.0
0.0
0.0
0.0
0.0
0.0
0.0
0.0
0.0
0.0
0.0
0.0
0.0
0.0
0.0
0.0
0.0
0.0
0.0
0.0
0.0
0.0
0.0
0.0
0.00010742891843500286
0.0006582297634955096
0.0023212323660319963
0.004766586859853288
0.008985001994016403
0.013763878959833512
0.020068288986708826
0.02644469687919527
0.03439452803296983
0.0418077499092661
0.04991994605579852
0.057850972303137564
0.06631506322890814
0.0770700331142319
0.07953256994271113
0.1310763088173707
0.24610368397514287
0.3020377269891266
0.20093794081661098
0.07255156233060331
0.04271743151617348
0.040439259369139904
0.014447471958272198
0.0008987363806292951
0.039471981716399256
0.30033257278249686
1.0852103963148094
2.493544994461956
4.1845073911597686
5.670254622951207
6.649890341407421
6.782873909796082
5.865572016304974
4.39153853161841
2.8562657729878596
1.6639184122851078
1.3661395390435476
1.5264050725321339
1.5796255277145186
1.6908667457254523
1.8131835701990173
1.886521230491492
1.9805440872380555
2.0549470997031154
2.1000985165693167
2.1355558008239486
2.1552683472510226
2.150963261829952
2.1332579644551894
2.0992910267579417
2.043549425996422
1.9687276849898878
1.8791577418708383
1.7785441474614716
1.6707542841532197
1.5629498485179356
1.457487428692757
1.3564787252739567
1.2595683994540665
1.161864590838479
1.059949062074855
0.9466527900963021
0.8198424643793205
0.6817948356660176
0.535642226892807
0.3943236900825902
0.2696539302077726
0.16547594764871346
0.08486912589045276
0.031775351943033554
0.007016762254673034
0.0011171811547430071
0.0006543272301947681
0.00036793311696735884
0.00019698690893883028
9.844993563394927e-05
4.479517216905206e-05
1.7862503510017398e-05
5.964592331147715e-06
1.724720277541037e-06
5.091509935743886e-07
1.1109054622690658e-07
0.0
0.0
0.0
0.0
0.0
0.0
0.0
0.0
0.0
0.0
0.0
0.0
0.0
0.0
0.0
0.0
0.0
0.0
0.0
0.0
0.0
0.0
0.0
0.0
0.0
0.0
0.0
0.0
0.0
0.0
0.0
0.0
0.0
0.0
0.0
0.0
0.0
0.0
0.0
0.0
0.0
0.0
0.0
0.0
0.0
0.0
0.0
0.0
0.0
0.0
0.0
0.0
0.0
0.0
0.0
0.0
0.0
0.0
0.0
0.0
0.0
0.0
0.0
0.0
0.0
0.0
0.0
0.0
0.0
0.0
0.0
0.0
0.0
0.0
0.0
0.0
0.0
0.0
0.0
0.0
0.0
0.0
0.0
0.0
0.0
0.0
0.0
0.0
0.0
0.0
0.0
0.0