0.0
0.0
0.0
0.0
0.0
0.0
0.0
0.0
0.0
0.0
0.0
0.0
0.0
0.0
0.0
0.0
0.0
0.0
0.0
0.0
0.0
0.0
0.0
0.0
0.0
0.0
0.0
0.0
0.0
0.0
0.0
0.0
0.0
0.0
0.0
0.0
0.0
0.0
0.0
0.0
0.0
0.0
0.0
0.0
0.0
0.0
0.0
0.0
0.0
0.0
0.0
0.0
0.0
0.0
0.0
0.0
0.0
0.0
0.0
0.0
0.0
0.0
0.0
0.0
0.0
0.0
0.0
0.0
0.0
0.0
0.0
0.0
0.0
0.0
0.0
0.0
0.0
0.0
0.0
0.00013285270456442412
0.0008134348004158189
0.002870729228630121
0.005891870463712162
0.01109416001784794
0.016979290686302995
0.024761308027015656
0.03262202247012302
0.042369900690005874
0.05155887645979777
0.06097808491379945
0.07081829792503716
0.08389304549690764
0.10872743151542043
0.12129553259860701
0.15397748055394708
0.2355655483939071
0.28194376251832076
0.19900406720684244
0.0788226714375653
0.053189806405060824
0.05100453900434396
0.018254412385089906
0.0011376947727808379
0.048551990261578304
0.3518639371766329
1.2316979199115956
2.7738893711845036
4.587437626832486
6.128653227300012
7.073086348237399
7.0710959474411945
5.958296268823689
4.394624695299279
2.9277121714806422
1.779231520943984
1.4462814259624752
1.574624913499245
1.6123656690463293
1.7163003675315278
1.8331540323311062
1.9076756869491671
2.011987373795317
2.0974625235183115
2.157311346830339
2.2114855092151515
2.2498412487749455
2.263132990387793
2.263249927899513
2.248380614186425
2.214201301566826
2.1623401811924667
2.0924222801746337
2.0067054707022254
1.9125810497667288
1.8173704085176832
1.721178297509375
1.6280389808232365
1.5392073536500206
1.446769513686814
1.3455212197585196
1.2292578234059832
1.0940615281289436
0.9396135060492933
0.7691322472602509
0.5958330985894923
0.43406792896667257
0.2934783465903092
0.1798762525893787
0.09402697245279666
0.036531981126124824
0.008538754160713766
0.0014310971317829499
0.0007906235227498033
0.000441836390326601
0.00023448974093158922
0.00011607062081513157
5.2385999750026486e-05
2.1293275272778077e-05
8.339648444834774e-06
3.3902695441226877e-06
1.0730253735670002e-06
1.4415043687441135e-07
1.1794533217354834e-09
0.0
0.0
0.0
0.0
0.0
0.0
0.0
0.0
0.0
0.0
0.0
0.0
0.0
0.0
0.0
0.0
0.0
0.0
0.0
0.0
0.0
0.0
0.0
0.0
0.0
0.0
0.0
0.0
0.0
0.0
0.0
0.0
0.0
0.0
0.0
0.0
0.0
0.0
0.0
0.0
0.0
0.0
0.0
0.0
0.0
0.0
0.0
0.0
0.0
0.0
0.0
0.0
0.0
0.0
0.0
0.0
0.0
0.0
0.0
0.0
0.0
0.0
0.0
0.0
0.0
0.0
0.0
0.0
0.0
0.0
0.0
0.0
0.0
0.0
0.0
0.0
0.0
0.0
0.0
0.0
0.0
0.0
0.0
0.0
0.0
0.0
0.0
0.0
0.0
0.0