0.0
0.0
0.0
0.0
0.0
0.0
0.0
0.0
0.0
0.0
0.0
0.0
0.0
0.0
0.0
0.0
0.0
0.0
0.0
0.0
0.0
0.0
0.0
0.0
0.0
0.0
0.0
0.0
0.0
0.0
0.0
0.0
0.0
0.0
0.0
0.0
0.0
0.0
0.0
0.0
0.0
0.0
0.0
0.0
0.0
0.0
0.0
0.0
0.0
0.0
0.0
0.0
0.0
0.0
0.0
0.0
0.0
0.0
0.0
0.0
0.0
0.0
0.0
0.0
0.0
0.0
0.0
0.0
0.0
0.0
0.0
0.0
0.0
0.0
0.0
0.0
0.0
0.0
0.0
0.0
2.7393579268503875e-05
0.00020098706978424044
0.0005513758954340464
0.0012921274904345963
0.0021869554799712754
0.0034678158434172848
0.004797332069471414
0.006501226441124384
0.008140931998572416
0.009865951611525151
0.011713321467337322
0.014209422128298496
0.016945336108514317
0.017378901212221135
0.0206461813715125
0.04308644770450911
0.07496487176300294
0.07667536502740098
0.027081060651887704
0.06419281958213836
0.19107008182760937
0.19417149077353704
0.0688130077971285
0.027230589553775778
0.22496826926024396
0.8997789496150665
2.192361571769723
3.8114537834556437
5.287279870437311
6.311798826497673
6.547297831089491
5.747309385778283
4.354338664455315
2.886095981164581
1.6905983752661427
1.2857767008004022
1.3895082262050207
1.487893547138237
1.6281987834400733
1.73202441960433
1.7890935351514223
1.873848556031059
1.9336262332831626
1.969246262576096
2.000255465104198
2.014459351371809
2.006779239700743
1.9874395706333796
1.9502312310415695
1.8914320029438547
1.8169631554255934
1.7288912745963787
1.6292531119216944
1.5231583669466016
1.4150725132852258
1.306763685791459
1.2039764272269855
1.107732106022914
1.0131854873117043
0.9176261650362499
0.8140279903630805
0.6993074972229181
0.5759393908340331
0.4475861010217669
0.32502847070302987
0.21723216720620134
0.12468190097954848
0.05201880036025775
0.011873996837908669
0.0013009486701492665
0.0007667780964080608
0.00044979563856593273
0.00025321606105591386
0.00013297926756243155
6.450194049411939e-05
2.7890135156116366e-05
1.0085787333344506e-05
2.673524382275431e-06
3.761506971148642e-07
0.0
0.0
0.0
0.0
0.0
0.0
0.0
0.0
0.0
0.0
0.0
0.0
0.0
0.0
0.0
0.0
0.0
0.0
0.0
0.0
0.0
0.0
0.0
0.0
0.0
0.0
0.0
0.0
0.0
0.0
0.0
0.0
0.0
0.0
0.0
0.0
0.0
0.0
0.0
0.0
0.0
0.0
0.0
0.0
0.0
0.0
0.0
0.0
0.0
0.0
0.0
0.0
0.0
0.0
0.0
0.0
0.0
0.0
0.0
0.0
0.0
0.0
0.0
0.0
0.0
0.0
0.0
0.0
0.0
0.0
0.0
0.0
0.0
0.0
0.0
0.0
0.0
0.0
0.0
0.0
0.0
0.0
0.0
0.0
0.0
0.0
0.0
0.0
0.0
0.0
0.0
0.0
0.0
0.0