0.0
0.0
0.0
0.0
0.0
0.0
0.0
0.0
0.0
0.0
0.0
0.0
0.0
0.0
0.0
0.0
0.0
0.0
0.0
0.0
0.0
0.0
0.0
0.0
0.0
0.0
0.0
0.0
0.0
0.0
0.0
0.0
0.0
0.0
0.0
0.0
0.0
0.0
0.0
0.0
0.0
0.0
0.0
0.0
0.0
0.0
0.0
0.0
0.0
0.0
0.0
0.0
0.0
0.0
0.0
0.0
0.0
0.0
0.0
0.0
0.0
0.0
0.0
0.0
0.0
0.0
0.0
0.0
0.0
0.0
0.0
0.0
0.0
0.0
0.0
0.0
0.0
0.0
4.7023193679126055e-06
2.5765804689717842e-05
7.533275064343267e-05
0.00018209028520002854
0.0003165395959821208
0.0005235572060545973
0.0007483214765842599
0.0010294810024197188
0.0013073199511009698
0.0016401080858660809
0.0019525488040265755
0.002254777283919669
0.002586126301399548
0.003049230843360273
0.0035560099033336116
0.0035703413625386136
0.004146741343046658
0.029615196942417876
0.07128484024840728
0.07975525017104274
0.028038560491563416
0.02426841557999617
0.07012174110432264
0.07012310234403195
0.023573128432279735
0.009090142613117172
0.1394664258915901
0.6667569171997099
1.7610279945888296
3.2054182220640324
4.595982879181921
5.646836596961753
6.057550433098389
5.540565979308533
4.325137921994803
2.865655040558536
1.6105865406289375
1.1072083076537325
1.1810216049754476
1.3534289320445243
1.5362054636199447
1.6333764678877434
1.6860018170633124
1.7636683762315628
1.8105096093185864
1.835462339423704
1.8574937916780139
1.8611768834836544
1.8410658733318992
1.8082253705222813
1.759555291047103
1.6931581523387895
1.6138036507515297
1.5217556991547083
1.4177515176906137
1.3062496295531902
1.193387354700383
1.0825884706695952
0.9784940163927326
0.8827152042637927
0.7915077166770402
0.7012720671192257
0.6072651986088555
0.5086763520304873
0.4066205996676026
0.30359095582772094
0.1977724674981751
0.09246399402095373
0.022085088000605383
0.0017020871539912758
0.0009910559382624638
0.0005687983223471948
0.00032561321764784255
0.00018509787636499607
9.873998479735806e-05
4.6862539461608915e-05
1.8931384823370973e-05
5.637263267302147e-06
8.775912472316247e-07
0.0
0.0
0.0
0.0
0.0
0.0
0.0
0.0
0.0
0.0
0.0
0.0
0.0
0.0
0.0
0.0
0.0
0.0
0.0
0.0
0.0
0.0
0.0
0.0
0.0
0.0
0.0
0.0
0.0
0.0
0.0
0.0
0.0
0.0
0.0
0.0
0.0
0.0
0.0
0.0
0.0
0.0
0.0
0.0
0.0
0.0
0.0
0.0
0.0
0.0
0.0
0.0
0.0
0.0
0.0
0.0
0.0
0.0
0.0
0.0
0.0
0.0
0.0
0.0
0.0
0.0
0.0
0.0
0.0
0.0
0.0
0.0
0.0
0.0
0.0
0.0
0.0
0.0
0.0
0.0
0.0
0.0
0.0
0.0
0.0
0.0
0.0
0.0
0.0
0.0
0.0
0.0
0.0
0.0
0.0
0.0