0.0
0.0
0.0
0.0
0.0
0.0
0.0
0.0
0.0
0.0
0.0
0.0
0.0
0.0
0.0
0.0
0.0
0.0
0.0
0.0
0.0
0.0
0.0
0.0
0.0
0.0
0.0
0.0
0.0
0.0
0.0
0.0
0.0
0.0
0.0
0.0
0.0
0.0
0.0
0.0
0.0
0.0
0.0
0.0
0.0
0.0
0.0
0.0
0.0
0.0
0.0
0.0
0.0
0.0
0.0
0.0
0.0
0.0
0.0
0.0
0.0
0.0
0.0
0.0
0.0
0.0
0.0
0.0
0.0
0.0
0.0
0.0
0.0
0.0
0.0
0.0
0.0
0.0
0.0
0.0
0.0
0.0
0.0
0.0
0.0
0.0
0.0
0.0
0.0
0.0
0.0
0.0
0.0
0.0
0.0
0.007424364402865008
0.01980444010787187
0.022302651161115374
0.007954144541552185
0.02395478324414684
0.06889805528840298
0.06802968339242574
0.022669887450796365
0.012890650081092692
0.20751994002998445
0.9938955427018746
2.592682809512749
4.595027061043622
6.300188072927381
7.256058293932505
7.176213454973769
6.015406984021194
4.389631233016788
2.845097854465756
1.567859387327645
0.9724926083734438
1.0162612139686247
1.2624180501407027
1.5059580011455393
1.6316836339068153
1.7267842285482966
1.8526784229516882
1.9439635633772774
2.016847471432788
2.090613764176495
2.1465414615448513
2.181528924638508
2.2078110448640853
2.218304800206729
2.209877347952427
2.185769892721905
2.142226786990123
2.0784377648347463
2.001005830553498
1.9181524384910624
1.8315465191961802
1.7460366504575002
1.6636474431733945
1.5775871694301886
1.482504990706388
1.3706819345951047
1.2376329816916318
1.0816217687297423
0.9029744291622331
0.7152445709499187
0.5343505943861933
0.37175277555750674
0.23746684484137182
0.13398060547216414
0.06071469019059192
0.019311052810595787
0.004072370953281884
0.0010953188535801205
0.0006274949703588652
0.0003396138586985631
0.00017275310010555163
8.09307114680802e-05
3.403403339049665e-05
1.2336101797653442e-05
3.609304243079337e-06
8.399791231900893e-07
2.0160773043212168e-07
4.402954852947652e-08
0.0
0.0
0.0
0.0
0.0
0.0
0.0
0.0
0.0
0.0
0.0
0.0
0.0
0.0
0.0
0.0
0.0
0.0
0.0
0.0
0.0
0.0
0.0
0.0
0.0
0.0
0.0
0.0
0.0
0.0
0.0
0.0
0.0
0.0
0.0
0.0
0.0
0.0
0.0
0.0
0.0
0.0
0.0
0.0
0.0
0.0
0.0
0.0
0.0
0.0
0.0
0.0
0.0
0.0
0.0
0.0
0.0
0.0
0.0
0.0
0.0
0.0
0.0
0.0
0.0
0.0
0.0
0.0
0.0
0.0
0.0
0.0
0.0
0.0
0.0
0.0
0.0
0.0
0.0
0.0
0.0
0.0
0.0
0.0
0.0
0.0
0.0
0.0
0.0
0.0