0.3999024628139478
0.3999024628139478
0.3999024628139478
0.3999024628139478
0.3999024628139478
0.3999024628139478
0.3999024628139478
0.3999024628139478
0.3999024628139478
0.3999024628139478
0.3999024628139478
0.3999024628139478
0.3999024628139478
0.3999024628139478
0.3999024628139478
0.3999024628139478
0.3999024628139478
0.3999024628139478
0.3999024628139478
0.3999024628139478
0.3999024628139478
0.3999024628139478
0.3999024628139478
0.3999024628139478
0.3999024628139478
0.3999024628139478
0.3999024628139478
0.3999024628139478
0.3999024628139478
0.3999024628139478
0.3999024628139478
0.3999024628139478
0.3999024628139478
0.3999024628139478
0.3999024628139478
0.3999024628139478
0.3999024628139478
0.3999024628139478
0.3999024628139478
0.3999024628139478
0.3999024628139478
0.3999024628139478
0.3999024628139478
0.3999024628139478
0.3999024628139478
0.3999024628139478
0.3999024628139478
0.3999024628139478
0.3999024628139478
0.3999024628139478
0.3999024628139478
0.3999024628139478
0.3999024628139478
0.3999024628139478
0.3999024628139478
0.3999024628139478
0.3999024628139478
0.3999024628139478
0.3999024628139478
0.3999024628139478
0.3999024628139478
0.3999024628139478
0.3999024628139478
0.3999024628139478
0.3999024628139478
0.3999024628139478
0.3999024628139478
0.3999024628139478
0.3999024628139478
0.3999024628139478
0.3999024628139478
0.3999024628139478
0.3999024628139478
0.3999024628139478
0.3999024628139478
0.3999024628139478
0.3999024628139478
0.3999024628139478
0.3999024628139478
0.3999024628139478
0.3999024628139478
0.3999024628139478
0.3999024628139478
0.3999024628139478
0.3999024628139478
0.3999024628139478
0.3999024628139478
0.3999024628139478
0.3999024628139478
0.3999024628139478
0.3999024628139478
0.3999024628139478
0.3999024628139478
0.3999024628139478
0.3999024628139478
0.7103893734527411
0.7109986780319685
0.7126501723786827
0.7136641115670166
0.7140778924958209
0.7140686538500629
0.7138915709472318
0.7135695706118467
0.7130698054396533
0.7103274496111011
0.7045711739150398
0.6952795655664131
0.6803938423110814
0.6599729559135921
0.6346318718709573
0.6053252616128497
0.5734661825285878
0.5406602201163858
0.5085998262887412
0.4784373248909565
0.4503755486022827
0.424620469083672
0.4019248411379923
0.3830962403076268
0.3686993961286549
0.3589405785803532
0.35355906698523243
0.3517457043100245
0.3524453112120063
0.3547470161249995
0.3580048802986504
0.3616794704309352
0.3652627728885358
0.3684255487521806
0.37110706127545745
0.3733676818438263
0.3752817371954924
0.3769466689860248
0.37842991906071943
0.3797526468907335
0.3809067579099279
0.3818825199268241
0.38269922865587547
0.38338842384996874
0.38396099408881024
0.384428157733417
0.3848183942790462
0.38515258355613846
0.3854426042692507
0.3857047124257209
0.38595022542284396
0.38618032580638606
0.3863945584362647
0.3865938879171458
0.38678017086334093
0.3869573552553869
0.3871290850291633
0.38729563588005056
0.3874557327027779
0.3876090733687525
0.3877559592339781
0.38789694416182674
0.3880333593063854
0.3881666746573116
0.38829582091721915
0.3884177364598742
0.3885311617469187
0.38863645251794465
0.3887339772763647
0.3888256049334673
0.388914536106568
0.3890023120011319
0.3890889535437425
0.3891744802380066
0.3892585318093096
0.38933962238577036
0.38941594332213936
0.38948688669503384
0.38955261474630887
0.3896136350871269
0.3896715168406433
0.38972815589272325
0.38978953613637946
0.3898591219087295
0.3899236576313767
0.3899888873025954
0.3900564990502786
0.3901218285936181
0.39019572218331944
0.3902729340578499
0.3903477169429974
0.3904180674821476
0.39048164443142874
0.39053821071815764
0.3905895439478646
0.3906377922786637
0.39068536217324046
0.3907345716221744
0.39078757012738286
0.39084630888805205
0.3909103155671596
0.3909753221525254
0.39103596536440777
0.3910893546341281
0.39113470135004147
0.39117291936831955
0.3912080481474123
0.39124668779880145
0.3912932635502868
0.391347140190321
0.39140602420068116
0.3914688521848302
0.3915340339977045
0.39159867251519453
0.39166147261377726
0.39172298689953977
0.3917836813212323
0.3918436533864156
0.3919029150255209
0.3919614779207856
0.3920193535401306
0.3920765531241084
0.39213308767779487
0.3921889679767989
0.3922442045730905
0.3922988078006575
0.39235278778099114
0.39240615442840965
0.39245891745522665
0.39251108637676224
0.39256267051621463
0.3926136790093844
0.3926641208092636
0.39271400469049467
0.39276333925369644
0.39281213292967077
0.39286039398348627
0.39290813051844853
0.39295535047995833
0.39300206165925977
0.3930482716970827
0.3930939880871873
0.3931392181798079
0.39318396918500187
0.39322824817590774
0.39327206209191057
0.39331541774172485
0.39335832180639296
0.3934007808422011
0.3934428012835187
0.3934843894455591
0.3935255515270668
0.39356629361293716
0.3936066216768095
0.39364654162785206
0.39368610199005327
0.39376691983671686
0.3938280360059523