0.32492075103633256
0.32492075103633256
0.32492075103633256
0.32492075103633256
0.32492075103633256
0.32492075103633256
0.32492075103633256
0.32492075103633256
0.32492075103633256
0.32492075103633256
0.32492075103633256
0.32492075103633256
0.32492075103633256
0.32492075103633256
0.32492075103633256
0.32492075103633256
0.32492075103633256
0.32492075103633256
0.32492075103633256
0.32492075103633256
0.32492075103633256
0.32492075103633256
0.32492075103633256
0.32492075103633256
0.32492075103633256
0.32492075103633256
0.32492075103633256
0.32492075103633256
0.32492075103633256
0.32492075103633256
0.32492075103633256
0.32492075103633256
0.32492075103633256
0.32492075103633256
0.32492075103633256
0.32492075103633256
0.32492075103633256
0.32492075103633256
0.32492075103633256
0.32492075103633256
0.32492075103633256
0.32492075103633256
0.32492075103633256
0.32492075103633256
0.32492075103633256
0.32492075103633256
0.32492075103633256
0.32492075103633256
0.32492075103633256
0.32492075103633256
0.32492075103633256
0.32492075103633256
0.32492075103633256
0.32492075103633256
0.32492075103633256
0.32492075103633256
0.32492075103633256
0.32492075103633256
0.32492075103633256
0.32492075103633256
0.32492075103633256
0.32492075103633256
0.32492075103633256
0.32492075103633256
0.32492075103633256
0.32492075103633256
0.32492075103633256
0.32492075103633256
0.32492075103633256
0.32492075103633256
0.32492075103633256
0.32492075103633256
0.32492075103633256
0.32492075103633256
0.32492075103633256
0.32492075103633256
0.32492075103633256
0.32492075103633256
0.32492075103633256
0.32492075103633256
0.32492075103633256
0.32492075103633256
0.32492075103633256
0.32492075103633256
0.32492075103633256
0.32492075103633256
0.32492075103633256
0.32492075103633256
0.32492075103633256
0.32492075103633256
0.32492075103633256
0.32492075103633256
0.32492075103633256
0.32492075103633256
0.32492075103633256
0.32492075103633256
0.32492075103633256
0.32492075103633256
0.32492075103633256
0.32492075103633256
0.32492075103633256
0.32492075103633256
0.32492075103633256
0.32492075103633256
0.32492075103633256
0.32492075103633256
0.32492075103633256
0.32492075103633256
0.4183334234800531
0.5003648506597137
0.47334535687954593
0.4410615334560524
0.4080647516157497
0.3769932169218442
0.34989817099168663
0.3275549456147422
0.31030336622974
0.29837418108670954
0.2913552264835725
0.28839277111939365
0.2884600427826919
0.29044527612797577
0.2933423628014935
0.2964642374710724
0.2993958705131814
0.30200625483178944
0.3043272558308514
0.30634773181205865
0.308067805225112
0.3095231808539405
0.31074833351485287
0.3117843438554173
0.3126844736936041
0.31348556225692037
0.3141992971003227
0.31482151116525503
0.3153471236478105
0.3157867051133778
0.31615741011727505
0.31646521093934976
0.3167162078965087
0.31692577342297956
0.31710516998099814
0.3172607953372284
0.31740139358285613
0.31753305487144456
0.31765642116176473
0.31777125278350726
0.31787807134581114
0.3179778745477113
0.31807278123071137
0.31816474822873864
0.31825392596779456
0.31833963249454134
0.31842170735771425
0.31850031340584484
0.3185757480327369
0.3186487246612393
0.3187200324208386
0.31878910165088503
0.3188542950478699
0.31891493974560814
0.3189712277206296
0.3190233565835585
0.3190723256645709
0.3191198473285233
0.3191667464739292
0.3192130344569579
0.3192587221015757
0.3193036178398192
0.31934692856612634
0.31938768820032526
0.31942557240295844
0.3194606683730765
0.31949324719246586
0.319524146887997
0.31955437752262816
0.319587134444556
0.3196242752807754
0.3196587148729486
0.31969352034099363
0.31972959673339685
0.3197644463580491
0.3198038641555765
0.31984505105685845
0.31988493920064776
0.31992246077849296
0.3199563669408929
0.3199865311997836
0.32001390199531987
0.32003962503667327
0.3200649835491516
0.3200912132984126
0.32011945990344315
0.320150763983581
0.32018487484715874
0.3202195179503964
0.32025183429746096
0.32028028345734527
0.3203044454189914
0.3203248064570683
0.32034351784800363
0.3203640964154164
0.32038890105407414
0.32041759334784436
0.3204489504664563
0.32048240567149233
0.32051711227335455
0.32055152684361743
0.32058495922803565
0.3206177038676892
0.3206500090875186
0.3206819269226864
0.32071346381467536
0.32074462607012966
0.3207754198789845
0.3208058513076024
0.32083592629453084
0.3208656506537795
0.3208950300780027
0.32092407014158053
0.3209527763036084
0.3209811539108005
0.3210092082003071
0.32103694430244745
0.3210643672433602
0.32109148194757986
0.3211182932405381
0.32114480585098915
0.321171024413369
0.3211969534700867
0.3212225974737468
0.32124796078931017
0.32127304769619713
0.321297862390326
0.3213224089860962
0.32134669151831674
0.32137071394408
0.32139448014458627
0.3214179939269137
0.3214412590257407
0.3214642791050244
0.3214870577596305
0.32150959851691785
0.321531904838283
0.32155398012066105
0.32157582769798787
0.3215974508426236
0.3216188527667392
0.32164003663001073
0.3216610170579346
0.3217029300938817
0.3217344005104462