-0.049987807851743477
-0.049987807851743477
-0.049987807851743477
-0.049987807851743477
-0.049987807851743477
-0.049987807851743477
-0.049987807851743477
-0.049987807851743477
-0.049987807851743477
-0.049987807851743477
-0.049987807851743477
-0.049987807851743477
-0.049987807851743477
-0.049987807851743477
-0.049987807851743477
-0.049987807851743477
-0.049987807851743477
-0.049987807851743477
-0.049987807851743477
-0.049987807851743477
-0.049987807851743477
-0.049987807851743477
-0.049987807851743477
-0.049987807851743477
-0.049987807851743477
-0.049987807851743477
-0.049987807851743477
-0.049987807851743477
-0.049987807851743477
-0.049987807851743477
-0.049987807851743477
-0.049987807851743477
-0.049987807851743477
-0.049987807851743477
-0.049987807851743477
-0.049987807851743477
-0.049987807851743477
-0.049987807851743477
-0.049987807851743477
-0.049987807851743477
-0.049987807851743477
-0.049987807851743477
-0.049987807851743477
-0.049987807851743477
-0.049987807851743477
-0.049987807851743477
-0.049987807851743477
-0.049987807851743477
-0.049987807851743477
-0.049987807851743477
-0.049987807851743477
-0.049987807851743477
-0.049987807851743477
-0.049987807851743477
-0.049987807851743477
-0.049987807851743477
-0.049987807851743477
-0.049987807851743477
-0.049987807851743477
-0.049987807851743477
-0.049987807851743477
-0.049987807851743477
-0.049987807851743477
-0.049987807851743477
-0.049987807851743477
-0.049987807851743477
-0.049987807851743477
-0.049987807851743477
-0.049987807851743477
-0.049987807851743477
-0.049987807851743477
-0.049987807851743477
-0.049987807851743477
-0.049987807851743477
-0.049987807851743477
-0.049987807851743477
-0.049987807851743477
-0.049987807851743477
-0.049987807851743477
-0.049987807851743477
-0.049987807851743477
-0.049987807851743477
-0.049987807851743477
-0.049987807851743477
-0.049987807851743477
-0.049987807851743477
-0.049987807851743477
-0.049987807851743477
-0.049987807851743477
-0.049987807851743477
-0.049987807851743477
-0.049987807851743477
-0.049987807851743477
-0.049987807851743477
-0.049987807851743477
-0.049987807851743477
-0.049987807851743477
-0.049987807851743477
-0.049987807851743477
-0.049987807851743477
-0.049987807851743477
-0.049987807851743477
-0.049987807851743477
-0.049987807851743477
-0.049987807851743477
-0.049987807851743477
-0.049987807851743477
-0.049987807851743477
-0.049987807851743477
-0.049987807851743477
-0.049987807851743477
0.0200870883783327
0.07600924270304146
0.04414673921670001
0.009223786777388193
-0.022876836661593486
-0.04800221869484936
-0.06405667696672532
-0.07296461063815449
-0.0774401860738679
-0.07907274596633626
-0.07879694540874468
-0.07707024509504887
-0.07426916426107219
-0.07116289428448883
-0.06837507473115043
-0.06604032168967808
-0.0641410218423901
-0.06261416346614943
-0.06137138309573162
-0.06034940680227316
-0.059499024377908966
-0.05876992638484821
-0.058128624885459085
-0.05756325359874956
-0.05707500708901356
-0.05666596377691799
-0.056326300934926604
-0.056041582584630295
-0.055806377385650724
-0.05561539989789385
-0.05545651627079093
-0.05532091552195914
-0.05520359284568685
-0.055097847914618
-0.05499903636189127
-0.05490663568445295
-0.05482078969570023
-0.05474107513756851
-0.054666719641446954
-0.05459612360885388
-0.05452781734583165
-0.054461679264114576
-0.05439820555997607
-0.05433750447927507
-0.05427944524099179
-0.054223799030042014
-0.05417003206035573
-0.05411755707584917
-0.054066787719469794
-0.054018920266259735
-0.05397443928675158
-0.05393319412611183
-0.05389503145028127
-0.053859212995533284
-0.0538244818095541
-0.05379023285855486
-0.05375645681691485
-0.053723144731236044
-0.053690434946688875
-0.0536589032526735
-0.05362924991596471
-0.053601706984279546
-0.05357620712589692
-0.053552550079381395
-0.0535301248405666
-0.05350819750258659
-0.053484451344453426
-0.05345754146430834
-0.05343260397762781
-0.053407419113653515
-0.05338132789943725
-0.05335614146378018
-0.053327671145533245
-0.05329794275956831
-0.0532691718790059
-0.05324212587490737
-0.05321770103988352
-0.0531959841199203
-0.053176288586757686
-0.053157787698467435
-0.05313955752728458
-0.053120709882638256
-0.05310042301375925
-0.05307795200687823
-0.05305347978601779
-0.05302864008104355
-0.0530054820105019
-0.05298510601517578
-0.052967808706573
-0.05295323858777398
-0.05293985437573087
-0.05292514031051529
-0.0529074115350969
-0.052886913506111605
-0.052864523558089765
-0.05284064923161133
-0.0528158966918206
-0.05279136750590527
-0.05276755305488831
-0.05274424254032126
-0.052721258427209844
-0.052698563177270036
-0.052676151748604266
-0.05265401921030219
-0.0526321607290354
-0.05261057157344548
-0.05258924711666421
-0.05256818283350914
-0.052547374297765764
-0.052526817179555846
-0.05250650724278835
-0.05248644034268943
-0.052466612423410525
-0.05244701951570627
-0.0524276577346878
-0.0524085232776432
-0.05238961242192272
-0.05237092152289066
-0.05235244701193584
-0.052334185394545124
-0.052316133248433844
-0.05229828722172766
-0.05228064403120222
-0.05226320046057606
-0.052245953358847935
-0.05222889963868746
-0.052212036274871004
-0.05219536030276026
-0.05217886881682962
-0.05216255896923358
-0.05214642796841226
-0.05213047307773963
-0.05211469161420898
-0.05209908094715751
-0.05208363849702288
-0.05206836173413529
-0.052053248177546835
-0.052038295393887574
-0.05202350099423378
-0.05200885737365454
-0.051980540566316874
-0.05195950947973479