0.5998536942209217
0.5998536942209217
0.5998536942209217
0.5998536942209217
0.5998536942209217
0.5998536942209217
0.5998536942209217
0.5998536942209217
0.5998536942209217
0.5998536942209217
0.5998536942209217
0.5998536942209217
0.5998536942209217
0.5998536942209217
0.5998536942209217
0.5998536942209217
0.5998536942209217
0.5998536942209217
0.5998536942209217
0.5998536942209217
0.5998536942209217
0.5998536942209217
0.5998536942209217
0.5998536942209217
0.5998536942209217
0.5998536942209217
0.5998536942209217
0.5998536942209217
0.5998536942209217
0.5998536942209217
0.5998536942209217
0.5998536942209217
0.5998536942209217
0.5998536942209217
0.5998536942209217
0.5998536942209217
0.5998536942209217
0.5998536942209217
0.5998536942209217
0.5998536942209217
0.5998536942209217
0.5998536942209217
0.5998536942209217
0.5998536942209217
0.5998536942209217
0.5998536942209217
0.5998536942209217
0.5998536942209217
0.5998536942209217
0.5998536942209217
0.5998536942209217
0.5998536942209217
0.5998536942209217
0.5998536942209217
0.5998536942209217
0.5998536942209217
0.5998536942209217
0.5998536942209217
0.5998536942209217
0.5998536942209217
0.5998536942209217
0.5998536942209217
0.5998536942209217
0.5998536942209217
0.5998536942209217
0.5998536942209217
0.5998536942209217
0.5998536942209217
0.5998536942209217
0.5998536942209217
0.5998536942209217
0.5998536942209217
0.5998536942209217
0.5998536942209217
0.5998536942209217
0.5998536942209217
0.5998536942209217
0.5998536942209217
0.5998536942209217
0.5998536942209217
0.5998536942209217
0.5998536942209217
0.5998536942209217
0.5998536942209217
0.5998536942209217
0.5998536942209217
0.5998536942209217
0.5998536942209217
0.5998536942209217
0.5998536942209217
0.5998536942209217
0.5998536942209217
1.3971142557050311
1.3864358142366444
1.3742098423232059
1.3647894535548453
1.3484413831317896
1.3331713282277073
1.317769228031342
1.3077214377476651
1.3032933165148082
1.2988001072029594
1.2949836569517585
1.2850600637673444
1.2641400616452971
1.2222823578398205
1.148224324013956
1.0463129195971876
0.945557725664819
0.8736586386863406
0.835750220600084
0.8200616315807017
0.8118304450822086
0.8049921155870824
0.7975444050703401
0.7862314888843657
0.7712806797234654
0.7560264968713944
0.741456000746919
0.7268732964504653
0.7122901179956093
0.6975859085357928
0.683062819633567
0.6687027231003931
0.65454539353693
0.6407069564229232
0.6272513817191038
0.6142446208468934
0.6017738330912524
0.5899365397077169
0.5788274753149453
0.5685138654799061
0.5589961190313956
0.5502544190389319
0.5422565510789995
0.534925604650713
0.5282206871655318
0.5221764130283809
0.5168678527504081
0.5124551764114736
0.5091607764905933
0.5071507859476544
0.5064833950625999
0.5070746617696719
0.5086660983506054
0.5108945992172363
0.5134130009110117
0.5159330509303565
0.5182590005290054
0.5203077109256286
0.5220602595049734
0.5235411829449427
0.5248014075563462
0.5258932904720891
0.5268614350011945
0.5277400007343008
0.5285548518132855
0.5293267170483947
0.5300692454085111
0.5307960146890399
0.5315048116091822
0.5321852191307271
0.5328334679781005
0.5334424548412128
0.5340132201556057
0.5345521251740465
0.5350619253874652
0.5355480408581227
0.536020098215627
0.536482597008071
0.5369296596151584
0.5373510723364082
0.5377428673186385
0.5381056082247225
0.5384420271390687
0.5387613091369526
0.5390750122164972
0.5394190847183779
0.5398137694306492
0.5401803513309257
0.5405479653538682
0.5409254631262549
0.5412912768248802
0.5417120570686832
0.5421559793400871
0.5425876249011826
0.5429943048820484
0.5433612140409273
0.5436864666105264
0.5439806297143189
0.5442567129847627
0.5445294569486127
0.5448132249067307
0.5451214781037171
0.5454664441621998
0.5458439403039118
0.546227108695749
0.5465844057768431
0.5468988933660383
0.5471660022194352
0.5473910036819235
0.5475980965286827
0.5478264029208711
0.5481015259263754
0.5484196086911172
0.5487671875587031
0.549137968551174
0.5495225138899956
0.5499038123939327
0.5502743104722635
0.5506372632582851
0.5509954024624554
0.5513492994202119
0.5516990244550849
0.5520446464094549
0.5523862328437762
0.5527238499610979
0.5530575625610258
0.5533874340763015
0.5537135266082448
0.5540359009611088
0.5543546166753789
0.5546697320600537
0.5549813042239468
0.5552893891060432
0.5555940415049726
0.5558953151113842
0.5561932630259877
0.5564879408586224
0.5567794092410839
0.5570677254441773
0.5573529326973162
0.5576350677815404
0.5579141717532133
0.558190283052253
0.5584634371859375
0.558733685877511
0.559001099988993
0.5592657458683071
0.5595276811200002
0.5597869758754254
0.5600436999078774
0.5602978959147743
0.5605496140915381
0.5607989187618202
0.5610457944101311
0.5612898251996189
0.5615302404154333
0.5617670897754868
0.5619998948850663
0.5622322859641603
0.562806059404558
0.5632626016472195