0.5498658863691782
0.5498658863691782
0.5498658863691782
0.5498658863691782
0.5498658863691782
0.5498658863691782
0.5498658863691782
0.5498658863691782
0.5498658863691782
0.5498658863691782
0.5498658863691782
0.5498658863691782
0.5498658863691782
0.5498658863691782
0.5498658863691782
0.5498658863691782
0.5498658863691782
0.5498658863691782
0.5498658863691782
0.5498658863691782
0.5498658863691782
0.5498658863691782
0.5498658863691782
0.5498658863691782
0.5498658863691782
0.5498658863691782
0.5498658863691782
0.5498658863691782
0.5498658863691782
0.5498658863691782
0.5498658863691782
0.5498658863691782
0.5498658863691782
0.5498658863691782
0.5498658863691782
0.5498658863691782
0.5498658863691782
0.5498658863691782
0.5498658863691782
0.5498658863691782
0.5498658863691782
0.5498658863691782
0.5498658863691782
0.5498658863691782
0.5498658863691782
0.5498658863691782
0.5498658863691782
0.5498658863691782
0.5498658863691782
0.5498658863691782
0.5498658863691782
0.5498658863691782
0.5498658863691782
0.5498658863691782
0.5498658863691782
0.5498658863691782
0.5498658863691782
0.5498658863691782
0.5498658863691782
0.5498658863691782
0.5498658863691782
0.5498658863691782
0.5498658863691782
0.5498658863691782
0.5498658863691782
0.5498658863691782
0.5498658863691782
0.5498658863691782
0.5498658863691782
0.5498658863691782
0.5498658863691782
0.5498658863691782
0.5498658863691782
0.5498658863691782
0.5498658863691782
0.5498658863691782
0.5498658863691782
0.5498658863691782
0.5498658863691782
0.5498658863691782
0.5498658863691782
0.5498658863691782
0.5498658863691782
0.5498658863691782
0.5498658863691782
0.5498658863691782
0.5498658863691782
0.5498658863691782
0.5498658863691782
0.5498658863691782
0.5498658863691782
0.5498658863691782
0.5498658863691782
0.9503777656979552
1.348314669419798
1.3370356089681854
1.3198422031502073
1.3060639635277091
1.2909850867085866
1.2808846032308783
1.277676984873084
1.274055070386361
1.2702758235939076
1.260520315762795
1.240008896759921
1.199187899307485
1.125972576390955
1.0238484200857123
0.9220639041091874
0.8491859127031931
0.8106181016546165
0.7945281609029253
0.7861871932650336
0.7793290971865129
0.7719950151865705
0.7610306225068543
0.746360907295866
0.731103251234604
0.7163997430525509
0.7016337643332801
0.6867285288779669
0.6716238651879888
0.656612921550395
0.6416558073692397
0.6267734453291288
0.6121007503682571
0.5977140395191157
0.5836540323105975
0.5700231029140043
0.5569285298335057
0.5444359912636006
0.5326554337043167
0.5216428563682615
0.511371272651398
0.5018163297148118
0.49291534893130307
0.48462984169472734
0.4769809781673492
0.47007197650332844
0.4641155622806773
0.45935443174371005
0.45600774561017954
0.45420013433390427
0.4538712457229074
0.45476653225338215
0.4565253106812893
0.45874976666711176
0.46109089321606345
0.46331685144451706
0.46530510845203044
0.4670198309585395
0.46847621192021827
0.4697149538111681
0.4707852774364839
0.4717326321954759
0.4725945682846856
0.4734001616349649
0.47417201881573334
0.47492402129494693
0.4756549994003719
0.47635945004614577
0.4770369791735539
0.47768306979067054
0.47830068165106854
0.4788907454385992
0.47944899441629796
0.47997808141540477
0.4804836071224129
0.4809758402520684
0.48145952630930744
0.4819281190001573
0.48237030714940954
0.4827815562827925
0.48316228799120975
0.48351531302743933
0.4838505087300323
0.48418043595664584
0.4845442478605767
0.4849640958409106
0.48535437666908054
0.48574269263528935
0.48613852958083525
0.4865223246954399
0.48696689429699724
0.4874378083381933
0.4878963869663032
0.4883286591954016
0.4887182876237538
0.48906298271190807
0.48937406249765936
0.4896655697723792
0.4899534855141924
0.490253442965051
0.49058013492626096
0.49094695783073894
0.49135096785052756
0.49176362918029304
0.4921488655945422
0.4924869274565521
0.4927721032878455
0.4930102316278614
0.4932283072422018
0.4934706056638657
0.49376696666124664
0.49411251629353414
0.4944907696796058
0.49489422278913786
0.4953125941430395
0.49572738359931245
0.49613038597556225
0.4965251444318973
0.496914630129346
0.497299465405472
0.4976797280394628
0.4980554941554637
0.498426838440572
0.4987938340643391
0.49915655263030756
0.49951506421725755
0.4998694374191551
0.5002197393838582
0.5005660358506235
0.5009083911864535
0.5012468684213248
0.5015815292823455
0.5019124342269118
0.5022396424793328
0.5025632125962695
0.5028832058320957
0.5031996888590863
0.5035127246634362
0.5038223609651805
0.5041286384685503
0.5044316024931638
0.504731295497329
0.5050277567486511
0.5053210430945413
0.5056112321112499
0.5058983964454035
0.5061825992430583
0.5064639172078828
0.5067424266118726
0.5070181743510439
0.5072912154387078
0.5075616201350629
0.5078293719048285
0.5080940201240752
0.5083547301237502
0.5086115562900689
0.508863984546514
0.5091161873116713
0.509746242618188
0.5102489599189739