0.4998780785174347
0.4998780785174347
0.4998780785174347
0.4998780785174347
0.4998780785174347
0.4998780785174347
0.4998780785174347
0.4998780785174347
0.4998780785174347
0.4998780785174347
0.4998780785174347
0.4998780785174347
0.4998780785174347
0.4998780785174347
0.4998780785174347
0.4998780785174347
0.4998780785174347
0.4998780785174347
0.4998780785174347
0.4998780785174347
0.4998780785174347
0.4998780785174347
0.4998780785174347
0.4998780785174347
0.4998780785174347
0.4998780785174347
0.4998780785174347
0.4998780785174347
0.4998780785174347
0.4998780785174347
0.4998780785174347
0.4998780785174347
0.4998780785174347
0.4998780785174347
0.4998780785174347
0.4998780785174347
0.4998780785174347
0.4998780785174347
0.4998780785174347
0.4998780785174347
0.4998780785174347
0.4998780785174347
0.4998780785174347
0.4998780785174347
0.4998780785174347
0.4998780785174347
0.4998780785174347
0.4998780785174347
0.4998780785174347
0.4998780785174347
0.4998780785174347
0.4998780785174347
0.4998780785174347
0.4998780785174347
0.4998780785174347
0.4998780785174347
0.4998780785174347
0.4998780785174347
0.4998780785174347
0.4998780785174347
0.4998780785174347
0.4998780785174347
0.4998780785174347
0.4998780785174347
0.4998780785174347
0.4998780785174347
0.4998780785174347
0.4998780785174347
0.4998780785174347
0.4998780785174347
0.4998780785174347
0.4998780785174347
0.4998780785174347
0.4998780785174347
0.4998780785174347
0.4998780785174347
0.4998780785174347
0.4998780785174347
0.4998780785174347
0.4998780785174347
0.4998780785174347
0.4998780785174347
0.4998780785174347
0.4998780785174347
0.4998780785174347
0.4998780785174347
0.4998780785174347
0.4998780785174347
0.4998780785174347
0.4998780785174347
0.4998780785174347
0.4998780785174347
0.4998780785174347
0.9126467630738501
1.3236051257563477
1.3147685673910372
1.2979935728073513
1.2827887957679347
1.267037757292231
1.256600842135588
1.2544025623059545
1.251442999076086
1.2475018350676137
1.2380758566414696
1.2184067193896442
1.1787044057593659
1.1063964609352575
1.004406919699247
0.9021391322929371
0.8287734984744295
0.7898506001657458
0.7734907534769754
0.7650599639601178
0.7581810767882989
0.7509653918143918
0.7403499551108018
0.7259915401911997
0.7108031710242207
0.6960662296783585
0.6811916762977891
0.6660081246361435
0.6505592987036063
0.6351190781704296
0.6196191795755112
0.604090728722919
0.588644024965378
0.5733281647360396
0.5582013823516402
0.5433767991707462
0.5289736850881562
0.5150739628839626
0.5017626979179367
0.48909701094499247
0.4770944916866301
0.4657462728365124
0.45502613278452564
0.444890214270668
0.43533694307502746
0.42647988342981125
0.4185602616601677
0.4118937832096893
0.406780081012844
0.40340866067125136
0.4017707891214469
0.4016398934042501
0.40263494024071333
0.404325954095366
0.4063103248786818
0.4082909034845926
0.4101032277427109
0.41168115537958727
0.4130209522607645
0.414157571163393
0.41514207696658867
0.4160171482892513
0.4168142386454329
0.41756287350573074
0.41828606018982273
0.41899772185051865
0.41969796323735553
0.420382197732336
0.42104921327888756
0.42169425172875885
0.4223062891346473
0.42288294858770004
0.42342959033785477
0.42394746897373514
0.424442206193823
0.4249247202074665
0.42540014719690744
0.42587234912334904
0.42632891741738066
0.42675372552495994
0.42714690483501017
0.4275112632159336
0.42785746896649235
0.4281993176758828
0.42858000544708086
0.4290242319331222
0.4294377735736351
0.4298431909457766
0.43025070741395155
0.4306462051298393
0.4311104688417814
0.4316060291967371
0.43209007027016366
0.43254693171831804
0.4329582075273414
0.43332092902944164
0.4336472237580843
0.43395235254718056
0.4342538224932372
0.43456888716072506
0.43491385162957485
0.43530366627030237
0.43573526009610497
0.4361771966957694
0.4365895141128361
0.43695012742525974
0.4372524243455912
0.4375025589749507
0.43773012419770885
0.4379839340033179
0.43829703794634656
0.4386652970261423
0.43907226873330407
0.43951035374298686
0.4399679068869592
0.44042361346852676
0.44086767667809623
0.4413031919486109
0.4417328452989807
0.4421573243821474
0.4425767165904212
0.4429911074352214
0.4434005807892213
0.4438052187995677
0.44420510183647066
0.4446003085405549
0.4449909158687083
0.4453769991384814
0.44575863207109256
0.446135886833091
0.4465088340767226
0.4468775429790478
0.4472420812799097
0.4476025153241784
0.44795891068841487
0.44831133588731176
0.4486598653578181
0.44900456943125155
0.4493455016036695
0.44968270762882023
0.4500162383092313
0.45034614127128647
0.4506724606218434
0.45099525979399735
0.4513146249821066
0.45163063691706606
0.4519433658613089
0.45225289695265636
0.45255931479851486
0.4528626716878291
0.45316302882019477
0.45346046406128127
0.45375495952736034
0.45404601999651073
0.4543327289857638
0.45461514681948734
0.4548927150750727
0.45517036818444334
0.45587464679987455
0.4564385711089064