0.3999024628139478
0.3999024628139478
0.3999024628139478
0.3999024628139478
0.3999024628139478
0.3999024628139478
0.3999024628139478
0.3999024628139478
0.3999024628139478
0.3999024628139478
0.3999024628139478
0.3999024628139478
0.3999024628139478
0.3999024628139478
0.3999024628139478
0.3999024628139478
0.3999024628139478
0.3999024628139478
0.3999024628139478
0.3999024628139478
0.3999024628139478
0.3999024628139478
0.3999024628139478
0.3999024628139478
0.3999024628139478
0.3999024628139478
0.3999024628139478
0.3999024628139478
0.3999024628139478
0.3999024628139478
0.3999024628139478
0.3999024628139478
0.3999024628139478
0.3999024628139478
0.3999024628139478
0.3999024628139478
0.3999024628139478
0.3999024628139478
0.3999024628139478
0.3999024628139478
0.3999024628139478
0.3999024628139478
0.3999024628139478
0.3999024628139478
0.3999024628139478
0.3999024628139478
0.3999024628139478
0.3999024628139478
0.3999024628139478
0.3999024628139478
0.3999024628139478
0.3999024628139478
0.3999024628139478
0.3999024628139478
0.3999024628139478
0.3999024628139478
0.3999024628139478
0.3999024628139478
0.3999024628139478
0.3999024628139478
0.3999024628139478
0.3999024628139478
0.3999024628139478
0.3999024628139478
0.3999024628139478
0.3999024628139478
0.3999024628139478
0.3999024628139478
0.3999024628139478
0.3999024628139478
0.3999024628139478
0.3999024628139478
0.3999024628139478
0.3999024628139478
0.3999024628139478
0.3999024628139478
0.3999024628139478
0.3999024628139478
0.3999024628139478
0.3999024628139478
0.3999024628139478
0.3999024628139478
0.3999024628139478
0.3999024628139478
0.3999024628139478
0.3999024628139478
0.3999024628139478
0.3999024628139478
0.3999024628139478
0.3999024628139478
0.3999024628139478
0.3999024628139478
0.3999024628139478
0.3999024628139478
0.3999024628139478
0.3999024628139478
0.7717640309766829
1.1391411606908268
1.117614766662996
1.1018728959842043
1.1033141992095143
1.101416038616045
1.097982783908139
1.0925042166029628
1.0784628242962015
1.0461741111914376
0.9788471356453151
0.8712884093938411
0.7537574240500609
0.666257503049673
0.6198945057614413
0.6009174714329404
0.5920048172839383
0.5853995433866135
0.5789570723462061
0.5693628863228035
0.5559366434050184
0.5415980865510566
0.5278098169698806
0.5140090998626414
0.4999807969963068
0.485869303460124
0.4719628056601657
0.4582007677951747
0.4446407444159042
0.4314208509028785
0.41859414088330227
0.4062318167159802
0.3944394187397944
0.3833028314715199
0.3729206585280067
0.36336658582174497
0.3546686979791167
0.3468295772839287
0.3398128210066831
0.33355347496175236
0.3279938951175492
0.32311984166468166
0.31897943366915915
0.315709863557432
0.31348982028527206
0.3124620797215487
0.31267409539763213
0.3140196597884628
0.31622109543273047
0.3189294491134944
0.32180703983729786
0.32457363651351545
0.3270636861846008
0.3292125095148031
0.3310270445203909
0.3325464684314181
0.3338246594206613
0.3349302516523187
0.33591202852399715
0.3367968543330486
0.3376139064645567
0.33838444864924333
0.339121700726692
0.33982882063633624
0.34050444697661786
0.34114954578267676
0.3417614265539657
0.34233442629126487
0.34287007730010965
0.34337451407678254
0.34385057329027524
0.3443033927292538
0.34474173582486656
0.3451697628072885
0.3455824506928711
0.34597099153238475
0.34633212231592636
0.34666655900190135
0.34697689822493794
0.3472713832534928
0.3475602418860475
0.34787515251476964
0.3482338305650752
0.348566859693918
0.34890347335029515
0.34925277901591456
0.3495906961187425
0.34997251228472215
0.3503710953332553
0.35075693921782825
0.35111970677137605
0.3514474313941205
0.3517390001168692
0.35200361601069585
0.3522523788291936
0.3524976967721771
0.35275150998218074
0.3530248795802853
0.35332774657025445
0.35365750976915833
0.35399213589341394
0.3543041111951897
0.3545786543856744
0.3548117932164476
0.35500836716050643
0.3551892680271471
0.35538837159433023
0.3556282435920195
0.35590553746641196
0.35620848531580296
0.356531587052338
0.35686661385031404
0.35719873051309947
0.35752135012889563
0.3578373138012936
0.35814900598354904
0.35845692729381606
0.3587611414999221
0.3590617109999792
0.35935869699862955
0.3596521594439108
0.359942156989687
0.3602287470299499
0.36051198573204135
0.36079192806883476
0.36106862784991445
0.3613421377517916
0.3616125093471829
0.3618797931333926
0.3621440385598518
0.36240529405765076
0.3626636074881542
0.36291902883077554
0.3631716123684334
0.3634214094235133
0.36366845909501033
0.3639127948443057
0.3641544538013306
0.36439347079057316
0.3646298780434474
0.3648637217824475
0.36509506475809306
0.36532396576053894
0.36555047594583523
0.3657746572598375
0.36599657130354823
0.3662162561970008
0.3664337564946647
0.3666491289880651
0.36686236170833353
0.3670730969920244
0.3672806701895668
0.3674851262215444
0.36768604919798764
0.3678862348350973
0.3683622750347726
0.368737506691285