0.29992684711046086
0.29992684711046086
0.29992684711046086
0.29992684711046086
0.29992684711046086
0.29992684711046086
0.29992684711046086
0.29992684711046086
0.29992684711046086
0.29992684711046086
0.29992684711046086
0.29992684711046086
0.29992684711046086
0.29992684711046086
0.29992684711046086
0.29992684711046086
0.29992684711046086
0.29992684711046086
0.29992684711046086
0.29992684711046086
0.29992684711046086
0.29992684711046086
0.29992684711046086
0.29992684711046086
0.29992684711046086
0.29992684711046086
0.29992684711046086
0.29992684711046086
0.29992684711046086
0.29992684711046086
0.29992684711046086
0.29992684711046086
0.29992684711046086
0.29992684711046086
0.29992684711046086
0.29992684711046086
0.29992684711046086
0.29992684711046086
0.29992684711046086
0.29992684711046086
0.29992684711046086
0.29992684711046086
0.29992684711046086
0.29992684711046086
0.29992684711046086
0.29992684711046086
0.29992684711046086
0.29992684711046086
0.29992684711046086
0.29992684711046086
0.29992684711046086
0.29992684711046086
0.29992684711046086
0.29992684711046086
0.29992684711046086
0.29992684711046086
0.29992684711046086
0.29992684711046086
0.29992684711046086
0.29992684711046086
0.29992684711046086
0.29992684711046086
0.29992684711046086
0.29992684711046086
0.29992684711046086
0.29992684711046086
0.29992684711046086
0.29992684711046086
0.29992684711046086
0.29992684711046086
0.29992684711046086
0.29992684711046086
0.29992684711046086
0.29992684711046086
0.29992684711046086
0.29992684711046086
0.29992684711046086
0.29992684711046086
0.29992684711046086
0.29992684711046086
0.29992684711046086
0.29992684711046086
0.29992684711046086
0.29992684711046086
0.29992684711046086
0.29992684711046086
0.29992684711046086
0.29992684711046086
0.29992684711046086
0.29992684711046086
0.29992684711046086
0.29992684711046086
0.29992684711046086
0.29992684711046086
0.29992684711046086
0.29992684711046086
0.29992684711046086
0.29992684711046086
0.29992684711046086
0.29992684711046086
0.29992684711046086
0.29992684711046086
0.29992684711046086
0.29992684711046086
0.29992684711046086
0.29992684711046086
0.29992684711046086
0.29992684711046086
0.3951924005179981
0.475049125479849
0.4429015149538806
0.4204257993543464
0.4110061086167353
0.4048277588819165
0.3995373699221115
0.39155059107667106
0.37964132625479313
0.3667959271072277
0.35475792353396157
0.34296095567100854
0.3311502779859197
0.31959387366476105
0.30857342180649844
0.2980131962274338
0.28802209580535304
0.278745991431761
0.2701727925045366
0.26235497990581785
0.2553778267577785
0.24926545561727892
0.24405470800472845
0.2397564964474
0.23633380068736126
0.23373154781776267
0.23185105730277905
0.2305707596289595
0.2297957934182014
0.22948315435061223
0.2296171899158384
0.23022789354587198
0.23138342517660454
0.23310584921426508
0.23535910805410937
0.23801869522733493
0.2408831660359188
0.2437446611095056
0.2464369213332976
0.24884222817482354
0.25089478853299846
0.25259954910184784
0.25400202402484623
0.2551576610013571
0.25612222120753164
0.2569441079138686
0.2576615995918157
0.25830352610917046
0.2588915666473806
0.2594413096207971
0.25996261341173704
0.26045853316389495
0.26092906122116394
0.2613755793767794
0.26179699701165166
0.2621902394821401
0.2625568029723853
0.2629010504494545
0.26322512165590367
0.2635325795280295
0.26382926111243804
0.26411800105497535
0.26439570471353707
0.26465684514450577
0.26489947390623564
0.26512418769125673
0.26533276281641777
0.2655305845394234
0.26572421610790614
0.26593404906377477
0.2661715967363179
0.2663919365906871
0.26661460194983705
0.266845251196638
0.26706823286389075
0.2673202512069784
0.2675833953859879
0.26783813883221513
0.26807766307866815
0.26829404671497975
0.2684865350259125
0.2686612009466616
0.2688253691501921
0.26898723028825017
0.2691546657588713
0.269334976173554
0.26953474653754556
0.2697522993806987
0.26997310646440315
0.2701789887637414
0.2703601751445908
0.2705140308941399
0.27064371889403765
0.27076299543144594
0.27089422760128273
0.27105234897095115
0.271235165700263
0.2714349009826538
0.27164792997765
0.2718688366107938
0.2720878219544581
0.2723005256865923
0.27250882274488647
0.2727142891614636
0.272917256122341
0.2731177659997684
0.2733158602562547
0.2735115795612158
0.2737049637493694
0.2738960517959262
0.2740848818392861
0.2742714912030236
0.2744559164171914
0.2746381932389664
0.27481835667265636
0.27499644098909465
0.27517247974444264
0.2753465057984322
0.27551855133327036
0.27568864814580146
0.27585682941814477
0.2760231311701052
0.2761875874785272
0.27635022435666273
0.2765110640881579
0.2766701313758054
0.2768274494006285
0.27698303960949017
0.2771369326493634
0.27728917006523784
0.2774397907917761
0.2775888287072233
0.27773632479591887
0.2778823198362595
0.2780268391118453
0.27816991212588943
0.27831157652781063
0.27845182507675653
0.27859042312633325
0.2787269329632805
0.27886138497607577
0.27899350086627345
0.27912473058338866
0.27941782525800896
0.2796450302656961