0.1999512314069739
0.1999512314069739
0.1999512314069739
0.1999512314069739
0.1999512314069739
0.1999512314069739
0.1999512314069739
0.1999512314069739
0.1999512314069739
0.1999512314069739
0.1999512314069739
0.1999512314069739
0.1999512314069739
0.1999512314069739
0.1999512314069739
0.1999512314069739
0.1999512314069739
0.1999512314069739
0.1999512314069739
0.1999512314069739
0.1999512314069739
0.1999512314069739
0.1999512314069739
0.1999512314069739
0.1999512314069739
0.1999512314069739
0.1999512314069739
0.1999512314069739
0.1999512314069739
0.1999512314069739
0.1999512314069739
0.1999512314069739
0.1999512314069739
0.1999512314069739
0.1999512314069739
0.1999512314069739
0.1999512314069739
0.1999512314069739
0.1999512314069739
0.1999512314069739
0.1999512314069739
0.1999512314069739
0.1999512314069739
0.1999512314069739
0.1999512314069739
0.1999512314069739
0.1999512314069739
0.1999512314069739
0.1999512314069739
0.1999512314069739
0.1999512314069739
0.1999512314069739
0.1999512314069739
0.1999512314069739
0.1999512314069739
0.1999512314069739
0.1999512314069739
0.1999512314069739
0.1999512314069739
0.1999512314069739
0.1999512314069739
0.1999512314069739
0.1999512314069739
0.1999512314069739
0.1999512314069739
0.1999512314069739
0.1999512314069739
0.1999512314069739
0.1999512314069739
0.1999512314069739
0.1999512314069739
0.1999512314069739
0.1999512314069739
0.1999512314069739
0.1999512314069739
0.1999512314069739
0.1999512314069739
0.1999512314069739
0.1999512314069739
0.1999512314069739
0.1999512314069739
0.1999512314069739
0.1999512314069739
0.1999512314069739
0.1999512314069739
0.1999512314069739
0.1999512314069739
0.1999512314069739
0.1999512314069739
0.1999512314069739
0.1999512314069739
0.1999512314069739
0.1999512314069739
0.1999512314069739
0.1999512314069739
0.1999512314069739
0.1999512314069739
0.1999512314069739
0.1999512314069739
0.1999512314069739
0.1999512314069739
0.1999512314069739
0.1999512314069739
0.1999512314069739
0.1999512314069739
0.1999512314069739
0.1999512314069739
0.1999512314069739
0.1999512314069739
0.3012078166099077
0.4109744983190071
0.4136012165270203
0.40373719458434787
0.39688175738803044
0.3909901046837555
0.38246420032905537
0.3697451056764419
0.3557922525203715
0.34239882385386455
0.32885343631198627
0.3148464905386553
0.30071771578815343
0.28669250137420976
0.27265309059473963
0.25871999916948074
0.24505311399215246
0.23168145672359952
0.21868083143913253
0.2061553152898713
0.19421889257068325
0.1829762468523316
0.1725419737518611
0.1629957583002858
0.1543404850723057
0.14655522352221928
0.1395821705875201
0.13336155730033583
0.12787749463245468
0.12318965582160157
0.11942476927185719
0.11675950009994673
0.11536731908037667
0.11532242207353416
0.11652902991167158
0.11868070190654956
0.12139187879812041
0.1242984331478375
0.1271016438878808
0.12962592807129425
0.1318013648360069
0.1336349416087378
0.1351652757980436
0.13644798185915652
0.1375544071474767
0.13853501897845166
0.13941781023530886
0.14023228383186426
0.14099971738692074
0.14173331333331063
0.14243628545380538
0.14310737395610118
0.1437476200439568
0.14435445353337062
0.14492237781211947
0.1454529955074223
0.1459524322921032
0.14642354787565004
0.14687145608486174
0.14730482299648917
0.14772777126791847
0.14813539102680406
0.14851906269984105
0.14887562537168175
0.14920582604900845
0.14951225217276265
0.14980302417083313
0.1500881882040227
0.15039865385339313
0.1507508395658851
0.15107752655748452
0.1514075948155157
0.151749333794576
0.15207980810107313
0.15245309806387197
0.15284264983813
0.15321961661594352
0.15357391844152601
0.1538938934500721
0.15417848354774788
0.15443669611462763
0.15467937761583295
0.15491863951901796
0.15516612587182388
0.1554326124092088
0.15572777446476926
0.15604905891292808
0.1563749868248986
0.15667876434601735
0.15694602102329813
0.15717291762970909
0.15736418506001149
0.15754016207110044
0.15773380510871682
0.15796705196571448
0.15823662502763358
0.1585310579226883
0.15884498593802288
0.15917040135431193
0.15949288823106478
0.15980605320299446
0.16011266133494162
0.16041503177729
0.16071365370148383
0.1610085920524419
0.16129991034475866
0.1615876708371834
0.1618719344747993
0.16215276085596553
0.16243020826883992
0.1627043337267241
0.16297519300227836
0.1632428406606471
0.16350733009153096
0.1637687135402518
0.16402704213784147
0.1642823659302105
0.16453473390905315
0.16478419444688341
0.16503079789344965
0.16527459868563088
0.16551564833538446
0.16575398649547235
0.16598964732505983
0.1662226684735949
0.16645308531803316
0.16668093068451373
0.1669062508326168
0.16712910788966162
0.16734956009958146
0.16756765828552111
0.16778346359928864
0.16799703679982503
0.16820841598347946
0.16841764538815684
0.16862478098920775
0.16882981265482566
0.16903239797072167
0.16923189957492812
0.169428362583674
0.16962138827660211
0.16981356243621704
0.17026123959408862
0.17061220276178113