0.09997561570348695
0.09997561570348695
0.09997561570348695
0.09997561570348695
0.09997561570348695
0.09997561570348695
0.09997561570348695
0.09997561570348695
0.09997561570348695
0.09997561570348695
0.09997561570348695
0.09997561570348695
0.09997561570348695
0.09997561570348695
0.09997561570348695
0.09997561570348695
0.09997561570348695
0.09997561570348695
0.09997561570348695
0.09997561570348695
0.09997561570348695
0.09997561570348695
0.09997561570348695
0.09997561570348695
0.09997561570348695
0.09997561570348695
0.09997561570348695
0.09997561570348695
0.09997561570348695
0.09997561570348695
0.09997561570348695
0.09997561570348695
0.09997561570348695
0.09997561570348695
0.09997561570348695
0.09997561570348695
0.09997561570348695
0.09997561570348695
0.09997561570348695
0.09997561570348695
0.09997561570348695
0.09997561570348695
0.09997561570348695
0.09997561570348695
0.09997561570348695
0.09997561570348695
0.09997561570348695
0.09997561570348695
0.09997561570348695
0.09997561570348695
0.09997561570348695
0.09997561570348695
0.09997561570348695
0.09997561570348695
0.09997561570348695
0.09997561570348695
0.09997561570348695
0.09997561570348695
0.09997561570348695
0.09997561570348695
0.09997561570348695
0.09997561570348695
0.09997561570348695
0.09997561570348695
0.09997561570348695
0.09997561570348695
0.09997561570348695
0.09997561570348695
0.09997561570348695
0.09997561570348695
0.09997561570348695
0.09997561570348695
0.09997561570348695
0.09997561570348695
0.09997561570348695
0.09997561570348695
0.09997561570348695
0.09997561570348695
0.09997561570348695
0.09997561570348695
0.09997561570348695
0.09997561570348695
0.09997561570348695
0.09997561570348695
0.09997561570348695
0.09997561570348695
0.09997561570348695
0.09997561570348695
0.09997561570348695
0.09997561570348695
0.09997561570348695
0.09997561570348695
0.09997561570348695
0.09997561570348695
0.09997561570348695
0.09997561570348695
0.09997561570348695
1.0561491045282254
1.030838296157727
1.0077746551437359
1.010533399162254
1.0111263876847527
1.010799458452669
1.0088942560759866
1.0030917413629454
0.9906556801398172
0.9723325437325707
0.9603528661556011
0.928835826936574
0.6624929923702896
0.42961262057840305
0.4278833583588287
0.4184047653313096
0.41145182479875114
0.40532717323280804
0.39678727185735213
0.3841310772740238
0.3700558588580651
0.3563574434416578
0.34230700349683446
0.327535856662376
0.31237557408500155
0.2969748172766455
0.2812098785504657
0.265180410655462
0.2489801619040934
0.23259475409521752
0.21609470968554872
0.19957102356183237
0.18310558227196022
0.16680791377375298
0.15079486072096632
0.13517742754858147
0.12003411251080726
0.1053930422477038
0.0912257159733511
0.07751842001664272
0.06429976672051313
0.05167111265454055
0.03989024831452487
0.02935913257075823
0.020543389128049705
0.013824762092464693
0.0093635516319161
0.007011724027245536
0.006358595907224929
0.0068725618221949225
0.008033599684984016
0.009439411719862123
0.010836326099796734
0.012090184079907862
0.013157730788632749
0.014061117262505307
0.014835304652214665
0.015515807982540097
0.016139208751997314
0.016737182444049592
0.017332871344221734
0.017936937038762257
0.01854909372748098
0.019159979728316345
0.01976410291571712
0.020353582516503044
0.020916034788092952
0.021449896627339482
0.021960057141530986
0.02244829633010509
0.022921307443193706
0.023389599059917054
0.02385838149721925
0.024319230474401488
0.024756571530459792
0.025162866694129205
0.02553663220135277
0.02588042848795341
0.0262055361254227
0.02652690864587587
0.026891845445244866
0.027328081296344953
0.02774399164241842
0.02815281972964584
0.028554599703548733
0.028944857798462953
0.029412816708024037
0.029918350518116144
0.030414434498998
0.03088363142885825
0.03130529572891211
0.03167553265083528
0.03200703836732538
0.032316105304819265
0.03262162588657386
0.03294240870125881
0.03329635607164322
0.03370001405908679
0.03415034098361053
0.034613265246718095
0.03504516745951175
0.035421683617239574
0.03573524079756968
0.03599213518497496
0.036224211966455255
0.036484386466276
0.036808701928157495
0.03719289040121149
0.037619237726448096
0.03807953797648039
0.03856117810966747
0.03904102770746837
0.03950862101759117
0.039968198777771524
0.040423357691495576
0.04087479954207568
0.04132256712508825
0.04176671087937617
0.042206594842320866
0.04264130707175079
0.043070644040570316
0.04349469934813882
0.04391356448255562
0.044327328879347705
0.04473607997821366
0.045139903277897575
0.04553888238926346
0.045933099086642615
0.04632263335758141
0.04670756345718802
0.04708796658718656
0.04746392285402917
0.047835518437404134
0.048202834895044455
0.0485659356376677
0.0489248756564899
0.04927971514195123
0.04963051073525365
0.0499773151849538
0.05032020160795975
0.050659267072831804
0.05099460261361871
0.051326287952575045
0.05165441837040147
0.05197908835061854
0.052300357960491206
0.05261829654458866
0.05293299086351849
0.053244426090150954
0.05355208304344833
0.05385499906813335
0.054153243718087773
0.05444623684491651
0.05473926091620468
0.05546855607108507
0.056049724359396404