0.0
0.0
0.0
0.0
0.0
0.0
0.0
0.0
0.0
0.0
0.0
0.0
0.0
0.0
0.0
0.0
0.0
0.0
0.0
0.0
0.0
0.0
0.0
0.0
0.0
0.0
0.0
0.0
0.0
0.0
0.0
0.0
0.0
0.0
0.0
0.0
0.0
0.0
0.0
0.0
0.0
0.0
0.0
0.0
0.0
0.0
0.0
0.0
0.0
0.0
0.0
0.0
0.0
0.0
0.0
0.0
0.0
0.0
0.0
0.0
0.0
0.0
0.0
0.0
0.0
0.0
0.0
0.0
0.0
0.0
0.0
0.0
0.0
0.0
0.0
0.0
0.0
0.0
0.0
0.0
0.0
0.0
0.0
0.0
0.0
0.0
0.0
0.0
0.0
0.0
0.0
0.0
0.0
0.0
0.0
0.0
0.0
0.0
0.0
0.0
0.0
0.0
0.0
0.0
0.0
0.0
0.0
0.0
0.0
0.0
0.08244144385168928
0.1791510290873478
0.1891586564162051
0.18197505094292632
0.17637644486487525
0.16858997179698143
0.1565458718403825
0.14303130432232614
0.1301147287479587
0.1171051318739722
0.10359407519521069
0.09001792532287145
0.07651263236644024
0.06299816334530584
0.049661249857271716
0.03663068529565061
0.02392302306154126
0.011622912658055373
-0.00015102308248615692
-0.011279172394714543
-0.021672604264355133
-0.03122831980270413
-0.03986747006230473
-0.04755442857435921
-0.05429878659465581
-0.06015912885066288
-0.06519245477458324
-0.06946578093074862
-0.07297722936400652
-0.07562316464593999
-0.07725088849023454
-0.07772608248946589
-0.07700221791568174
-0.07519996530622297
-0.07261573587331283
-0.06961330371795915
-0.06654091482454172
-0.06366372021778588
-0.0611246656827209
-0.058971868293479
-0.05717910123415626
-0.05569069864160081
-0.054451025447381785
-0.05339806793517621
-0.052480672235681425
-0.051659662827097996
-0.05090586800037
-0.05019880552172573
-0.049525886528484886
-0.048883612960010314
-0.04827251844471592
-0.04769206792357972
-0.04714475137639784
-0.04663453538061546
-0.04615936683711297
-0.0457135109094593
-0.045294121373059326
-0.04489652384306053
-0.044513139318458794
-0.04414029622021509
-0.043781971095413486
-0.04344524904983338
-0.04313259217819354
-0.0428431858418854
-0.042574695365302784
-0.04232015785965082
-0.04207107538429389
-0.04180126389619865
-0.04149611893541616
-0.04121318173065314
-0.040927422239472655
-0.04063160510265096
-0.04034569561528745
-0.040022804504403986
-0.039685922638601934
-0.03936002337370237
-0.03905380353444121
-0.038777331267544124
-0.0385315071696648
-0.038308533055707805
-0.03809903171286866
-0.03789254163357736
-0.03767901324993783
-0.037449155106790144
-0.03719462171231669
-0.03691761264877469
-0.036636653025698074
-0.03637484623925458
-0.03614456697852564
-0.03594910765155124
-0.03578438955601859
-0.035632899836356646
-0.035466252872217385
-0.03526555121757591
-0.03503362801876664
-0.03478037567173464
-0.03451042258531345
-0.03423066040951328
-0.03395349445031792
-0.03368442462057919
-0.03342106888669871
-0.033161429479240834
-0.0329050831338451
-0.03265197154611732
-0.03240203772342731
-0.03215522583204766
-0.03191148124401977
-0.031670750562814654
-0.03143298158931085
-0.0311981232888896
-0.030966125759599894
-0.03073694020135509
-0.030510518886123883
-0.03028681512907383
-0.03006578326063991
-0.029847378599465735
-0.029631557424274035
-0.02941827660175189
-0.029207491365690785
-0.028999153508126874
-0.02879321737098639
-0.028589647484601244
-0.028388413122118372
-0.028189480612689444
-0.027992818266351804
-0.027798396621494526
-0.027606174796952487
-0.02741609841157544
-0.027228116451063933
-0.027042184295121174
-0.026858248562365183
-0.026676256245162122
-0.026496173715632843
-0.026317962157488495
-0.026141572745730812
-0.025967012799958056
-0.025794572466463883
-0.025624793288343106
-0.02545763505978549
-0.025293438194421647
-0.025130223798425
-0.02476389231145567
-0.02447958231915186