-0.09997561570348695
-0.09997561570348695
-0.09997561570348695
-0.09997561570348695
-0.09997561570348695
-0.09997561570348695
-0.09997561570348695
-0.09997561570348695
-0.09997561570348695
-0.09997561570348695
-0.09997561570348695
-0.09997561570348695
-0.09997561570348695
-0.09997561570348695
-0.09997561570348695
-0.09997561570348695
-0.09997561570348695
-0.09997561570348695
-0.09997561570348695
-0.09997561570348695
-0.09997561570348695
-0.09997561570348695
-0.09997561570348695
-0.09997561570348695
-0.09997561570348695
-0.09997561570348695
-0.09997561570348695
-0.09997561570348695
-0.09997561570348695
-0.09997561570348695
-0.09997561570348695
-0.09997561570348695
-0.09997561570348695
-0.09997561570348695
-0.09997561570348695
-0.09997561570348695
-0.09997561570348695
-0.09997561570348695
-0.09997561570348695
-0.09997561570348695
-0.09997561570348695
-0.09997561570348695
-0.09997561570348695
-0.09997561570348695
-0.09997561570348695
-0.09997561570348695
-0.09997561570348695
-0.09997561570348695
-0.09997561570348695
-0.09997561570348695
-0.09997561570348695
-0.09997561570348695
-0.09997561570348695
-0.09997561570348695
-0.09997561570348695
-0.09997561570348695
-0.09997561570348695
-0.09997561570348695
-0.09997561570348695
-0.09997561570348695
-0.09997561570348695
-0.09997561570348695
-0.09997561570348695
-0.09997561570348695
-0.09997561570348695
-0.09997561570348695
-0.09997561570348695
-0.09997561570348695
-0.09997561570348695
-0.09997561570348695
-0.09997561570348695
-0.09997561570348695
-0.09997561570348695
-0.09997561570348695
-0.09997561570348695
-0.09997561570348695
-0.09997561570348695
-0.09997561570348695
-0.09997561570348695
-0.09997561570348695
-0.09997561570348695
-0.09997561570348695
-0.09997561570348695
-0.09997561570348695
-0.09997561570348695
-0.09997561570348695
-0.09997561570348695
-0.09997561570348695
-0.09997561570348695
-0.09997561570348695
-0.09997561570348695
-0.09997561570348695
-0.09997561570348695
-0.09997561570348695
-0.09997561570348695
-0.09997561570348695
-0.09997561570348695
-0.09997561570348695
-0.09997561570348695
-0.09997561570348695
-0.09997561570348695
-0.09997561570348695
-0.09997561570348695
-0.09997561570348695
-0.09997561570348695
-0.09997561570348695
-0.09997561570348695
-0.09997561570348695
-0.09997561570348695
-0.09997561570348695
-0.023749991264714387
0.06439062569373394
0.07187316001311655
0.06450545264891833
0.059077219022185046
0.05169846275313256
0.04005072878903254
0.02681945879554809
0.014215870602077019
0.0016082662491395117
-0.011448049211663924
-0.024500470329007207
-0.037459157296987955
-0.050377398472925605
-0.06301975054216341
-0.07527138920088688
-0.08714291019109183
-0.09852181040854963
-0.10927482270142125
-0.11930856504431014
-0.12853954954498298
-0.1368812711354485
-0.1442589584704554
-0.15065594505090812
-0.15609145930093699
-0.16062341619903092
-0.16434896578588226
-0.1673441915358928
-0.1696288174029083
-0.17113282060705742
-0.1717400152237087
-0.1713565821795366
-0.1699742684315459
-0.16772755605637574
-0.16489156055776005
-0.16180028756911197
-0.15875151243589952
-0.1559643547142992
-0.1535416074152564
-0.1515032143275214
-0.14982583098058772
-0.14844959237855487
-0.14730854644191232
-0.14634439487626633
-0.14550959032520966
-0.14476676998293486
-0.1440885164723777
-0.1434558192822996
-0.14285691573164566
-0.1422880793856937
-0.14174916600227622
-0.14123847075301782
-0.1407571261489306
-0.14030851988579668
-0.1398908295473164
-0.13949899212514388
-0.13913049342846534
-0.13878121773822544
-0.13844449384551444
-0.13811708233567005
-0.13780246587244033
-0.1375068625156794
-0.13723242788483686
-0.13697843941457405
-0.13674284532248787
-0.13651953203553896
-0.13630105961916866
-0.13606444925866729
-0.13579682523986797
-0.13554873653172977
-0.13529822152065213
-0.1350389006803882
-0.13478835019638596
-0.13450540630861457
-0.13421022484241701
-0.13392470552531893
-0.13365645953108002
-0.1334143048188831
-0.1331990274431724
-0.1330037913695547
-0.13282038169675475
-0.13263963707973442
-0.13245276028862513
-0.13225162136689667
-0.13202891358451913
-0.13178655528623023
-0.13154075573924823
-0.1313117330130748
-0.13111031031580905
-0.13093936292615765
-0.13079532654180642
-0.1306628920110668
-0.13051723375340168
-0.1303418187282101
-0.13013912666814992
-0.12991781686267018
-0.12968193946456624
-0.12943751720686375
-0.12919539547148368
-0.12896038316177755
-0.12873039692284566
-0.1285036891952877
-0.12827988891312975
-0.12805894407490687
-0.127840803860296
-0.12762541849530556
-0.12741273929202362
-0.1272027186698858
-0.12699531012484172
-0.12679046819953793
-0.12658814845447836
-0.12638830744012702
-0.12619090266991545
-0.12599589259412086
-0.12580323657458464
-0.12561289486023058
-0.12542482856190235
-0.125238999328471
-0.12505536741129214
-0.1248738900843786
-0.12469452686308985
-0.12451724616222565
-0.12434202055036708
-0.12416882004733049
-0.12399761641519808
-0.12382838338075425
-0.12366108474977361
-0.12349567259113664
-0.12333210192685845
-0.12317033337420019
-0.12301031994544237
-0.12285201499147996
-0.12269538875467129
-0.12254040698466268
-0.12238702671059082
-0.12223525367902338
-0.12208533951840733
-0.12193775469953122
-0.12179246342138222
-0.12164976243563069
-0.12150805921583613
-0.12119790166232021
-0.12095888841782074