-0.049987807851743477
-0.049987807851743477
-0.049987807851743477
-0.049987807851743477
-0.049987807851743477
-0.049987807851743477
-0.049987807851743477
-0.049987807851743477
-0.049987807851743477
-0.049987807851743477
-0.049987807851743477
-0.049987807851743477
-0.049987807851743477
-0.049987807851743477
-0.049987807851743477
-0.049987807851743477
-0.049987807851743477
-0.049987807851743477
-0.049987807851743477
-0.049987807851743477
-0.049987807851743477
-0.049987807851743477
-0.049987807851743477
-0.049987807851743477
-0.049987807851743477
-0.049987807851743477
-0.049987807851743477
-0.049987807851743477
-0.049987807851743477
-0.049987807851743477
-0.049987807851743477
-0.049987807851743477
-0.049987807851743477
-0.049987807851743477
-0.049987807851743477
-0.049987807851743477
-0.049987807851743477
-0.049987807851743477
-0.049987807851743477
-0.049987807851743477
-0.049987807851743477
-0.049987807851743477
-0.049987807851743477
-0.049987807851743477
-0.049987807851743477
-0.049987807851743477
-0.049987807851743477
-0.049987807851743477
-0.049987807851743477
-0.049987807851743477
-0.049987807851743477
-0.049987807851743477
-0.049987807851743477
-0.049987807851743477
-0.049987807851743477
-0.049987807851743477
-0.049987807851743477
-0.049987807851743477
-0.049987807851743477
-0.049987807851743477
-0.049987807851743477
-0.049987807851743477
-0.049987807851743477
-0.049987807851743477
-0.049987807851743477
-0.049987807851743477
-0.049987807851743477
-0.049987807851743477
-0.049987807851743477
-0.049987807851743477
-0.049987807851743477
-0.049987807851743477
-0.049987807851743477
-0.049987807851743477
-0.049987807851743477
-0.049987807851743477
-0.049987807851743477
-0.049987807851743477
-0.049987807851743477
-0.049987807851743477
-0.049987807851743477
-0.049987807851743477
-0.049987807851743477
-0.049987807851743477
-0.049987807851743477
-0.049987807851743477
-0.049987807851743477
-0.049987807851743477
-0.049987807851743477
-0.049987807851743477
-0.049987807851743477
-0.049987807851743477
-0.049987807851743477
-0.049987807851743477
-0.049987807851743477
-0.049987807851743477
-0.049987807851743477
-0.049987807851743477
-0.049987807851743477
-0.049987807851743477
-0.049987807851743477
-0.049987807851743477
-0.049987807851743477
-0.049987807851743477
-0.049987807851743477
-0.049987807851743477
-0.049987807851743477
-0.049987807851743477
-0.049987807851743477
-0.049987807851743477
0.0040056987230746854
0.07215271160796935
0.08200620083786139
0.07487014698392405
0.0696733046007059
0.06260349613285723
0.05137577760709558
0.03864738075516619
0.026723344153310596
0.015013634193696862
0.0030633397082269476
-0.008648346098039966
-0.02009371852396777
-0.03129276199202577
-0.04203907293386819
-0.05223812464687169
-0.06184465751722776
-0.07076695587417056
-0.07894645879176362
-0.08634408799491686
-0.09288689323224172
-0.09851880565095936
-0.10322135549419273
-0.10700839032605122
-0.1099344776269637
-0.1121014350029785
-0.11362124314110786
-0.11457759503285778
-0.11500682103901935
-0.11488666777048004
-0.11416624879895473
-0.11278971055539586
-0.11076161134653836
-0.10819892000073758
-0.10532095726641041
-0.10237393841131978
-0.09956736433973787
-0.09705622775622655
-0.09492331466605905
-0.09316713736538237
-0.09173863663446588
-0.09057640301216094
-0.08961884220821312
-0.08881279437419207
-0.08811599573691217
-0.08749659049375944
-0.08693126416916461
-0.08640391978985693
-0.08590465065691519
-0.085430323084521
-0.08498082729128462
-0.08455475445886182
-0.08415306398220232
-0.08377860834389358
-0.08342988827977613
-0.08310268821215636
-0.08279492297342458
-0.08250316832376334
-0.08222185412111169
-0.08194826996347168
-0.08168532710543938
-0.08143823341328013
-0.08120880153270435
-0.08099643618667238
-0.08079943299907152
-0.08061268621427861
-0.08042999493048028
-0.08023212610173133
-0.08000822971816965
-0.07980067503211871
-0.07959106866924867
-0.07937404986146077
-0.07916438868767314
-0.07892756170610091
-0.07868043235931885
-0.0784413497059244
-0.0782166904212884
-0.07801385441925743
-0.07783351562985394
-0.07766995561962584
-0.07751629747332342
-0.0773648671399507
-0.07720829262190507
-0.0770397581151778
-0.07685312681734222
-0.07664998737822246
-0.07644391983273333
-0.07625188405137437
-0.07608296771489884
-0.07593959474549503
-0.07581879283920087
-0.07570773514331061
-0.07558559295289988
-0.07543847834295289
-0.07526845990042827
-0.07508280015477495
-0.0748848908825401
-0.07467977846349824
-0.07447656833295688
-0.07427930343138997
-0.07408623649210175
-0.073895900578385
-0.07370798477434357
-0.07352244621107748
-0.07333924298253611
-0.07315833403329905
-0.07297967919304457
-0.07280323919550377
-0.07262897565357826
-0.07245685103527097
-0.07228682864039368
-0.07211887257802593
-0.07195294774469693
-0.07178901980326288
-0.07162705516245357
-0.071467020957062
-0.07130888502772856
-0.07115261565028683
-0.07099817990813759
-0.07084554235896065
-0.07069466942325772
-0.07054553499392388
-0.07039811644803426
-0.0702523890023414
-0.07010832932606623
-0.0699659157358665
-0.06982511818721801
-0.06968589673351208
-0.06954821389512042
-0.06941203689360262
-0.06927732652863658
-0.06914404385990378
-0.06901216416620046
-0.06888165893355322
-0.06875249226126631
-0.06862466916446405
-0.06849840178267194
-0.06837408702723377
-0.06825169499651992
-0.06813147737236666
-0.0680121887428706
-0.06775526992936552
-0.06755819632314441