0.024993903925871738
0.024993903925871738
0.024993903925871738
0.024993903925871738
0.024993903925871738
0.024993903925871738
0.024993903925871738
0.024993903925871738
0.024993903925871738
0.024993903925871738
0.024993903925871738
0.024993903925871738
0.024993903925871738
0.024993903925871738
0.024993903925871738
0.024993903925871738
0.024993903925871738
0.024993903925871738
0.024993903925871738
0.024993903925871738
0.024993903925871738
0.024993903925871738
0.024993903925871738
0.024993903925871738
0.024993903925871738
0.024993903925871738
0.024993903925871738
0.024993903925871738
0.024993903925871738
0.024993903925871738
0.024993903925871738
0.024993903925871738
0.024993903925871738
0.024993903925871738
0.024993903925871738
0.024993903925871738
0.024993903925871738
0.024993903925871738
0.024993903925871738
0.024993903925871738
0.024993903925871738
0.024993903925871738
0.024993903925871738
0.024993903925871738
0.024993903925871738
0.024993903925871738
0.024993903925871738
0.024993903925871738
0.024993903925871738
0.024993903925871738
0.024993903925871738
0.024993903925871738
0.024993903925871738
0.024993903925871738
0.024993903925871738
0.024993903925871738
0.024993903925871738
0.024993903925871738
0.024993903925871738
0.024993903925871738
0.024993903925871738
0.024993903925871738
0.024993903925871738
0.024993903925871738
0.024993903925871738
0.024993903925871738
0.024993903925871738
0.024993903925871738
0.024993903925871738
0.024993903925871738
0.024993903925871738
0.024993903925871738
0.024993903925871738
0.024993903925871738
0.024993903925871738
0.024993903925871738
0.024993903925871738
0.024993903925871738
0.024993903925871738
0.024993903925871738
0.024993903925871738
0.024993903925871738
0.024993903925871738
0.024993903925871738
0.024993903925871738
0.024993903925871738
0.024993903925871738
0.024993903925871738
0.024993903925871738
0.024993903925871738
0.024993903925871738
0.024993903925871738
0.024993903925871738
0.024993903925871738
0.024993903925871738
0.024993903925871738
0.024993903925871738
0.024993903925871738
0.024993903925871738
0.024993903925871738
0.024993903925871738
0.024993903925871738
0.024993903925871738
0.024993903925871738
0.024993903925871738
0.024993903925871738
0.024993903925871738
0.024993903925871738
0.024993903925871738
0.024993903925871738
0.10340795859000408
0.16774371214532624
0.13615702611338165
0.10087410093570513
0.06678947832141073
0.03754942315551639
0.01662697351068064
0.004629685010905313
-0.0011829429576355605
-0.0035431218226554956
-0.0038630060634266133
-0.002856110123130709
-0.0007891731400360286
0.0020523894094079814
0.004986188178918813
0.007552923406738618
0.0097137185156677
0.011479502141564554
0.012904225385088827
0.014067982719295533
0.015028372103958562
0.015830145318544972
0.016519575831849917
0.017127561054037108
0.017664813872886306
0.018129744582338944
0.018519961553705486
0.01884449426244038
0.019116887602936825
0.019342159942146595
0.01952524118964448
0.019677672507766072
0.01980785084163504
0.019920545279971322
0.020022169539420695
0.020117174333380103
0.020206053622175077
0.020288661519424864
0.02036539831218008
0.02043700158999505
0.020505007374695502
0.020570828676800254
0.02063458067699385
0.02069578302069351
0.020754329091080312
0.020810342854721484
0.020864043115596406
0.020915943417976188
0.020966609528903377
0.02101564099400076
0.021061880901572114
0.021104859116938254
0.02114471916149839
0.021181607383835552
0.021216235949170756
0.02124981920253298
0.021282941796192376
0.021315612532029946
0.021347839864267013
0.021379489719052
0.02141000455202445
0.021438705995562732
0.0214653686093995
0.021490056743469918
0.021512963558650608
0.021534680155376393
0.021555916918130066
0.021578917922894
0.021604986856594607
0.021629148002781026
0.021653552397278272
0.02167883798337432
0.021703249991630078
0.02173084879013086
0.021759671438056558
0.021787569988386032
0.02181379976125307
0.02183749064036887
0.02185855751281894
0.021877665573165825
0.021895616412092242
0.021913306285521003
0.021931597110701237
0.021951286674730217
0.021973098554038714
0.021996855921432953
0.022020973191875445
0.022043460602590756
0.022063248810598055
0.022080048836387242
0.022094201273966427
0.022107202755114116
0.022121497144871757
0.022138721790585944
0.022158639006506928
0.02218039705686524
0.022203600514761654
0.022227660688091774
0.02225150694618659
0.022274661429270357
0.022297328873429376
0.022319681767074315
0.022341756511280217
0.02236355791321286
0.022385090675291583
0.022406359408116736
0.022427368626094943
0.022448122744880714
0.02246862608400145
0.022488882869401636
0.022508897235909306
0.022528673229623916
0.02254821481022916
0.022567525853239165
0.02258661015217321
0.022605471420664255
0.022624113294505296
0.022642539333631792
0.022660753024047228
0.022678757779687406
0.0226965569442341
0.022714153792872768
0.02273155153399785
0.022748753310868328
0.02276576220321623
0.02278258122880715
0.02279921334495548
0.02281566144999879
0.022831928384725128
0.022848016933763024
0.02286392982693329
0.02287966974055909
0.022895239298739586
0.022910641074590718
0.022925877591447805
0.02294095132403705
0.022955864699615067
0.022970620099074676
0.02298521985802225
0.022999666269730032
0.023013966651497672
0.02304175307003976
0.02306242426002262