0.0
0.0
0.0
0.0
0.0
0.0
0.0
0.0
0.0
0.0
0.0
0.0
0.0
0.0
0.0
0.0
0.0
0.0
0.0
0.0
0.0
0.0
0.0
0.0
0.0
0.0
0.0
0.0
0.0
0.0
0.0
0.0
0.0
0.0
0.0
0.0
0.0
0.0
0.0
0.0
0.0
0.0
0.0
0.0
0.0
0.0
0.0
0.0
0.0
0.0
0.0
0.0
0.0
0.0
0.0
0.0
0.0
0.0
0.0
0.0
0.0
0.0
0.0
0.0
0.0
0.0
0.0
0.0
0.0
0.0
0.0
0.0
0.0
0.0
0.0
0.0
0.0
0.0
0.0
0.0
0.0
0.0
0.0
0.0
0.0
0.0
0.0
0.0
0.0
0.0
0.0
0.0
0.0
0.0
0.0
0.0
0.0
0.0
0.0
0.0
0.0
0.0
0.0
0.0
0.0
0.0
0.0
0.0
0.0
0.0
0.06864496480391669
0.15210330536751826
0.16282684940128078
0.1558280112411945
0.1504414640428744
0.1432205067763208
0.13193553977764738
0.11907527518017846
0.10694448652500577
0.09495725901956531
0.08261171181452243
0.0703756277422416
0.05820203700134141
0.04607565252329304
0.034228952803311063
0.02273825488048309
0.011610029616497819
0.0009331131707019935
-0.009186413986735475
-0.018661083758816144
-0.027418417598610967
-0.035381793145891516
-0.042492769246797346
-0.048725095031879384
-0.05406742760124805
-0.05856360034109098
-0.06231429472559191
-0.06539227428619587
-0.06780675790112545
-0.06950402391565658
-0.07036394615935238
-0.0702670909117431
-0.06917441189841966
-0.06718517138689961
-0.06455399320042421
-0.06160138083005107
-0.058633757607092996
-0.05588857696003613
-0.053494984594744555
-0.05147916303629074
-0.04981345703504392
-0.04845028677623109
-0.04732308412980446
-0.046371435416130424
-0.04554630952622718
-0.044810442193917055
-0.04413643232075959
-0.043505337493567886
-0.04290609617241303
-0.04233619925529286
-0.041796100686974924
-0.04128411741688032
-0.0408014110348347
-0.04035140535301318
-0.03993229792672448
-0.039539030764464744
-0.03916909850020067
-0.038818383806155765
-0.03848019861801211
-0.03815129681998464
-0.03783518404563102
-0.03753811708923305
-0.03726227326030118
-0.03700693716936332
-0.03677005537857525
-0.036545487711959534
-0.036325755383130875
-0.03608774398009329
-0.035818494373414556
-0.035568857822458444
-0.03531673249309675
-0.03505570795341084
-0.03480346510564969
-0.03451856147348442
-0.034221281396324965
-0.033933677648165794
-0.03366342470313821
-0.03341941729441755
-0.03320245952869483
-0.03300567203893401
-0.0328207809013068
-0.0326385534238649
-0.0324501196252962
-0.03224727787454462
-0.03202265277508509
-0.03177817101219249
-0.03153017880159359
-0.03129907704084678
-0.031095796632767403
-0.030923250809796965
-0.030777851155574965
-0.03064414869101073
-0.03049708052207789
-0.03031994849884123
-0.03011524692087786
-0.02989171092320042
-0.029653423693416947
-0.029406464261592546
-0.02916178850183737
-0.028924257548939902
-0.028691768612446822
-0.028462557171973213
-0.02823624947988579
-0.028012794218868375
-0.027792141222507283
-0.027574241340546646
-0.027359046480602167
-0.027146509631166715
-0.026936584831873667
-0.026729227144727474
-0.026524392626265936
-0.026322038300621742
-0.026122122133447334
-0.025924603006671987
-0.025729440694060024
-0.025536595837531095
-0.025346029922731717
-0.025157704951697113
-0.024971581481686655
-0.024787617023590336
-0.02460577133191233
-0.02442601315740589
-0.024248315440051904
-0.024072648514632533
-0.023898984462242367
-0.023727297336235686
-0.023557551103967178
-0.023389697799488296
-0.023223692425430542
-0.023059495635645355
-0.022897060339643893
-0.022736339764877656
-0.022577304262931364
-0.02241991960339984
-0.02226414268281296
-0.022109979874912256
-0.021957687353989286
-0.02180774371021421
-0.021660113329075692
-0.021515098382800524
-0.02137106484791218
-0.021054257702891214
-0.02080977685386432