0.09997561570348695
0.09997561570348695
0.09997561570348695
0.09997561570348695
0.09997561570348695
0.09997561570348695
0.09997561570348695
0.09997561570348695
0.09997561570348695
0.09997561570348695
0.09997561570348695
0.09997561570348695
0.09997561570348695
0.09997561570348695
0.09997561570348695
0.09997561570348695
0.09997561570348695
0.09997561570348695
0.09997561570348695
0.09997561570348695
0.09997561570348695
0.09997561570348695
0.09997561570348695
0.09997561570348695
0.09997561570348695
0.09997561570348695
0.09997561570348695
0.09997561570348695
0.09997561570348695
0.09997561570348695
0.09997561570348695
0.09997561570348695
0.09997561570348695
0.09997561570348695
0.09997561570348695
0.09997561570348695
0.09997561570348695
0.09997561570348695
0.09997561570348695
0.09997561570348695
0.09997561570348695
0.09997561570348695
0.09997561570348695
0.09997561570348695
0.09997561570348695
0.09997561570348695
0.09997561570348695
0.09997561570348695
0.09997561570348695
0.09997561570348695
0.09997561570348695
0.09997561570348695
0.09997561570348695
0.09997561570348695
0.09997561570348695
0.09997561570348695
0.09997561570348695
0.09997561570348695
0.09997561570348695
0.09997561570348695
0.09997561570348695
0.09997561570348695
0.09997561570348695
0.09997561570348695
0.09997561570348695
0.09997561570348695
0.09997561570348695
0.09997561570348695
0.09997561570348695
0.09997561570348695
0.09997561570348695
0.09997561570348695
0.09997561570348695
0.09997561570348695
0.09997561570348695
0.09997561570348695
0.09997561570348695
0.09997561570348695
0.09997561570348695
0.09997561570348695
0.09997561570348695
0.09997561570348695
0.09997561570348695
0.09997561570348695
0.09997561570348695
0.09997561570348695
0.09997561570348695
0.09997561570348695
0.09997561570348695
0.09997561570348695
0.09997561570348695
0.09997561570348695
0.09997561570348695
0.09997561570348695
0.09997561570348695
0.09997561570348695
0.09997561570348695
1.040569201870327
1.0123813980520355
0.986408602034996
0.9891414272012822
0.9897092620709467
0.9893940008677315
0.9881800460606189
0.9841433021472881
0.9755884973255728
0.9644560163454434
0.9625405532814117
0.9528757675869794
0.6541023997677367
0.3725074735238179
0.37014002214076763
0.36022957082809554
0.35335620296934506
0.34748534862032016
0.3396865235748387
0.32790776719390496
0.3144733325646682
0.3016029624820697
0.28868913672152646
0.27520661286657083
0.2615710048741668
0.2476689613058513
0.2334842462091486
0.21920377530038432
0.20482889875830373
0.190368305880052
0.17591412448547045
0.16153195430609973
0.14730419173257897
0.13331354066547724
0.11967876825844631
0.1065143383220088
0.09391875896291041
0.08196468319240408
0.07064842749365913
0.05996383739686978
0.04989361653326879
0.04048127656280748
0.031917799140338265
0.024501928469652545
0.018604698791443608
0.014540494442317475
0.012424804913170051
0.01207936832328288
0.013095658064518678
0.014971654518544264
0.017208884987166717
0.019443867939894444
0.021473991070633802
0.02321791701778947
0.024678109928827963
0.02590034986749762
0.026940658604392043
0.027849678112069343
0.02867107660634488
0.029437798475903276
0.03017361682688552
0.03089250109568059
0.03159630296907151
0.03228030058278092
0.03294062129462455
0.03357122899354209
0.03416349804364488
0.03471788092436284
0.035251608096016296
0.035767565991888295
0.03626077799189792
0.03674135889053515
0.03721395937091859
0.03767203960921245
0.03810433500693339
0.03850630184336662
0.038878318063396866
0.03922312632501773
0.03955045341939817
0.03987267820881252
0.04022839495849778
0.04063948669088763
0.041021606619657314
0.04140091467425261
0.041786745061642205
0.04216062601975151
0.04259418704993395
0.04305366294284502
0.043501055775624964
0.04392267741008554
0.044302529248021416
0.044638367754000485
0.04494125969722601
0.04522492339731693
0.04550495505008095
0.045796601495979805
0.04611417448881733
0.04647070957810179
0.04686331190502763
0.04726417576603653
0.04763820158328341
0.047966219986669
0.04824272629160736
0.04847341705758751
0.04868449839217032
0.04891891732678694
0.04920559434870192
0.04954019112872515
0.04990668122732339
0.05029732087639033
0.05070211793627161
0.051103156773625924
0.051492513976583554
0.05187363326405586
0.05224939783860977
0.05262041811359092
0.05298677797366119
0.05334855941321498
0.053705842756879674
0.05405870659186801
0.05440722773112311
0.05475148126257107
0.05509154059674909
0.05542747751286908
0.05575936220337668
0.0560872633170621
0.0564112480007814
0.05673138193983446
0.05704772939708741
0.057360353254922225
0.05766931556076743
0.057974680742685025
0.058276518203413674
0.058574893635912006
0.05886985800036365
0.05916145541815515
0.059449734266143694
0.059734740056850144
0.06001651512488765
0.060295118368386136
0.06057062820834508
0.06084311819053839
0.06111265265347393
0.06137930861987945
0.061643162526961726
0.061904262803520405
0.06216266542404364
0.06241844068442587
0.0626715768122556
0.06292165197627225
0.06316788203972296
0.06341032379702488
0.06364849425504276
0.06388603297009249
0.06445236194486123
0.06489893345366116