0.1999512314069739
0.1999512314069739
0.1999512314069739
0.1999512314069739
0.1999512314069739
0.1999512314069739
0.1999512314069739
0.1999512314069739
0.1999512314069739
0.1999512314069739
0.1999512314069739
0.1999512314069739
0.1999512314069739
0.1999512314069739
0.1999512314069739
0.1999512314069739
0.1999512314069739
0.1999512314069739
0.1999512314069739
0.1999512314069739
0.1999512314069739
0.1999512314069739
0.1999512314069739
0.1999512314069739
0.1999512314069739
0.1999512314069739
0.1999512314069739
0.1999512314069739
0.1999512314069739
0.1999512314069739
0.1999512314069739
0.1999512314069739
0.1999512314069739
0.1999512314069739
0.1999512314069739
0.1999512314069739
0.1999512314069739
0.1999512314069739
0.1999512314069739
0.1999512314069739
0.1999512314069739
0.1999512314069739
0.1999512314069739
0.1999512314069739
0.1999512314069739
0.1999512314069739
0.1999512314069739
0.1999512314069739
0.1999512314069739
0.1999512314069739
0.1999512314069739
0.1999512314069739
0.1999512314069739
0.1999512314069739
0.1999512314069739
0.1999512314069739
0.1999512314069739
0.1999512314069739
0.1999512314069739
0.1999512314069739
0.1999512314069739
0.1999512314069739
0.1999512314069739
0.1999512314069739
0.1999512314069739
0.1999512314069739
0.1999512314069739
0.1999512314069739
0.1999512314069739
0.1999512314069739
0.1999512314069739
0.1999512314069739
0.1999512314069739
0.1999512314069739
0.1999512314069739
0.1999512314069739
0.1999512314069739
0.1999512314069739
0.1999512314069739
0.1999512314069739
0.1999512314069739
0.1999512314069739
0.1999512314069739
0.1999512314069739
0.1999512314069739
0.1999512314069739
0.1999512314069739
0.1999512314069739
0.1999512314069739
0.1999512314069739
0.1999512314069739
0.1999512314069739
0.1999512314069739
0.1999512314069739
0.1999512314069739
0.1999512314069739
0.1999512314069739
0.1999512314069739
0.1999512314069739
0.1999512314069739
0.1999512314069739
0.1999512314069739
0.1999512314069739
0.1999512314069739
0.1999512314069739
0.1999512314069739
0.1999512314069739
0.1999512314069739
0.1999512314069739
0.3074865284141939
0.423248995914143
0.42532373132661905
0.41546676966442087
0.4087537510763791
0.4030270752700734
0.39523100678424716
0.3832698482887341
0.36974243470265067
0.3569984992313654
0.3443424175727515
0.3312264287090435
0.3181025676548134
0.30482172446533784
0.29137657474272294
0.2779760370307086
0.2646300390984261
0.25136338386378665
0.23830032952238722
0.22547963088360545
0.21295026016011576
0.20081638463996565
0.18919840480526073
0.17822351009081328
0.16797315623490883
0.1584866161964097
0.14976472747471814
0.14177300827356987
0.13446988670882154
0.12788182781107038
0.12215552756259951
0.11752781774974552
0.11426484777934476
0.11257231055004613
0.11247950158952491
0.1137657412633194
0.11603033643361893
0.11880122748173638
0.12165049325486821
0.12429557449255524
0.12660391953170025
0.12854348384692293
0.1301489248868174
0.13148558667152332
0.1326203871819377
0.13360836131708875
0.13449243851906478
0.1353179358344042
0.13610869178566032
0.13686791355889738
0.13759858180574136
0.13829873336468512
0.13896893847054625
0.1396058957277847
0.14020312840833327
0.14076194116321028
0.14128866214087166
0.14178612957442727
0.14225968386674814
0.14271860873646236
0.1431672703941963
0.14360018079525216
0.1440077778187504
0.14438644922329835
0.14473686848748935
0.1450617412681513
0.14536984402578434
0.1456721263822759
0.14600251996102942
0.14638003536327238
0.14673035221865038
0.14708364464775225
0.14744839116543573
0.14780175852630462
0.14820648732999542
0.1486321377223757
0.14904465971714387
0.14943235207488426
0.149782467265965
0.15009386119767398
0.1503763948628255
0.15064193974036877
0.15090374848942634
0.1511745607118441
0.15146616439720206
0.1517891315281673
0.1521406482216675
0.15249720906075337
0.15282951346611184
0.15312185263403844
0.15337003753096645
0.15357926028381141
0.15377178280570536
0.15398364639658257
0.15423882442865666
0.15453372181544756
0.1548557990070697
0.15519918381990772
0.15555511091694674
0.15590781934929054
0.15625032472556544
0.1565856515361438
0.15691633518210135
0.15724291068630236
0.15756544942787476
0.15788402120810996
0.1581986944416499
0.15850953609381413
0.1588166116450268
0.1591199851312569
0.15941971918314912
0.15971587506389795
0.16000851270590644
0.16029769074627687
0.1605834665611815
0.16086589629914883
0.16114503491332755
0.16142093619590703
0.1616936532554537
0.1619632413551474
0.16222976021334634
0.16249326633717842
0.16275380326657085
0.16301140853535923
0.16326612348295277
0.1635179869585518
0.16376703502697587
0.1640133184317899
0.16425690524187686
0.16449785927225935
0.1647362362305279
0.1649721031004433
0.1652055264172193
0.1654365479574923
0.16566521620783703
0.1658915924341321
0.16611566550891144
0.16633706119812863
0.16655508347525572
0.16676978159324196
0.16698072244176465
0.16719089608921844
0.1676868507682846
0.1680769523911495