0.29992684711046086
0.29992684711046086
0.29992684711046086
0.29992684711046086
0.29992684711046086
0.29992684711046086
0.29992684711046086
0.29992684711046086
0.29992684711046086
0.29992684711046086
0.29992684711046086
0.29992684711046086
0.29992684711046086
0.29992684711046086
0.29992684711046086
0.29992684711046086
0.29992684711046086
0.29992684711046086
0.29992684711046086
0.29992684711046086
0.29992684711046086
0.29992684711046086
0.29992684711046086
0.29992684711046086
0.29992684711046086
0.29992684711046086
0.29992684711046086
0.29992684711046086
0.29992684711046086
0.29992684711046086
0.29992684711046086
0.29992684711046086
0.29992684711046086
0.29992684711046086
0.29992684711046086
0.29992684711046086
0.29992684711046086
0.29992684711046086
0.29992684711046086
0.29992684711046086
0.29992684711046086
0.29992684711046086
0.29992684711046086
0.29992684711046086
0.29992684711046086
0.29992684711046086
0.29992684711046086
0.29992684711046086
0.29992684711046086
0.29992684711046086
0.29992684711046086
0.29992684711046086
0.29992684711046086
0.29992684711046086
0.29992684711046086
0.29992684711046086
0.29992684711046086
0.29992684711046086
0.29992684711046086
0.29992684711046086
0.29992684711046086
0.29992684711046086
0.29992684711046086
0.29992684711046086
0.29992684711046086
0.29992684711046086
0.29992684711046086
0.29992684711046086
0.29992684711046086
0.29992684711046086
0.29992684711046086
0.29992684711046086
0.29992684711046086
0.29992684711046086
0.29992684711046086
0.29992684711046086
0.29992684711046086
0.29992684711046086
0.29992684711046086
0.29992684711046086
0.29992684711046086
0.29992684711046086
0.29992684711046086
0.29992684711046086
0.29992684711046086
0.29992684711046086
0.29992684711046086
0.29992684711046086
0.29992684711046086
0.29992684711046086
0.29992684711046086
0.29992684711046086
0.29992684711046086
0.29992684711046086
0.29992684711046086
0.737145661827039
1.1677653683822358
1.1617866263412362
1.1630351953120373
1.1639945484936842
1.1644004837843882
1.1644735384169487
1.1644346930631013
1.164349510033307
1.164288619298149
1.1643050872304304
1.164394349009052
1.163613686662075
0.8463434512074852
0.5142164240234376
0.4811852176291746
0.45777311093508094
0.44829405826656893
0.44213824110473726
0.43695145306689503
0.4297100358441402
0.4183492226870101
0.4055220258488555
0.3936577988089101
0.38209412565618367
0.3702893701431927
0.3586994316030659
0.34715556595312363
0.335727806601859
0.32458649198906847
0.3137147854669274
0.3031637479128409
0.29304651669724674
0.2834317831460296
0.2743637725730526
0.26588944691837996
0.2580990580417913
0.25106885314059385
0.24484049753506537
0.23942522089654977
0.23478109446088796
0.23085122975287203
0.22757107141298177
0.22491978313660504
0.22295515326900156
0.221810073637639
0.22163276057554465
0.22250184274465595
0.2243596702884612
0.22696963480886395
0.23000155087730195
0.2331135513187677
0.23603115541247438
0.2385988283487464
0.24076223054046936
0.24254751789379664
0.2440147906216284
0.24522597037545452
0.24624781007686086
0.24713436886631196
0.24792617865037708
0.24865270168270143
0.2493342266295498
0.24998310778463556
0.2506027851807751
0.25119272698509915
0.251754257016841
0.25228556508893424
0.2527821820900103
0.25324535720073166
0.2536802928737541
0.2540897053123013
0.25447810897550777
0.25485287389262307
0.2552175675068454
0.25556827768406204
0.255898037917963
0.2562043992717669
0.25648812317019837
0.2567514660965358
0.2570012341271977
0.25724575052493065
0.25751073470991354
0.2578105773483384
0.25808872797658583
0.2583698095713534
0.25866091438100486
0.25894241110346466
0.2592604907454706
0.25959254239297486
0.2599139550722101
0.26021612616721984
0.2604890819545596
0.2607318904229777
0.26095221978146094
0.2611593145845806
0.2613635074123242
0.2615747383963221
0.26180221292029043
0.26205421609270046
0.26232860201379077
0.2626070390775069
0.2628666205012114
0.2630950429235724
0.2632890001180626
0.26345250489180244
0.2636029211158382
0.2637684352163861
0.2639678396253545
0.26419835396842856
0.26445017840610846
0.26471873722675704
0.2649971932736686
0.2652732046637139
0.26554128762961754
0.26580380580026103
0.2660627439994315
0.26631851965804093
0.26657118668674445
0.26682079783047313
0.26706740481593166
0.26731105829994367
0.26755180783899474
0.2677897019185263
0.26802478798130364
0.2682571124548952
0.2684867207782922
0.2687136574277014
0.2689379659415401
0.2691596889446622
0.2693788681718539
0.269595544492552
0.26980975828135795
0.2700215516475753
0.2702309702552828
0.27043805730169873
0.27064284582581505
0.2708453641695748
0.2710456437067544
0.2712437138861857
0.2714396019794501
0.2716333468343251
0.27182500099103885
0.272014613690083
0.27220222781217523
0.27238789516454515
0.27257166726666143
0.27275357614967605
0.27293365915303963
0.27311196379739117
0.2732884808834671
0.27346291504889547
0.2736347161756701
0.2738039224113649
0.2739701867010769
0.27413555629329683
0.2745145435592475
0.274810390411155