0.3999024628139478
0.3999024628139478
0.3999024628139478
0.3999024628139478
0.3999024628139478
0.3999024628139478
0.3999024628139478
0.3999024628139478
0.3999024628139478
0.3999024628139478
0.3999024628139478
0.3999024628139478
0.3999024628139478
0.3999024628139478
0.3999024628139478
0.3999024628139478
0.3999024628139478
0.3999024628139478
0.3999024628139478
0.3999024628139478
0.3999024628139478
0.3999024628139478
0.3999024628139478
0.3999024628139478
0.3999024628139478
0.3999024628139478
0.3999024628139478
0.3999024628139478
0.3999024628139478
0.3999024628139478
0.3999024628139478
0.3999024628139478
0.3999024628139478
0.3999024628139478
0.3999024628139478
0.3999024628139478
0.3999024628139478
0.3999024628139478
0.3999024628139478
0.3999024628139478
0.3999024628139478
0.3999024628139478
0.3999024628139478
0.3999024628139478
0.3999024628139478
0.3999024628139478
0.3999024628139478
0.3999024628139478
0.3999024628139478
0.3999024628139478
0.3999024628139478
0.3999024628139478
0.3999024628139478
0.3999024628139478
0.3999024628139478
0.3999024628139478
0.3999024628139478
0.3999024628139478
0.3999024628139478
0.3999024628139478
0.3999024628139478
0.3999024628139478
0.3999024628139478
0.3999024628139478
0.3999024628139478
0.3999024628139478
0.3999024628139478
0.3999024628139478
0.3999024628139478
0.3999024628139478
0.3999024628139478
0.3999024628139478
0.3999024628139478
0.3999024628139478
0.3999024628139478
0.3999024628139478
0.3999024628139478
0.3999024628139478
0.3999024628139478
0.3999024628139478
0.3999024628139478
0.3999024628139478
0.3999024628139478
0.3999024628139478
0.3999024628139478
0.3999024628139478
0.3999024628139478
0.3999024628139478
0.3999024628139478
0.3999024628139478
0.3999024628139478
0.3999024628139478
0.3999024628139478
0.3999024628139478
0.3999024628139478
0.3999024628139478
0.3999024628139478
1.018194796297291
0.9834648916482098
0.9509845239764141
0.9533569864031826
0.9525130029453718
0.9511523358177614
0.9490592717046566
0.9407658455022831
0.9175814015330757
0.859738933756481
0.7476917421288869
0.6037411275812019
0.4861144464835978
0.423683463278994
0.4016097805020761
0.39609040314569643
0.3939665942945265
0.39234082455981634
0.3889372215020379
0.3824730628496109
0.3754418508910393
0.36991170051252675
0.365253660857515
0.36097649658600295
0.35741277939300775
0.35435609187655803
0.35182982420413844
0.3499021975137169
0.34848580196535694
0.3475418489098374
0.34705520123847555
0.346956749287584
0.34719411253248667
0.34774230625370905
0.3485576964606085
0.34959202990347693
0.35080133439994143
0.35213354356397675
0.35353365692658234
0.35495680114959205
0.35637100153049905
0.35778246470761066
0.3592218949851811
0.3607257626917406
0.36232322985435217
0.36402175344435217
0.3658004968363342
0.3675955093442773
0.36932728351711863
0.3709201333704002
0.37231844807796244
0.37350124025410714
0.37447636085452785
0.3752686879741207
0.37591195935634336
0.3764410033726715
0.37688620368320636
0.3772715359097545
0.37761473258512956
0.3779285937521639
0.3782219293472997
0.37850016562526156
0.3787649785848115
0.3790163572847265
0.37925502967677516
0.3794804000722365
0.3796907956713287
0.3798869923311281
0.3800713142061769
0.38024489091324365
0.38040961541410057
0.3805686138190174
0.3807234126121035
0.3808723527451867
0.3810124563549968
0.38114266518660656
0.38126328927118336
0.38137526816251
0.381481485457553
0.38158543603958184
0.3816980911500314
0.38182574922254475
0.3819441540485602
0.38206383043253944
0.38218785479792294
0.38230772097271015
0.382443271226365
0.3825848805629508
0.3827220198766661
0.382851015360292
0.382967581834744
0.38307129264824513
0.38316540999293713
0.3832538744214855
0.38334109834481533
0.38343133103834925
0.3835285120807421
0.38363621039590856
0.3837535479145531
0.3838726971633124
0.3839838346705873
0.38408166957400236
0.38416476285995027
0.384234799343701
0.38429918994311785
0.3843700245889077
0.3844553985718082
0.3845541419697833
0.38466205378375107
0.38477718302242825
0.3848966120267765
0.38501503652201197
0.3851300886024702
0.38524278087339847
0.38535396633359276
0.38546382362118226
0.38557237479375384
0.385679641446784
0.3857856447758763
0.38589040555314447
0.3859939441126643
0.3860962803617427
0.3861974337918459
0.38629742348919627
0.38639626814505124
0.38649398606567664
0.386590595182019
0.3866861130590935
0.38678055690509505
0.386873943580597
0.3869662897548565
0.38705761286726204
0.3871479319232456
0.3872372648993039
0.38732562540490156
0.38741302503198827
0.3874994767055051
0.3875849925378263
0.38766958370132776
0.38775326638325747
0.38783606272793736
0.3879179934815331
0.38799907664581723
0.38807933411308304
0.38815878769607504
0.38823745077221505
0.38831533902560067
0.3883924726381849
0.3884688475228415
0.38854433569596014
0.3886186978814228
0.3886919504063442
0.38876393932678766
0.3888353025793918
0.3889873370198147
0.3891036131477035