0.5500182882223847
0.5500182882223847
0.5500182882223847
0.5500182882223847
0.5500182882223847
0.5500182882223847
0.5500182882223847
0.5500182882223847
0.5500182882223847
0.5500182882223847
0.5500182882223847
0.5500182882223847
0.5500182882223847
0.5500182882223847
0.5500182882223847
0.5500182882223847
0.5500182882223847
0.5500182882223847
0.5500182882223847
0.5500182882223847
0.5500182882223847
0.5500182882223847
0.5500182882223847
0.5500182882223847
0.5500182882223847
0.5500182882223847
0.5500182882223847
0.5500182882223847
0.5500182882223847
0.5500182882223847
0.5500182882223847
0.5500182882223847
0.5500182882223847
0.5500182882223847
0.5500182882223847
0.5500182882223847
0.5500182882223847
0.5500182882223847
0.5500182882223847
0.5500182882223847
0.5500182882223847
0.5500182882223847
0.5500182882223847
0.5500182882223847
0.5500182882223847
0.5500182882223847
0.5500182882223847
0.5500182882223847
0.5500182882223847
0.5500182882223847
0.5500182882223847
0.5500182882223847
0.5500182882223847
0.5500182882223847
0.5500182882223847
0.5500182882223847
0.5500182882223847
0.5500182882223847
0.5500182882223847
0.5500182882223847
0.5500182882223847
0.5500182882223847
0.5500182882223847
0.5500182882223847
0.5500182882223847
0.5500182882223847
0.5500182882223847
0.5500182882223847
0.5500182882223847
0.5500182882223847
0.5500182882223847
0.5500182882223847
0.5500182882223847
0.5500182882223847
0.5500182882223847
0.5500182882223847
0.5500182882223847
0.5500182882223847
0.5500182882223847
0.5500182882223847
0.5500182882223847
0.5500182882223847
0.5500182882223847
0.5500182882223847
0.5500182882223847
0.5500182882223847
0.5500182882223847
0.5500182882223847
0.5500182882223847
0.5500182882223847
0.5500182882223847
0.5500182882223847
0.5500182882223847
0.922049036067168
1.2923616275034269
1.2830887824276636
1.2653588051789497
1.2501385137996988
1.233783282774633
1.2221205056047997
1.219102474219382
1.2159364739709648
1.2128936599856244
1.2048335055763322
1.186785381898047
1.1483005162584123
1.0742063723516062
0.9623367696722772
0.8427200826296537
0.7527901539801549
0.703685493759394
0.6835494099934328
0.6757508137383308
0.6705790299859957
0.6658810826210817
0.6589400052355769
0.6478612336297593
0.6353950715937899
0.6240427882796691
0.6131172693396352
0.6020233590557951
0.5912200705351163
0.5804776759814898
0.5698800149926149
0.5596000051601013
0.5496176330903146
0.5400024737774756
0.5308507101771565
0.5221800814895023
0.514024865869452
0.5064700201962551
0.49957958469216757
0.493402615818916
0.48798945777540426
0.48334111061747675
0.4794034619905383
0.4761030321570434
0.4733915553700605
0.4712486205802251
0.469727939343505
0.4689574890692012
0.4690691315568851
0.4701441752210065
0.4721259891197387
0.47479710999462776
0.477850645683465
0.4809616779202881
0.4838673108477676
0.4864213419860537
0.4885729860454493
0.4903503927246917
0.49181285472414604
0.4930212614170899
0.4940416874451299
0.4949277893488504
0.49571984526031354
0.4964471750558195
0.4971299969807461
0.4977806233055868
0.4984024356973418
0.49899482681588747
0.49955905737716355
0.500093232577631
0.5005929108192402
0.5010596825120213
0.5014989625818767
0.5019132148934005
0.5023065930435227
0.5026863478079089
0.5030560753936024
0.5034117916487619
0.5037464076366329
0.5040574104416407
0.5043455452457617
0.5046130801792597
0.5048669123089105
0.5051154937104925
0.5053849789962102
0.5056900185731736
0.5059730979069585
0.5062592841446598
0.506555771194781
0.5068425963646273
0.5071668232669206
0.507505433260373
0.5078333373875599
0.508141739100624
0.5084204311638549
0.5086684307902907
0.508893543859763
0.5091051992547735
0.5093139501583641
0.5095299601716743
0.5097626534625554
0.5100205229381123
0.5103013939069734
0.5105865149649365
0.51085242344223
0.5110864913747108
0.5112853006369225
0.5114529404693502
0.5116072009111048
0.5117769872677869
0.5119815895544515
0.5122181807867068
0.5124767301202513
0.5127525605004242
0.5130386636872437
0.5133223649916911
0.5135980243755109
0.5138680646153619
0.5141345219355231
0.5143978221939576
0.5146580176054845
0.5149151592907564
0.5151692974245052
0.5154204811789005
0.515668758688745
0.5159141770783076
0.5161567824873363
0.516396620096272
0.5166337341506968
0.5168681679850482
0.5170999640456144
0.5173291639128439
0.5175558083230052
0.5177799371912806
0.5180015899931569
0.5182208080707382
0.5184376365175836
0.5186521179449115
0.5188642845099474
0.5190741635606417
0.5192817856378178
0.5194871793388622
0.5196903710561176
0.5198913992434417
0.5200903166248447
0.5202871725728451
0.5204820099293177
0.5206748808717738
0.5208658373456312
0.5210549111130489
0.5212421395063038
0.5214275704847133
0.5216111930118763
0.5217926982366756
0.5219715119757953
0.5221476718437175
0.5223208150907692
0.5224931538757729
0.522897340770081
0.5232148319453969