0.7001341136308218
0.7001341136308218
0.7001341136308218
0.7001341136308218
0.7001341136308218
0.7001341136308218
0.7001341136308218
0.7001341136308218
0.7001341136308218
0.7001341136308218
0.7001341136308218
0.7001341136308218
0.7001341136308218
0.7001341136308218
0.7001341136308218
0.7001341136308218
0.7001341136308218
0.7001341136308218
0.7001341136308218
0.7001341136308218
0.7001341136308218
0.7001341136308218
0.7001341136308218
0.7001341136308218
0.7001341136308218
0.7001341136308218
0.7001341136308218
0.7001341136308218
0.7001341136308218
0.7001341136308218
0.7001341136308218
0.7001341136308218
0.7001341136308218
0.7001341136308218
0.7001341136308218
0.7001341136308218
0.7001341136308218
0.7001341136308218
0.7001341136308218
0.7001341136308218
0.7001341136308218
0.7001341136308218
0.7001341136308218
0.7001341136308218
0.7001341136308218
0.7001341136308218
0.7001341136308218
0.7001341136308218
0.7001341136308218
0.7001341136308218
0.7001341136308218
0.7001341136308218
0.7001341136308218
0.7001341136308218
0.7001341136308218
0.7001341136308218
0.7001341136308218
0.7001341136308218
0.7001341136308218
0.7001341136308218
0.7001341136308218
0.7001341136308218
0.7001341136308218
0.7001341136308218
0.7001341136308218
0.7001341136308218
0.7001341136308218
0.7001341136308218
0.7001341136308218
0.7001341136308218
0.7001341136308218
0.7001341136308218
0.7001341136308218
0.7001341136308218
0.7001341136308218
0.7001341136308218
0.7001341136308218
0.7001341136308218
0.7001341136308218
0.7001341136308218
0.7001341136308218
0.7001341136308218
0.7001341136308218
0.7001341136308218
0.7001341136308218
0.7001341136308218
0.7001341136308218
0.7001341136308218
0.7001341136308218
0.7001341136308218
0.7001341136308218
1.090614535313951
1.4769970563673094
1.46465407853962
1.4522664954435818
1.4398199075341063
1.4214573103967028
1.406974150589146
1.3975992456012123
1.391308629159334
1.3831707975915468
1.3759614137153342
1.3715493112943145
1.3594053260499634
1.3352045529785947
1.2891690773672346
1.2097229914481222
1.1007519283662957
0.9913560983428253
0.9110378080454885
0.8669715136245186
0.8487488267386626
0.8416634848201797
0.8367149468799214
0.8318878028616224
0.8246772289007059
0.8132925275728696
0.8004813069428852
0.7887735742281407
0.7774519731359489
0.7659221701729008
0.7546160264596183
0.7432782189856019
0.7320355339142633
0.7210395132760857
0.710247029244493
0.6997190029727399
0.6895571714406147
0.6798079431436465
0.6705178771484538
0.6617540505005092
0.6535855966633802
0.6460749232474837
0.6392897601420718
0.6332673472615157
0.627961347900125
0.6233156850669602
0.6192934583596362
0.6158829435963232
0.6131574824829537
0.6112758154074441
0.6104216825654721
0.6107276907175699
0.61217437688948
0.6145379538009544
0.6174774999678018
0.6206184601788726
0.6236353679050762
0.6263321130601661
0.6286324861899261
0.6305411158949966
0.6321073343848881
0.6334115108285981
0.6345240072757611
0.6354919095499197
0.6363591169663242
0.6371577663471711
0.6379100536115588
0.6386293974391276
0.6393191360066307
0.6399780931918667
0.6406072838220646
0.6412041498196744
0.6417632282732598
0.64228602005315
0.6427784865007385
0.6432433824025104
0.6436857024159338
0.6441139733343139
0.6445322489977986
0.6449356366094697
0.6453155436882686
0.6456687740645631
0.6459960090872608
0.6462997667185512
0.6465880846492168
0.6468709422530287
0.6471793130938138
0.6475305869031142
0.6478568257295886
0.6481868705208215
0.6485296157384294
0.6488613345570678
0.6492363342220945
0.649628007252279
0.6500073628089428
0.6503642105254185
0.6506867370708992
0.650973800562736
0.6512344249085519
0.6514795193518891
0.6517212998258363
0.6519715370831659
0.6522411517304788
0.6525399774820134
0.6528654835110509
0.6531959409492941
0.6535041666167628
0.6537755197792595
0.6540060301664833
0.6542004444000357
0.6543794024373132
0.6545764192104254
0.6548138510422133
0.6550884234876312
0.6553885194044188
0.6557087198388712
0.6560408909755363
0.6563703299593854
0.6566904954374525
0.6570041965501824
0.6573137937291736
0.6576197792971111
0.6579222121312099
0.6582211498917857
0.6585166491925761
0.6588087655332838
0.6590975532575326
0.6593830655824376
0.6596653546272758
0.6599444714412875
0.6602204660306462
0.6604933873846205
0.660763283500953
0.6610302014104915
0.6612941872011117
0.6615552860437685
0.6618135426378154
0.662069003897486
0.6623217211411866
0.6625717428252592
0.6628191052614841
0.6630638391925036
0.6633059791059995
0.6635455572506105
0.6637826033441904
0.6640171612063103
0.6642492913253685
0.6644790503169536
0.6647064872289
0.6649316620348026
0.6651546344578522
0.6653754407140949
0.6655941235579131
0.6658107381198052
0.6660252704108295
0.6662373584475819
0.6664463307608978
0.6666522297794181
0.6668546340628815
0.6670564248178662
0.667546806780324
0.6679355236278417