0.8001097293343087
0.8001097293343087
0.8001097293343087
0.8001097293343087
0.8001097293343087
0.8001097293343087
0.8001097293343087
0.8001097293343087
0.8001097293343087
0.8001097293343087
0.8001097293343087
0.8001097293343087
0.8001097293343087
0.8001097293343087
0.8001097293343087
0.8001097293343087
0.8001097293343087
0.8001097293343087
0.8001097293343087
0.8001097293343087
0.8001097293343087
0.8001097293343087
0.8001097293343087
0.8001097293343087
0.8001097293343087
0.8001097293343087
0.8001097293343087
0.8001097293343087
0.8001097293343087
0.8001097293343087
0.8001097293343087
0.8001097293343087
0.8001097293343087
0.8001097293343087
0.8001097293343087
0.8001097293343087
0.8001097293343087
0.8001097293343087
0.8001097293343087
0.8001097293343087
0.8001097293343087
0.8001097293343087
0.8001097293343087
0.8001097293343087
0.8001097293343087
0.8001097293343087
0.8001097293343087
0.8001097293343087
0.8001097293343087
0.8001097293343087
0.8001097293343087
0.8001097293343087
0.8001097293343087
0.8001097293343087
0.8001097293343087
0.8001097293343087
0.8001097293343087
0.8001097293343087
0.8001097293343087
0.8001097293343087
0.8001097293343087
0.8001097293343087
0.8001097293343087
0.8001097293343087
0.8001097293343087
0.8001097293343087
0.8001097293343087
0.8001097293343087
0.8001097293343087
0.8001097293343087
0.8001097293343087
0.8001097293343087
0.8001097293343087
0.8001097293343087
0.8001097293343087
0.8001097293343087
0.8001097293343087
0.8001097293343087
0.8001097293343087
0.8001097293343087
0.8001097293343087
0.8001097293343087
0.8001097293343087
0.8001097293343087
0.8001097293343087
0.8001097293343087
0.8001097293343087
0.8001097293343087
0.8001097293343087
0.8001097293343087
1.6023319436488461
1.5886085964120795
1.5730796818660668
1.5604032188864752
1.5482816989427832
1.5356502297588108
1.519584105046711
1.5071607856231157
1.4952234572592942
1.486881302494543
1.4840395232887322
1.4790128707154298
1.470824740546775
1.4557452218499343
1.4279035764363444
1.3779872465259013
1.2965572332711166
1.190173636373138
1.0866243789398529
1.0114000805332792
0.9700251249772428
0.9529275602769633
0.9464087605616294
0.9417625781577716
0.9370031927829021
0.9297885841643416
0.9183912462706658
0.9055245232335385
0.8937787074346997
0.8824257590524047
0.8708462186403174
0.8594969353034903
0.848099490197513
0.8367688760624579
0.8256381221101241
0.8146647045720843
0.803918541107393
0.7934984958772977
0.7834236688217993
0.7737480691536067
0.764558866537612
0.7559197917412137
0.7478989359537092
0.740571891526673
0.7339678373783023
0.7280660937165002
0.7228230043312609
0.7181925372040914
0.7141846055757084
0.7108775740887145
0.7084307153386253
0.7070476890164044
0.7068983486385398
0.7079973845885272
0.710124968322768
0.7129255015195806
0.7160108085777692
0.719029253186515
0.7217529070279272
0.7240833929604593
0.7260199263395897
0.7276143350563784
0.7289344719153068
0.7300479409287537
0.731025250110638
0.7319116715283058
0.7327294755828382
0.7335015136718661
0.7342415406409242
0.7349527525389152
0.7356336008517792
0.736284880293977
0.7369036336884924
0.7374838325651691
0.7380268368116123
0.7385387743259477
0.7390224147174302
0.7394829251011561
0.7399292526545544
0.7403656253146342
0.7407867846309724
0.7411835313968147
0.7415523826906301
0.7418939789499348
0.7422109234640695
0.7425116971470731
0.7428068857985617
0.7431293888286163
0.7434976976752676
0.7438396804760885
0.7441850032265769
0.7445419295438056
0.744887928716994
0.7452839349185922
0.7457003956711936
0.7461043218486003
0.7464843249013959
0.7468278202858902
0.7471335858949477
0.747411224685204
0.7476723526514879
0.7479299818022789
0.7481966541882927
0.7484840105072761
0.7488025303544685
0.7491495133389312
0.7495017997707645
0.7498304151983828
0.7501197458431592
0.750365550977593
0.7505728919710803
0.7507637838794257
0.7509739673260392
0.7512272805616436
0.7515202363249405
0.7518404549561037
0.7521821614782838
0.752536678373054
0.7528883208057986
0.7532301101307175
0.75356504192105
0.7538956332168933
0.754222408063683
0.7545454280652779
0.7548647535647375
0.7551804438248662
0.755492556955
0.7558011498649464
0.7561062782954091
0.7564079968474939
0.7567063590113314
0.7570014171938448
0.7572932227456894
0.7575818259874023
0.7578672762347802
0.7581496218235373
0.758428910136492
0.7587051880802413
0.7589785049587159
0.7592489148120329
0.7595164686413789
0.7597812044800538
0.7600431544262902
0.7603023546032166
0.7605588387565778
0.7608126379492248
0.7610637983635702
0.7613123840469671
0.7615584549269576
0.7618020628616613
0.7620432714332674
0.7622821439735994
0.7625187186690143
0.7627530407338023
0.7629851686293005
0.7632150866423981
0.7634424060677578
0.7636664067390238
0.7638871331202506
0.7641041348164219
0.7643206719155684
0.7648565400343537
0.7652832238904405