0.9000853450377956
0.9000853450377956
0.9000853450377956
0.9000853450377956
0.9000853450377956
0.9000853450377956
0.9000853450377956
0.9000853450377956
0.9000853450377956
0.9000853450377956
0.9000853450377956
0.9000853450377956
0.9000853450377956
0.9000853450377956
0.9000853450377956
0.9000853450377956
0.9000853450377956
0.9000853450377956
0.9000853450377956
0.9000853450377956
0.9000853450377956
0.9000853450377956
0.9000853450377956
0.9000853450377956
0.9000853450377956
0.9000853450377956
0.9000853450377956
0.9000853450377956
0.9000853450377956
0.9000853450377956
0.9000853450377956
0.9000853450377956
0.9000853450377956
0.9000853450377956
0.9000853450377956
0.9000853450377956
0.9000853450377956
0.9000853450377956
0.9000853450377956
0.9000853450377956
0.9000853450377956
0.9000853450377956
0.9000853450377956
0.9000853450377956
0.9000853450377956
0.9000853450377956
0.9000853450377956
0.9000853450377956
0.9000853450377956
0.9000853450377956
0.9000853450377956
0.9000853450377956
0.9000853450377956
0.9000853450377956
0.9000853450377956
0.9000853450377956
0.9000853450377956
0.9000853450377956
0.9000853450377956
0.9000853450377956
0.9000853450377956
0.9000853450377956
0.9000853450377956
0.9000853450377956
0.9000853450377956
0.9000853450377956
0.9000853450377956
0.9000853450377956
0.9000853450377956
0.9000853450377956
0.9000853450377956
0.9000853450377956
0.9000853450377956
0.9000853450377956
0.9000853450377956
0.9000853450377956
0.9000853450377956
0.9000853450377956
0.9000853450377956
0.9000853450377956
0.9000853450377956
0.9000853450377956
0.9000853450377956
0.9000853450377956
0.9000853450377956
0.9000853450377956
0.9000853450377956
0.9000853450377956
0.9000853450377956
1.2709492996964324
1.6374084158139883
1.6236487173056378
1.6090938099289351
1.5969648830551888
1.5856686332181598
1.5741098416750727
1.5595714291263612
1.5477232978334206
1.5309834947478969
1.5187359395705347
1.5165205380660294
1.511196112656914
1.5025030232750494
1.4866509824815881
1.4576143088546614
1.4059230947335046
1.322160127836573
1.2130050422600842
1.106691161455668
1.0295579899931395
0.9877024929108389
0.971443303786201
0.9664022771425268
0.9631923141102235
0.9597463177627891
0.9538959285025735
0.9440267501335026
0.9329107229987975
0.9231442278216259
0.9140118138748535
0.9049154042341562
0.8962669667767585
0.8877910150705178
0.8796567107028105
0.871949078135314
0.8646071991963856
0.8577093879204708
0.8513183363616798
0.8454489179913117
0.8401325829761875
0.8354086830293804
0.8313004757338359
0.8278208332771765
0.8249863857048522
0.8227724524020325
0.8211282786651136
0.8199809956475109
0.8192665331390355
0.8189591902180903
0.8190814286214915
0.8197135380875787
0.8209598115674287
0.8228740459772591
0.8254011264310274
0.8283613752656495
0.8315025392097756
0.8345726123833727
0.8373766253503648
0.8398058435711852
0.8418309596032395
0.8434868911379884
0.8448370028917226
0.8459514436176098
0.8468927063695696
0.8477100742065261
0.8484397034076442
0.8491080194996471
0.8497335261241626
0.850327604665516
0.8508937043781551
0.8514317153560788
0.851943088964442
0.8524264481196694
0.8528781438480709
0.8532997730758122
0.8536962422529811
0.8540699288946288
0.8544248733910643
0.8547677580631549
0.8551018154305262
0.8554234269899555
0.8557261503228185
0.856007674047374
0.8562686365720494
0.8565110580395024
0.8567411645352748
0.8569665917449126
0.8572110830354528
0.8574880244945394
0.85774513966784
0.8580052243337409
0.8582748106426431
0.8585357209648997
0.8588308401193073
0.8591392532401222
0.8594381036286288
0.8597193505281943
0.8599736426935111
0.8602000363223966
0.8604056223332198
0.8605989898445109
0.860789771942892
0.8609872606088455
0.8612000870082946
0.8614360518159875
0.8616932060525185
0.8619544020947539
0.8621981301884479
0.8624127778556626
0.8625951666137662
0.8627490059139734
0.8628905949158582
0.8630464735215214
0.8632343891222068
0.8634517835381122
0.8636894693574205
0.8639431749597525
0.864206476186265
0.8644677107580315
0.8647216748239278
0.8649705912013755
0.865216331224728
0.8654592833381197
0.8656994916565531
0.8659369994129468
0.8661718490908666
0.8664040823681819
0.8666337400808494
0.8668608622437591
0.8670854880709681
0.8673076559953429
0.8675274036876309
0.8677447680749816
0.8679597853589308
0.8681724910328709
0.8683829198990339
0.8685911060867851
0.8687970834035347
0.8690008874776717
0.8692025575173236
0.8694021305146223
0.869599633812773
0.8697950903426409
0.8699885260732564
0.8701799652264671
0.8703694300249404
0.8705569540026855
0.8707425840931712
0.8709263641951291
0.8711083321913328
0.8712885347703293
0.8714670184979064
0.8716438111443924
0.8718189457513353
0.8719924653898002
0.8721643580344268
0.8723343326748144
0.8725018490517639
0.8726669399359538
0.8728292616760688
0.8729908545365942
0.8733766203965139
0.8736810978906979