1.0000609607412825
1.0000609607412825
1.0000609607412825
1.0000609607412825
1.0000609607412825
1.0000609607412825
1.0000609607412825
1.0000609607412825
1.0000609607412825
1.0000609607412825
1.0000609607412825
1.0000609607412825
1.0000609607412825
1.0000609607412825
1.0000609607412825
1.0000609607412825
1.0000609607412825
1.0000609607412825
1.0000609607412825
1.0000609607412825
1.0000609607412825
1.0000609607412825
1.0000609607412825
1.0000609607412825
1.0000609607412825
1.0000609607412825
1.0000609607412825
1.0000609607412825
1.0000609607412825
1.0000609607412825
1.0000609607412825
1.0000609607412825
1.0000609607412825
1.0000609607412825
1.0000609607412825
1.0000609607412825
1.0000609607412825
1.0000609607412825
1.0000609607412825
1.0000609607412825
1.0000609607412825
1.0000609607412825
1.0000609607412825
1.0000609607412825
1.0000609607412825
1.0000609607412825
1.0000609607412825
1.0000609607412825
1.0000609607412825
1.0000609607412825
1.0000609607412825
1.0000609607412825
1.0000609607412825
1.0000609607412825
1.0000609607412825
1.0000609607412825
1.0000609607412825
1.0000609607412825
1.0000609607412825
1.0000609607412825
1.0000609607412825
1.0000609607412825
1.0000609607412825
1.0000609607412825
1.0000609607412825
1.0000609607412825
1.0000609607412825
1.0000609607412825
1.0000609607412825
1.0000609607412825
1.0000609607412825
1.0000609607412825
1.0000609607412825
1.0000609607412825
1.0000609607412825
1.0000609607412825
1.0000609607412825
1.0000609607412825
1.0000609607412825
1.0000609607412825
1.0000609607412825
1.0000609607412825
1.0000609607412825
1.0000609607412825
1.0000609607412825
1.0000609607412825
1.0000609607412825
1.0000609607412825
1.7722656826656564
1.7587013833687575
1.743935283107224
1.7315639598756947
1.7197760710004928
1.7099471314790533
1.7013706896419307
1.6941182128306256
1.6810180571116673
1.6556910449906255
1.6381849500354637
1.6345810358280466
1.6292989879823345
1.6223248431603672
1.6115063174792863
1.5928573875023657
1.5604042922898376
1.5054245003634918
1.4210436565993234
1.3163073691393468
1.217443371547235
1.1464853463869704
1.1078089256751738
1.0926453726518828
1.0878726700121781
1.0846169008543955
1.0808951687988155
1.074678410024009
1.0643805791920127
1.0527199658506445
1.0423529456228604
1.0325808324320118
1.022761409993544
1.0132854550947323
1.0038857841331916
0.9947428603346187
0.9859625348443737
0.9774763608826351
0.9693501645920304
0.9616664031119395
0.9544096371254949
0.9476220978090035
0.941391535956287
0.9357636649027361
0.9307629891656939
0.926429412270136
0.9227712086647113
0.9197381628657562
0.9172649606873144
0.9152934383581028
0.9138023841132012
0.9128420950864076
0.9125293761275342
0.9129935517130927
0.9143174577776723
0.916473826185217
0.9192671637264778
0.9224079824282998
0.9255895540377792
0.9285517355653656
0.9311472715197753
0.9333382383297217
0.9351469013775033
0.9366254433576029
0.9378477070381424
0.9388809839378278
0.939779449874087
0.9405836285423264
0.9413230448054954
0.9420181039851707
0.9426812367244501
0.9433157893221513
0.9439210347906677
0.9444981582070602
0.9450451049013688
0.9455571950433477
0.9460359492368231
0.9464868429623139
0.9469124492740923
0.9473173335771481
0.9477092094963342
0.9480917699537947
0.9484604613655185
0.9488075346299216
0.9491303355776477
0.9494295912702033
0.9497076186826314
0.949971556500143
0.9502301847678418
0.9505107262286798
0.9508284482768112
0.9511234835957474
0.9514219692566601
0.9517313586328853
0.9520308834331481
0.9523696780612503
0.9527237398794006
0.9530668514243947
0.9533897737462493
0.9536817726390026
0.9539417661999083
0.9541778931357481
0.9544000157944659
0.9546191973878599
0.9548461120530254
0.9550906777428314
0.9553618499695196
0.9556573766032264
0.9559575508201785
0.956237662230647
0.9564843666937888
0.9566940101912884
0.9568708650302895
0.9570336781406903
0.9572129533870797
0.957429077622745
0.9576791090150802
0.9579524954080361
0.9582443276891919
0.9585472152072105
0.9588477514943836
0.9591399568918897
0.959426386427789
0.9597091903936947
0.9599888144908304
0.9602653086395945
0.960538721769594
0.9608091019715062
0.961076496431561
0.9613409513892117
0.9616025121604466
0.9618612231604189
0.9621171279254161
0.9623702691341967
0.962620688628709
0.9628684274342181
0.9631135257788586
0.9633560231126443
0.9635959581283355
0.9638333691670713
0.9640682966879153
0.9643007852891703
0.9645308770262728
0.9647586028515693
0.9649839886499976
0.9652070638179477
0.9654278557493612
0.9656463895561869
0.9658627034119585
0.966076850949972
0.9662888823201303
0.9664988407627826
0.9667067796892201
0.9669127523732373
0.9671167904353206
0.9673189315969761
0.9675192251175817
0.967717656491395
0.9679138891382868
0.9681072992310042
0.9682979237287785
0.9684853680788716
0.9686722144134814
0.9691300631468333
0.9694938040427831