0.09997561570348695
0.09997561570348695
0.09997561570348695
0.09997561570348695
0.09997561570348695
0.09997561570348695
0.09997561570348695
0.09997561570348695
0.09997561570348695
0.09997561570348695
0.09997561570348695
0.09997561570348695
0.09997561570348695
0.09997561570348695
0.09997561570348695
0.09997561570348695
0.09997561570348695
0.09997561570348695
0.09997561570348695
0.09997561570348695
0.09997561570348695
0.09997561570348695
0.09997561570348695
0.09997561570348695
0.09997561570348695
0.09997561570348695
0.09997561570348695
0.09997561570348695
0.09997561570348695
0.09997561570348695
0.09997561570348695
0.09997561570348695
0.09997561570348695
0.09997561570348695
0.09997561570348695
0.09997561570348695
0.09997561570348695
0.09997561570348695
0.09997561570348695
0.09997561570348695
0.09997561570348695
0.09997561570348695
0.09997561570348695
0.09997561570348695
0.09997561570348695
0.09997561570348695
0.09997561570348695
0.09997561570348695
0.09997561570348695
0.09997561570348695
0.09997561570348695
0.09997561570348695
0.09997561570348695
0.09997561570348695
0.09997561570348695
0.09997561570348695
0.09997561570348695
0.09997561570348695
0.09997561570348695
0.09997561570348695
0.09997561570348695
0.09997561570348695
0.09997561570348695
0.09997561570348695
0.09997561570348695
0.09997561570348695
0.09997561570348695
0.09997561570348695
0.09997561570348695
0.09997561570348695
0.09997561570348695
0.09997561570348695
0.09997561570348695
0.09997561570348695
0.09997561570348695
0.09997561570348695
0.09997561570348695
0.09997561570348695
0.09997561570348695
0.09997561570348695
0.09997561570348695
0.09997561570348695
0.09997561570348695
0.09997561570348695
0.09997561570348695
0.09997561570348695
0.09997561570348695
0.09997561570348695
0.09997561570348695
0.09997561570348695
0.09997561570348695
0.09997561570348695
0.09997561570348695
0.09997561570348695
0.09997561570348695
0.09997561570348695
0.09997561570348695
0.09997561570348695
0.09997561570348695
0.09997561570348695
0.09997561570348695
0.09997561570348695
0.09997561570348695
0.09997561570348695
0.09997561570348695
0.09997561570348695
0.09997561570348695
0.09997561570348695
0.09997561570348695
0.09997561570348695
0.20019546998062496
0.2871905000821505
0.2563089194856285
0.22066925292197093
0.18570129467900054
0.1539944510560714
0.12795766961434535
0.1082469798110432
0.09322948543811921
0.08125181672162579
0.07170372514203699
0.06469886067752811
0.06091492370019741
0.06068768110638473
0.06311993952552902
0.06677973307710067
0.07060140224939188
0.0739490809264522
0.07665948128734151
0.07887344227885834
0.08070276525599857
0.0822325795796856
0.0835502080771588
0.0847138934150517
0.08574357445646669
0.08663574440262772
0.0873854128150921
0.08800954869382588
0.0885338691499506
0.08896781075913601
0.0893207227540595
0.08961472501760065
0.08986592843901237
0.0900834936293608
0.09027976760731832
0.09046331827575788
0.09063508692979289
0.09079478283716419
0.09094317108471367
0.09108167177639487
0.09121324965805305
0.09134063170049428
0.09146403671592601
0.09158253290813029
0.09169591123857262
0.09180440892457747
0.091908447650002
0.09200902021973162
0.09210721943795747
0.09220226613246835
0.09229191668125475
0.09237525776416516
0.09245256468742052
0.09252411963305679
0.09259130286562861
0.09265646792747922
0.09272074765450483
0.09278415882017338
0.09284671729087396
0.09290816174237054
0.09296740894531869
0.09302314149496332
0.09307492082496166
0.09312287085671128
0.09316736630957173
0.09320955478994447
0.09325081829696685
0.09329551573565181
0.09334617187287625
0.09339312857416798
0.09344056464608913
0.09348971525577848
0.0935371789847474
0.0935908411398691
0.09364688632611923
0.09370114015790637
0.09375215336605075
0.09379823335752174
0.09383921409456558
0.09387638857729858
0.09391131568660199
0.09394573890361574
0.09398133538542858
0.094019658027161
0.09406211477847254
0.09410836079112789
0.09415530981684966
0.09419908909398605
0.0942376164231788
0.09427032842622646
0.09429788850383541
0.0943232116961274
0.09435105668358762
0.09438461109395074
0.0944234124779148
0.09446580339711946
0.09451101425829694
0.09455789822516397
0.09460436997028981
0.09464949876716972
0.09469368326508792
0.09473725929828486
0.09478029762826118
0.0948228074765724
0.09486479786529939
0.09490627764208254
0.09494725547144428
0.09498773982965497
0.09502773900970846
0.095067261126144
0.09510631411971632
0.09514490576192353
0.09518304365939739
0.09522073525815772
0.09525798784773881
0.09529480856518718
0.09533120439894288
0.09536718219260715
0.09540274864859016
0.09543791033165488
0.09547267367235873
0.0955070449703887
0.09554103039780232
0.09557463600217181
0.09560786770963764
0.0956407313278777
0.09567323254898591
0.09570537695226905
0.0957371700069673
0.09576861707489565
0.09579972341300808
0.09583049417589423
0.09586093441820326
0.09589104909699925
0.0959208430740554
0.0959503211180816
0.09597948790688887
0.09600834802949793
0.09603690598820241
0.09606516621527822
0.09609315310047778
0.0961484423411783
0.09618980092794885