1.1000365764447695
1.1000365764447695
1.1000365764447695
1.1000365764447695
1.1000365764447695
1.1000365764447695
1.1000365764447695
1.1000365764447695
1.1000365764447695
1.1000365764447695
1.1000365764447695
1.1000365764447695
1.1000365764447695
1.1000365764447695
1.1000365764447695
1.1000365764447695
1.1000365764447695
1.1000365764447695
1.1000365764447695
1.1000365764447695
1.1000365764447695
1.1000365764447695
1.1000365764447695
1.1000365764447695
1.1000365764447695
1.1000365764447695
1.1000365764447695
1.1000365764447695
1.1000365764447695
1.1000365764447695
1.1000365764447695
1.1000365764447695
1.1000365764447695
1.1000365764447695
1.1000365764447695
1.1000365764447695
1.1000365764447695
1.1000365764447695
1.1000365764447695
1.1000365764447695
1.1000365764447695
1.1000365764447695
1.1000365764447695
1.1000365764447695
1.1000365764447695
1.1000365764447695
1.1000365764447695
1.1000365764447695
1.1000365764447695
1.1000365764447695
1.1000365764447695
1.1000365764447695
1.1000365764447695
1.1000365764447695
1.1000365764447695
1.1000365764447695
1.1000365764447695
1.1000365764447695
1.1000365764447695
1.1000365764447695
1.1000365764447695
1.1000365764447695
1.1000365764447695
1.1000365764447695
1.1000365764447695
1.1000365764447695
1.1000365764447695
1.1000365764447695
1.1000365764447695
1.1000365764447695
1.1000365764447695
1.1000365764447695
1.1000365764447695
1.1000365764447695
1.1000365764447695
1.1000365764447695
1.1000365764447695
1.1000365764447695
1.1000365764447695
1.1000365764447695
1.1000365764447695
1.1000365764447695
1.1000365764447695
1.1000365764447695
1.1000365764447695
1.1000365764447695
1.1000365764447695
1.4475168920437433
1.7906973120872998
1.7773890631123623
1.7635672048885007
1.752182809810584
1.741705930397485
1.7333749779616339
1.7266009570507697
1.7207659717212827
1.7093473747303287
1.6764479070074352
1.6509331205596007
1.6479657318081742
1.6424774465054996
1.6352005638703422
1.6239536128477532
1.6047546832604547
1.5716298506838529
1.515760212404833
1.4302305720068877
1.324365419311861
1.2250544603988942
1.1549186959988313
1.1183461380034714
1.106080899505081
1.1042614331639102
1.1035287972617087
1.101964459576869
1.097990946359791
1.0903884366744694
1.0818488413703427
1.074875967829987
1.068769322993722
1.062894137854905
1.057570887608482
1.0525341840243332
1.0479465298047892
1.0438539583673019
1.0401762054541424
1.0369680481314436
1.034255091855442
1.031989819023557
1.0301692704213765
1.0288051537965512
1.0278872471256917
1.0274101742051909
1.0273459036569657
1.0276400840369257
1.0282343052498808
1.0290626202289515
1.0300664263124117
1.0312227506056773
1.0325591372824343
1.0341311071873358
1.0360007767946913
1.0382077119166273
1.040710245722675
1.0433885857309066
1.0460809516972578
1.0486064191830513
1.050838641634055
1.0527338588438986
1.0542993427288074
1.0555734810865545
1.0566101512342634
1.0574650070176315
1.0581864687759777
1.0588126731622025
1.059371835897943
1.0598843913510954
1.0603644528213603
1.060820709915859
1.0612557719356182
1.0616695100189828
1.062063006928994
1.0624351700127508
1.0627831422289464
1.0631081111100262
1.0634138313208665
1.0637021076234623
1.0639760317357903
1.0642407518917563
1.0644987655715972
1.0647472729296732
1.0649812760763373
1.0651989675548306
1.065400822809094
1.0655883837763729
1.0657664548043453
1.0659409143240235
1.0661301639750285
1.0663446851307534
1.0665438758106691
1.0667454269986392
1.0669544267562436
1.0671567036657388
1.0673856155557808
1.0676249573570908
1.0678569732444942
1.0680754115452915
1.0682729817457663
1.0684489208433106
1.0686087214462692
1.0687590484169665
1.0689073872869583
1.0690609655375338
1.0692265038882711
1.069410095567255
1.0696102576484812
1.0698136558001252
1.0700035241323853
1.0701707920667873
1.070312956522053
1.070432877370302
1.0705432376238244
1.070664738760902
1.070811253725572
1.070980811186243
1.0711662536131765
1.0713642627382018
1.0715698390520005
1.0717738722914332
1.0719722868782355
1.0721668155264545
1.0723589194292096
1.0725489005990285
1.0727367916994899
1.0729226247611168
1.0731064312835494
1.0732882421896761
1.073468087795459
1.07364599782451
1.0738220014222568
1.0739961271697043
1.0741684030968086
1.0743388566954781
1.0745075149322103
1.0746744042603753
1.0748395506321664
1.075002979511325
1.0751647161458529
1.0753247872509366
1.0754832223986721
1.0756400494669327
1.0757952887825502
1.0759489572277001
1.076101074105197
1.076251657372227
1.0764007234294048
1.076548297604421
1.0766944158202412
1.076839111654742
1.0769824139760287
1.077124358631706
1.0772649814268478
1.0774043033740677
1.0775423496653316
1.077679153478626
1.0778147047375315
1.0779487732511575
1.0780809313883308
1.0782112040956102
1.0783393166155886
1.0784667049631302
1.0787659044459905
1.0790011014020087