1.050048768593026
1.050048768593026
1.050048768593026
1.050048768593026
1.050048768593026
1.050048768593026
1.050048768593026
1.050048768593026
1.050048768593026
1.050048768593026
1.050048768593026
1.050048768593026
1.050048768593026
1.050048768593026
1.050048768593026
1.050048768593026
1.050048768593026
1.050048768593026
1.050048768593026
1.050048768593026
1.050048768593026
1.050048768593026
1.050048768593026
1.050048768593026
1.050048768593026
1.050048768593026
1.050048768593026
1.050048768593026
1.050048768593026
1.050048768593026
1.050048768593026
1.050048768593026
1.050048768593026
1.050048768593026
1.050048768593026
1.050048768593026
1.050048768593026
1.050048768593026
1.050048768593026
1.050048768593026
1.050048768593026
1.050048768593026
1.050048768593026
1.050048768593026
1.050048768593026
1.050048768593026
1.050048768593026
1.050048768593026
1.050048768593026
1.050048768593026
1.050048768593026
1.050048768593026
1.050048768593026
1.050048768593026
1.050048768593026
1.050048768593026
1.050048768593026
1.050048768593026
1.050048768593026
1.050048768593026
1.050048768593026
1.050048768593026
1.050048768593026
1.050048768593026
1.050048768593026
1.050048768593026
1.050048768593026
1.050048768593026
1.050048768593026
1.050048768593026
1.050048768593026
1.050048768593026
1.050048768593026
1.050048768593026
1.050048768593026
1.050048768593026
1.050048768593026
1.050048768593026
1.050048768593026
1.050048768593026
1.050048768593026
1.050048768593026
1.050048768593026
1.050048768593026
1.050048768593026
1.050048768593026
1.050048768593026
1.050048768593026
1.7067953061096093
1.6955562083192897
1.678974374151267
1.6665903745703086
1.6545841203244178
1.6449938953558285
1.636997721617652
1.6305250110881855
1.6191394974364384
1.5880668201953538
1.563784653778696
1.5609824889069681
1.5564166456232875
1.5502488864729083
1.5404952022322245
1.5234855664619438
1.493114415128327
1.4398028197534711
1.3549929672519243
1.2467338149242266
1.143652519082809
1.071301122413749
1.0348609953957484
1.0241659671515575
1.024292329858296
1.0252403721348198
1.0250538609137378
1.0225441419479826
1.016716975305775
1.0101731675761598
1.0053070801993194
1.0014142484824013
0.9978372340301087
0.9948241431568996
0.9921158981361762
0.9898507948786994
0.9880350354247889
0.9865948914604408
0.9855535744720796
0.9848994636519697
0.9845871398420802
0.9845908678938187
0.9848909031885458
0.9854700260496694
0.9862975284459568
0.9873408002847475
0.9885622968251684
0.9899060816544538
0.9913201500310191
0.9927706111322192
0.9942503780566909
0.9957841226624016
0.9974301373589536
0.9992427250005709
1.001241405771982
1.003383842050456
1.005573466326417
1.007710286331153
1.009694397233592
1.0114478122218684
1.0129364330344863
1.0141659578092068
1.0151665553407083
1.0159805695332311
1.0166517373128472
1.01721810678472
1.017709642103283
1.0181485098243543
1.018550762466965
1.0189274875327787
1.0192855153795346
1.019626899262645
1.0199515378929949
1.0202602854229061
1.0205522885272011
1.020825301787959
1.0210802550897675
1.0213200980745198
1.0215462460971514
1.021761122816216
1.021968770815195
1.0221711563091533
1.022366086341075
1.0225496374646186
1.0227203900700208
1.0228787166335738
1.023025823346714
1.0231654773565242
1.0233022744850002
1.023450655289429
1.0236188975413216
1.023775093991894
1.0239331308882278
1.0240970214566123
1.0242555988807154
1.024435074706842
1.0246227428531718
1.0248046682084957
1.0249759507756306
1.025130868605661
1.0252688181820422
1.025394105539302
1.0255119556233234
1.0256282373466732
1.025748617128337
1.0258783637908122
1.0260222607200582
1.0261791561488929
1.0263386002180335
1.0264874436114813
1.0266185712375258
1.0267300173858045
1.0268240154830819
1.0269104993284275
1.027005700301192
1.0271205052608785
1.0272533728165456
1.027398688839468
1.027553853328115
1.0277149511767991
1.027874838358354
1.0280303162338242
1.0281827431050825
1.0283332651182695
1.0284821192686584
1.0286293312600971
1.0287749262979915
1.028918929169519
1.0290613642077124
1.0292022552678244
1.0293416257387964
1.029479498554398
1.029615896204052
1.0297508407433584
1.029884353804321
1.0300164566052876
1.0301471699606193
1.0302765142900894
1.0304045096287027
1.0305311758393136
1.0306565339308307
1.0307806071505405
1.0309034174206753
1.0310249807453564
1.0311453104257557
1.0312644216597393
1.031382328590209
1.0314990441329677
1.0316145881909842
1.0317289889690082
1.031842272834325
1.0319544624567083
1.0320655859719334
1.0321756714887176
1.0322847355212241
1.0323927978510747
1.032499884540469
1.0326059878969431
1.03271092792487
1.0328143697288619
1.032916333106538
1.0330166018458584
1.0331161864287903
1.0333439611226676
1.0335217594713584