1.0000609607412827
1.0000609607412827
1.0000609607412827
1.0000609607412827
1.0000609607412827
1.0000609607412827
1.0000609607412827
1.0000609607412827
1.0000609607412827
1.0000609607412827
1.0000609607412827
1.0000609607412827
1.0000609607412827
1.0000609607412827
1.0000609607412827
1.0000609607412827
1.0000609607412827
1.0000609607412827
1.0000609607412827
1.0000609607412827
1.0000609607412827
1.0000609607412827
1.0000609607412827
1.0000609607412827
1.0000609607412827
1.0000609607412827
1.0000609607412827
1.0000609607412827
1.0000609607412827
1.0000609607412827
1.0000609607412827
1.0000609607412827
1.0000609607412827
1.0000609607412827
1.0000609607412827
1.0000609607412827
1.0000609607412827
1.0000609607412827
1.0000609607412827
1.0000609607412827
1.0000609607412827
1.0000609607412827
1.0000609607412827
1.0000609607412827
1.0000609607412827
1.0000609607412827
1.0000609607412827
1.0000609607412827
1.0000609607412827
1.0000609607412827
1.0000609607412827
1.0000609607412827
1.0000609607412827
1.0000609607412827
1.0000609607412827
1.0000609607412827
1.0000609607412827
1.0000609607412827
1.0000609607412827
1.0000609607412827
1.0000609607412827
1.0000609607412827
1.0000609607412827
1.0000609607412827
1.0000609607412827
1.0000609607412827
1.0000609607412827
1.0000609607412827
1.0000609607412827
1.0000609607412827
1.0000609607412827
1.0000609607412827
1.0000609607412827
1.0000609607412827
1.0000609607412827
1.0000609607412827
1.0000609607412827
1.0000609607412827
1.0000609607412827
1.0000609607412827
1.0000609607412827
1.0000609607412827
1.0000609607412827
1.0000609607412827
1.0000609607412827
1.0000609607412827
1.0000609607412827
1.0000609607412827
1.7420999726631632
1.7287418160276231
1.7128411421063494
1.6994405573925477
1.6861141034964917
1.674140979174286
1.6632014770852757
1.656184104699705
1.6463707223053974
1.6219556821832883
1.603223880151977
1.5996985950067126
1.5945937280639022
1.5878923226193067
1.5775453744536552
1.5597500827953419
1.5283349235256456
1.4739260627367088
1.3886106776047402
1.280644288048539
1.17742871175656
1.103179982611604
1.0631857957394952
1.0484931150010102
1.0452938419167939
1.043626167237894
1.0410561830143787
1.0358861918398456
1.0266214238748597
1.0159127514034607
1.0067573556969456
0.9985222237174602
0.9903799270439329
0.982692807348869
0.9751575826309467
0.9679905616974684
0.9612750621866979
0.9549460775561152
0.9490887660413614
0.9437464678482776
0.9389072116639372
0.9346113357024575
0.9308809420557096
0.9277253038807822
0.9251653319244115
0.92319769490942
0.9218023507766888
0.9209164672582195
0.9204657376985799
0.9203821541337833
0.9206239270703003
0.9212229497067967
0.9222537221091291
0.9237957550536733
0.9258999305426288
0.928516943807763
0.9314743909709267
0.9345500802955067
0.9375271440905004
0.940223451105499
0.9425400242277309
0.9444650592705905
0.9460338765880258
0.9473091782113394
0.9483600760062874
0.949246483235217
0.9500154847809059
0.9507018669705676
0.9513307943795877
0.9519196324629571
0.952479065663687
0.9530123177731629
0.9535192609182201
0.954001242312535
0.9544569441266437
0.9548829016801601
0.9552805982429449
0.9556546452581605
0.956007270327859
0.9563422730459397
0.9566659537066522
0.956981361682961
0.9572850763053327
0.957571004101536
0.9578369513505953
0.9580835113673369
0.9583125829042516
0.9585300426330507
0.9587430960779193
0.9589741928278148
0.9592360253010466
0.9594791376730696
0.9597250950810585
0.959980078940516
0.9602268763489421
0.9605060866819428
0.9607979324638272
0.9610807804408401
0.9613470145609873
0.9615877699682069
0.961802139160379
0.9619968268774091
0.9621799609100157
0.9623606624516816
0.9625477336054911
0.9627493545540198
0.9629729260130804
0.963216615029433
0.9634641779598339
0.9636952219227297
0.9638987274804347
0.964071668396999
0.9642175485249018
0.9643518147871755
0.9644996390114013
0.9646778658009751
0.9648840800742813
0.9651095736767152
0.9653503018215253
0.9656001755947463
0.9658481269428834
0.9660892126391005
0.966325540421191
0.9665588857767393
0.9667896165022578
0.9670177734434937
0.9672433966407488
0.967466525453964
0.9676871985081938
0.9679054536581841
0.9681213280071967
0.9683348579252862
0.9685460790670535
0.9687550263888884
0.968961734165718
0.9691662360072837
0.9693685648739534
0.9695687530920953
0.9697668323706508
0.9699628341339193
0.9701567915607445
0.970348741261094
0.9705387177605094
0.9707267464188238
0.970912848410536
0.9710970478199361
0.9712793670836775
0.971459826746907
0.9716384581447202
0.9718153054010241
0.9719904097729393
0.9721638068046234
0.9723355404547978
0.972505654591868
0.9726741751851151
0.9728411332440328
0.9730065693703012
0.9731704716904661
0.9733325622578752
0.9734923251379108
0.9736497909783843
0.9738046306337254
0.9739587494957906
0.974326934094895
0.9746176063070476