0.9500731528895392
0.9500731528895392
0.9500731528895392
0.9500731528895392
0.9500731528895392
0.9500731528895392
0.9500731528895392
0.9500731528895392
0.9500731528895392
0.9500731528895392
0.9500731528895392
0.9500731528895392
0.9500731528895392
0.9500731528895392
0.9500731528895392
0.9500731528895392
0.9500731528895392
0.9500731528895392
0.9500731528895392
0.9500731528895392
0.9500731528895392
0.9500731528895392
0.9500731528895392
0.9500731528895392
0.9500731528895392
0.9500731528895392
0.9500731528895392
0.9500731528895392
0.9500731528895392
0.9500731528895392
0.9500731528895392
0.9500731528895392
0.9500731528895392
0.9500731528895392
0.9500731528895392
0.9500731528895392
0.9500731528895392
0.9500731528895392
0.9500731528895392
0.9500731528895392
0.9500731528895392
0.9500731528895392
0.9500731528895392
0.9500731528895392
0.9500731528895392
0.9500731528895392
0.9500731528895392
0.9500731528895392
0.9500731528895392
0.9500731528895392
0.9500731528895392
0.9500731528895392
0.9500731528895392
0.9500731528895392
0.9500731528895392
0.9500731528895392
0.9500731528895392
0.9500731528895392
0.9500731528895392
0.9500731528895392
0.9500731528895392
0.9500731528895392
0.9500731528895392
0.9500731528895392
0.9500731528895392
0.9500731528895392
0.9500731528895392
0.9500731528895392
0.9500731528895392
0.9500731528895392
0.9500731528895392
0.9500731528895392
0.9500731528895392
0.9500731528895392
0.9500731528895392
0.9500731528895392
0.9500731528895392
0.9500731528895392
0.9500731528895392
0.9500731528895392
0.9500731528895392
0.9500731528895392
0.9500731528895392
0.9500731528895392
0.9500731528895392
0.9500731528895392
0.9500731528895392
0.9500731528895392
0.9500731528895392
1.2848218219583396
1.6155157417490371
1.6018977116868518
1.5872923493392
1.5747743819481548
1.5629751155228304
1.5544753364246984
1.542376165045924
1.5180218808592794
1.5002575794184345
1.4971453245946635
1.4932381193707562
1.4881273421379844
1.4797625703053985
1.4644048744183036
1.4360008602174645
1.3846781725699595
1.30002723771344
1.187929202954623
1.077871782790334
0.9986443304805158
0.9572816707702076
0.9437623199921485
0.9426637545619085
0.9429696357158386
0.942118855955038
0.9387880023998019
0.9317115412600028
0.9235066092325972
0.9170515958009775
0.9116969197940643
0.9066289032891348
0.9021495566058813
0.8979673802303672
0.8942652467635082
0.8910702685239056
0.8883131341175967
0.886040767102275
0.8842489108373037
0.8828940220508146
0.881968502662984
0.8814600609861429
0.8813458356929977
0.8815990863268153
0.8821899565965496
0.8830685724451139
0.8841667904099546
0.8854211535004921
0.8867801483145785
0.8882232745322505
0.8897744260331357
0.8914895255364097
0.8934206323472116
0.8956038910166548
0.8980056072594034
0.9004893693663873
0.9029096801427039
0.9051522617878971
0.9071306574801359
0.9088079216861125
0.9101916570983064
0.9113166923002913
0.9122312452861656
0.9129848454124907
0.9136204532062002
0.9141718401056587
0.9146639591834511
0.9151148640943962
0.9155370162285064
0.9159380896274782
0.9163204010904831
0.9166838544742857
0.9170294199724884
0.9173561561247225
0.9176615681656937
0.9179467126098546
0.9182148996804858
0.9184677230153804
0.9187079016427713
0.9189399584210445
0.9191660913970867
0.9193838528787468
0.919588866991109
0.9197795558467676
0.9199563424062152
0.9201205809000255
0.9202764819370624
0.9204291851111919
0.9205948021792338
0.920782537375062
0.9209568160809007
0.9211331228499906
0.9213159292982918
0.9214928000368408
0.92169293918774
0.9219021706885531
0.9221049627703828
0.9222958573231705
0.922468486922418
0.9226221896009597
0.9227617700220037
0.9228930535612754
0.9230225795515812
0.9231566589371101
0.9233011569869618
0.9234613923929647
0.9236360716194858
0.9238135556797176
0.9239792123788064
0.9241251314778849
0.924249135033991
0.9243537187301378
0.9244499423847723
0.9245558611675337
0.9246835754627913
0.9248313621362956
0.9249929724367043
0.9251655092535105
0.9253446140468464
0.9255223451569592
0.9256951503798503
0.925864541017978
0.9260317914893899
0.9261971658335375
0.9263606933375981
0.9265224027126948
0.9266823221836609
0.9268404794498324
0.9269969016595019
0.9271516154233261
0.9273046468273443
0.9274560214456244
0.9276057643525519
0.9277539001347661
0.927900452902761
0.9280454463021617
0.9281889035246824
0.9283308473196128
0.9284713002304914
0.9286102860567287
0.9287478310621655
0.9288839600240089
0.9290186911465936
0.9291520396284751
0.9292840227580099
0.9294146566434194
0.9295439560257279
0.9296719433753842
0.9297986503403337
0.9299241065162553
0.9300483373918251
0.9301713744914262
0.9302932492896796
0.9304139804161535
0.9305335901069116
0.9306521075240941
0.9307695244199119
0.9308856419126281
0.9310000899839388
0.9311128909363815
0.9312238066067906
0.9313339970835488
0.9315869511315498
0.931784588094281