0.9000853450377956
0.9000853450377956
0.9000853450377956
0.9000853450377956
0.9000853450377956
0.9000853450377956
0.9000853450377956
0.9000853450377956
0.9000853450377956
0.9000853450377956
0.9000853450377956
0.9000853450377956
0.9000853450377956
0.9000853450377956
0.9000853450377956
0.9000853450377956
0.9000853450377956
0.9000853450377956
0.9000853450377956
0.9000853450377956
0.9000853450377956
0.9000853450377956
0.9000853450377956
0.9000853450377956
0.9000853450377956
0.9000853450377956
0.9000853450377956
0.9000853450377956
0.9000853450377956
0.9000853450377956
0.9000853450377956
0.9000853450377956
0.9000853450377956
0.9000853450377956
0.9000853450377956
0.9000853450377956
0.9000853450377956
0.9000853450377956
0.9000853450377956
0.9000853450377956
0.9000853450377956
0.9000853450377956
0.9000853450377956
0.9000853450377956
0.9000853450377956
0.9000853450377956
0.9000853450377956
0.9000853450377956
0.9000853450377956
0.9000853450377956
0.9000853450377956
0.9000853450377956
0.9000853450377956
0.9000853450377956
0.9000853450377956
0.9000853450377956
0.9000853450377956
0.9000853450377956
0.9000853450377956
0.9000853450377956
0.9000853450377956
0.9000853450377956
0.9000853450377956
0.9000853450377956
0.9000853450377956
0.9000853450377956
0.9000853450377956
0.9000853450377956
0.9000853450377956
0.9000853450377956
0.9000853450377956
0.9000853450377956
0.9000853450377956
0.9000853450377956
0.9000853450377956
0.9000853450377956
0.9000853450377956
0.9000853450377956
0.9000853450377956
0.9000853450377956
0.9000853450377956
0.9000853450377956
0.9000853450377956
0.9000853450377956
0.9000853450377956
0.9000853450377956
0.9000853450377956
0.9000853450377956
0.9000853450377956
0.9000853450377956
1.557489064237898
1.5447313634596687
1.5279050424404765
1.5139196591690176
1.4995283852142487
1.48610972604073
1.4722657265954617
1.4622678573862062
1.4443807418761172
1.43068614047344
1.4290664451233321
1.4247670870476745
1.417501946648599
1.4037347041598829
1.3775152258912167
1.3286662881994589
1.245260976559422
1.1313463000565087
1.0173453482353323
0.934979389300583
0.8925302816543911
0.8793869917609204
0.8792548091979581
0.8804705501046689
0.880312877653887
0.877694969648065
0.8714604709013668
0.8641747979507907
0.8587224743865972
0.8544733344160674
0.8505410701425057
0.8471816678791994
0.8441309641710665
0.8415631057125647
0.8394812022374533
0.8377997797169777
0.8365585927125571
0.8357488870233195
0.8353190162916634
0.8352411189661831
0.8354927033910696
0.8360488858852578
0.8368762751596636
0.8379392375380187
0.8391957891397254
0.8405829644360067
0.8420446961588476
0.843544643784751
0.8450725179585944
0.846651154850843
0.8483394071447862
0.8501902915902161
0.8522136910931423
0.8543664854945653
0.8565599101386497
0.8586943312921514
0.8606712986213824
0.8624147661570959
0.8638923700876916
0.8651110187662973
0.866101565808696
0.8669066020329282
0.8675698223490339
0.8681290999470993
0.868614193456864
0.8690470836377947
0.8694436698961271
0.869814925416463
0.8701676094215071
0.8705037657276039
0.8708233130274953
0.87112710963613
0.8714143328264617
0.8716827907726593
0.8719334142228347
0.872169117093042
0.8723913018166632
0.8726023587322175
0.8728062654888827
0.8730049577700544
0.8731962872674975
0.8733764088392736
0.87354393659956
0.8736992432196812
0.8738435179475036
0.8739804599400435
0.8741145772389759
0.8742600256600862
0.8744249162618832
0.8745779720092363
0.8747327979169991
0.874893333349812
0.8750486307462763
0.875224360738578
0.8754080744468277
0.8755861279041498
0.8757537307218995
0.8759052912165074
0.8760402272356848
0.8761627577931833
0.8762779972624434
0.8763916864109348
0.876509364882622
0.8766361804033261
0.8767768035145532
0.8769301029191131
0.8770858645191463
0.8772312441828173
0.8773592990428468
0.8774681176409534
0.8775598872350213
0.8776443096186634
0.8777372297310794
0.8778492702502608
0.8779789197877738
0.8781206926012511
0.878272046283077
0.8784291579374283
0.8785850585133553
0.8787366300003417
0.8788851986187068
0.8790318829508942
0.8791769149072169
0.8793203203774801
0.8794621247405258
0.8796023529431737
0.8797410294659943
0.879878178301044
0.8800138229637798
0.8801479865046319
0.8802806915202402
0.8804119601643726
0.8805418141585318
0.8806702748022613
0.8807973629831621
0.8809230991866316
0.8810475035059621
0.881170595849394
0.881292397221186
0.8814129307825161
0.8815322183893058
0.8816502761324411
0.881767117463876
0.8818827576649656
0.8819972109801216
0.8821104904496889
0.8822226158821619
0.8823336151260436
0.8824435142278731
0.8825523356283692
0.8826601070530523
0.8827668561835537
0.8828725994408214
0.8829773564001534
0.8830811527142731
0.8831839813209356
0.8832856682124169
0.8833858893617911
0.8834846645279973
0.8835817847473219
0.8836782125951875
0.883896263944686
0.884065934585095