0.8001097293343087
0.8001097293343087
0.8001097293343087
0.8001097293343087
0.8001097293343087
0.8001097293343087
0.8001097293343087
0.8001097293343087
0.8001097293343087
0.8001097293343087
0.8001097293343087
0.8001097293343087
0.8001097293343087
0.8001097293343087
0.8001097293343087
0.8001097293343087
0.8001097293343087
0.8001097293343087
0.8001097293343087
0.8001097293343087
0.8001097293343087
0.8001097293343087
0.8001097293343087
0.8001097293343087
0.8001097293343087
0.8001097293343087
0.8001097293343087
0.8001097293343087
0.8001097293343087
0.8001097293343087
0.8001097293343087
0.8001097293343087
0.8001097293343087
0.8001097293343087
0.8001097293343087
0.8001097293343087
0.8001097293343087
0.8001097293343087
0.8001097293343087
0.8001097293343087
0.8001097293343087
0.8001097293343087
0.8001097293343087
0.8001097293343087
0.8001097293343087
0.8001097293343087
0.8001097293343087
0.8001097293343087
0.8001097293343087
0.8001097293343087
0.8001097293343087
0.8001097293343087
0.8001097293343087
0.8001097293343087
0.8001097293343087
0.8001097293343087
0.8001097293343087
0.8001097293343087
0.8001097293343087
0.8001097293343087
0.8001097293343087
0.8001097293343087
0.8001097293343087
0.8001097293343087
0.8001097293343087
0.8001097293343087
0.8001097293343087
0.8001097293343087
0.8001097293343087
0.8001097293343087
0.8001097293343087
0.8001097293343087
0.8001097293343087
0.8001097293343087
0.8001097293343087
0.8001097293343087
0.8001097293343087
0.8001097293343087
0.8001097293343087
0.8001097293343087
0.8001097293343087
0.8001097293343087
0.8001097293343087
0.8001097293343087
0.8001097293343087
0.8001097293343087
0.8001097293343087
0.8001097293343087
0.8001097293343087
0.8001097293343087
0.8001097293343087
1.122835179588325
1.441878703239534
1.4272532138761975
1.4100554626961557
1.3922960873119712
1.3722004048476202
1.362393387172435
1.3587203109929369
1.3547948419268674
1.3402720414977947
1.3277047450821762
1.3244353818482963
1.3131890092792229
1.2905678971176804
1.2460166421939893
1.1653946932233739
1.0492484367822035
0.9285840998040744
0.8398390942580289
0.7938477588469063
0.7794624865438025
0.7792656324792888
0.7807040878903289
0.7807059786417356
0.7782294764222202
0.772108820226934
0.7648523422860984
0.759488141500585
0.7554185979172752
0.7516829574618709
0.7485193454210606
0.7456634646815019
0.7433086676666238
0.7414348480473336
0.7399577059629197
0.7389260028879339
0.73831659334663
0.7380676357450573
0.7381587839667572
0.7385651608115773
0.7392527848724464
0.7401863818627443
0.7413348375389996
0.7426529645597213
0.7440794453152277
0.7455647219928061
0.7470735890513731
0.7485918544187358
0.7501545013039157
0.7518118724039169
0.7536033323324018
0.7555399211002551
0.757584112569065
0.759663693149818
0.7616843589221427
0.7635533799745196
0.7651995540109897
0.7665931222245692
0.7677413476643118
0.768673893958965
0.7694312801285517
0.7700548937069669
0.7705805223069728
0.7710362435939817
0.7714427754456474
0.7718150921816285
0.772163523354471
0.7724944319361129
0.7728097496784294
0.7731094116932054
0.7733942345306255
0.773663458001393
0.7739150374046952
0.7741498547764316
0.7743706498143814
0.7745787432807669
0.7747763792748932
0.7749672874941604
0.7751532844760909
0.7753323625938193
0.775500926001057
0.7756576818719345
0.7758029833035713
0.7759379461255962
0.7760660333799956
0.7761914600938387
0.7763274655761074
0.7764816425171597
0.776624731909586
0.7767694539113974
0.7769194995305797
0.7770646216525379
0.7772288198896675
0.7774004572674451
0.7775667830103654
0.7777233258763847
0.7778648668116668
0.7779908663793333
0.7781052684270187
0.7782128506846868
0.7783189737141634
0.7784288083679172
0.7785471576376921
0.778678378581316
0.7788214137705063
0.7789667310531059
0.7791023473720851
0.7792217894876192
0.7793232789772537
0.7794088583719214
0.7794875759426756
0.7795742076281471
0.77967865794954
0.7797995140814502
0.7799316567875547
0.7800727128279432
0.7802191174200106
0.7803643745475297
0.7805055788011874
0.7806439670445002
0.7807805823064708
0.780915641231479
0.7810491684732714
0.7811811881935384
0.7813117241359484
0.7814407995947541
0.7815684373945475
0.7816946599018284
0.7818194890362353
0.7819429462814533
0.7820650526958037
0.7821858289225336
0.7823052951998088
0.7824234713704235
0.7825403768912358
0.7826560308428878
0.7827704521223924
0.7828836606340277
0.7829956782757865
0.7831065257216807
0.783216218277379
0.7833247687869858
0.7834321917866724
0.783538500841175
0.7836437083874161
0.7837478331394501
0.7838509012685944
0.7839529372608569
0.7840539622411085
0.7841540022300697
0.7842530831977907
0.7843512206493453
0.7844484330081045
0.7845447443349658
0.7846401483531509
0.7847344839175581
0.7848274506997595
0.7849190674289119
0.7850091404271968
0.7850985356277385
0.7852980012924855
0.7854526302418362