0.7001341136308218
0.7001341136308218
0.7001341136308218
0.7001341136308218
0.7001341136308218
0.7001341136308218
0.7001341136308218
0.7001341136308218
0.7001341136308218
0.7001341136308218
0.7001341136308218
0.7001341136308218
0.7001341136308218
0.7001341136308218
0.7001341136308218
0.7001341136308218
0.7001341136308218
0.7001341136308218
0.7001341136308218
0.7001341136308218
0.7001341136308218
0.7001341136308218
0.7001341136308218
0.7001341136308218
0.7001341136308218
0.7001341136308218
0.7001341136308218
0.7001341136308218
0.7001341136308218
0.7001341136308218
0.7001341136308218
0.7001341136308218
0.7001341136308218
0.7001341136308218
0.7001341136308218
0.7001341136308218
0.7001341136308218
0.7001341136308218
0.7001341136308218
0.7001341136308218
0.7001341136308218
0.7001341136308218
0.7001341136308218
0.7001341136308218
0.7001341136308218
0.7001341136308218
0.7001341136308218
0.7001341136308218
0.7001341136308218
0.7001341136308218
0.7001341136308218
0.7001341136308218
0.7001341136308218
0.7001341136308218
0.7001341136308218
0.7001341136308218
0.7001341136308218
0.7001341136308218
0.7001341136308218
0.7001341136308218
0.7001341136308218
0.7001341136308218
0.7001341136308218
0.7001341136308218
0.7001341136308218
0.7001341136308218
0.7001341136308218
0.7001341136308218
0.7001341136308218
0.7001341136308218
0.7001341136308218
0.7001341136308218
0.7001341136308218
0.7001341136308218
0.7001341136308218
0.7001341136308218
0.7001341136308218
0.7001341136308218
0.7001341136308218
0.7001341136308218
0.7001341136308218
0.7001341136308218
0.7001341136308218
0.7001341136308218
0.7001341136308218
0.7001341136308218
0.7001341136308218
0.7001341136308218
0.7001341136308218
0.7001341136308218
0.7001341136308218
0.7001341136308218
0.7001341136308218
0.9891095473606184
1.2749524451698355
1.2560962268196967
1.2359856791817467
1.2289952291415602
1.2141612035258618
1.2013282312085627
1.1934803110175602
1.1868913693141294
1.185175257377451
1.177496979759048
1.1602485844424117
1.1229304435824239
1.0486816894879354
0.9326784443006964
0.8064198617605682
0.7133642128031403
0.6675378008966976
0.655786587938577
0.6582936340854763
0.6616925447467569
0.6632087635386871
0.6624198791774102
0.6585927030527713
0.6540488922851392
0.651383003003441
0.6499354867537016
0.6487870771375183
0.6480957892266873
0.6476356920770546
0.6475245040400456
0.6477136758685321
0.6481221239510712
0.648762608187797
0.6495953120019647
0.6505708436551129
0.6516698112455722
0.6528690199688728
0.6541485724526034
0.6554879542743132
0.6568759508577379
0.6582890885929719
0.6596885548339894
0.6610475514677855
0.6623456078190383
0.6635872946216862
0.6648052093968618
0.6660427632074971
0.6673415869648859
0.6687278451792532
0.6701902521513431
0.6716769734105376
0.673120493482222
0.674454629238017
0.6756287583774857
0.6766219642189054
0.6774397516811493
0.6781035263434777
0.6786423389419783
0.6790857798674067
0.679459394960728
0.6797832057505037
0.6800719745710605
0.6803363654693156
0.6805837326670073
0.6808186084912146
0.6810423736484122
0.6812549871471666
0.6814570361177562
0.6816479885524037
0.6818263965901593
0.6819928891747801
0.6821494153251332
0.6822969142840342
0.682436978180358
0.68257225472305
0.6827040369163745
0.682830905629546
0.6829503130999689
0.6830613443897903
0.6831642513610218
0.6832598239939264
0.6833505153256135
0.6834393013380006
0.6835355601555552
0.6836447015966914
0.6837459722949796
0.6838483826307521
0.6839545612916139
0.6840572211564327
0.6841733768569059
0.6842947936377007
0.6844124430574062
0.6845231651231009
0.6846232672712763
0.6847123671420662
0.6847932552356263
0.6848693106155838
0.6849443238109062
0.685021950247663
0.6851055842095962
0.6851983079436667
0.685299379000137
0.685402062050806
0.6854978861964528
0.6855822767700345
0.6856539774831457
0.6857144280805468
0.6857700163975843
0.6858311821336497
0.6859049275025345
0.6859902549979363
0.6860835449490658
0.6861831204184122
0.6862864654002955
0.6863889910452906
0.6864886439809442
0.6865862980116487
0.6866826902820614
0.6867779741376129
0.6868721672811503
0.6869652870595612
0.6870573505163312
0.6871483743696339
0.6872383749982761
0.6873273684501017
0.6874153704501506
0.6875023964085821
0.687588461428365
0.6876735803127495
0.6877577675725245
0.6878410374330647
0.6879234038411818
0.6880048804720488
0.688085480864426
0.6881652192596904
0.6882441112988568
0.6883221717566878
0.6883994116197231
0.6884758401338539
0.6885514677334065
0.6886263041643031
0.6887003583699028
0.6887736437065625
0.6888461787781329
0.6889179809960945
0.6889890653953715
0.6890594504518924
0.689129154604505
0.6891981889164839
0.6892665664975256
0.6893343044362105
0.689401398544572
0.6894677357282978
0.6895331048335341
0.6895975193522877
0.6896608427331449
0.6897236227749234
0.6898594019561491
0.6899637250681144