0.5500182882223847
0.5500182882223847
0.5500182882223847
0.5500182882223847
0.5500182882223847
0.5500182882223847
0.5500182882223847
0.5500182882223847
0.5500182882223847
0.5500182882223847
0.5500182882223847
0.5500182882223847
0.5500182882223847
0.5500182882223847
0.5500182882223847
0.5500182882223847
0.5500182882223847
0.5500182882223847
0.5500182882223847
0.5500182882223847
0.5500182882223847
0.5500182882223847
0.5500182882223847
0.5500182882223847
0.5500182882223847
0.5500182882223847
0.5500182882223847
0.5500182882223847
0.5500182882223847
0.5500182882223847
0.5500182882223847
0.5500182882223847
0.5500182882223847
0.5500182882223847
0.5500182882223847
0.5500182882223847
0.5500182882223847
0.5500182882223847
0.5500182882223847
0.5500182882223847
0.5500182882223847
0.5500182882223847
0.5500182882223847
0.5500182882223847
0.5500182882223847
0.5500182882223847
0.5500182882223847
0.5500182882223847
0.5500182882223847
0.5500182882223847
0.5500182882223847
0.5500182882223847
0.5500182882223847
0.5500182882223847
0.5500182882223847
0.5500182882223847
0.5500182882223847
0.5500182882223847
0.5500182882223847
0.5500182882223847
0.5500182882223847
0.5500182882223847
0.5500182882223847
0.5500182882223847
0.5500182882223847
0.5500182882223847
0.5500182882223847
0.5500182882223847
0.5500182882223847
0.5500182882223847
0.5500182882223847
0.5500182882223847
0.5500182882223847
0.5500182882223847
0.5500182882223847
0.5500182882223847
0.5500182882223847
0.5500182882223847
0.5500182882223847
0.5500182882223847
0.5500182882223847
0.5500182882223847
0.5500182882223847
0.5500182882223847
0.5500182882223847
0.5500182882223847
0.5500182882223847
0.5500182882223847
0.5500182882223847
0.5500182882223847
0.5500182882223847
0.5500182882223847
0.5500182882223847
0.5500182882223847
0.5500182882223847
0.8457082086039553
1.1325102341237567
1.1210161749294492
1.0982217221617874
1.0781912226050048
1.0759950593448486
1.0739777064350364
1.072918112913864
1.067901639673907
1.055065374326116
1.0244876347042478
0.9570801393389948
0.8401032437352012
0.7012237026172625
0.5925432983491928
0.5362232101813509
0.5191343499238215
0.5194834911501041
0.5220376270834539
0.522946600526258
0.5214618240967646
0.5165350652222036
0.5105299079992172
0.5065156376727178
0.5039167022598565
0.501667249463547
0.49996711383048487
0.49857148007999497
0.4976418099419566
0.49712266640084524
0.4969229438582137
0.49706189195083494
0.49749900324908514
0.4981689618929117
0.499045105468209
0.5000974594397758
0.5012934994790277
0.5026049446021086
0.5040066892119852
0.5054598286282617
0.5069306709000527
0.5083887341379572
0.5098044090817231
0.5111735058265916
0.5125168279453196
0.5138782236052295
0.51530318303847
0.516819835394712
0.5184152552325614
0.5200325551619973
0.5215984040582446
0.5230417017370654
0.5243088213251945
0.5253784452706514
0.5262576042550933
0.5269701563213909
0.5275478776095643
0.5280228779680751
0.5284227584920531
0.5287690929283904
0.529077759111888
0.5293602109193509
0.5296243397545091
0.5298750077981338
0.5301137062396246
0.530340407485347
0.5305557521431337
0.5307591872576074
0.5309491855068122
0.5311264311471566
0.5312930108545553
0.5314499342124961
0.531598903255543
0.5317427393632794
0.5318828204426875
0.5320176414716951
0.5321445004908743
0.5322624319229465
0.5323717095329665
0.5324731779026144
0.5325694454117649
0.532663674599068
0.5327658151805763
0.5328815953199908
0.5329890050161108
0.5330975969647436
0.5332101612399645
0.533318973222288
0.5334420586915676
0.5335706850039523
0.5336952875737477
0.5338125238549853
0.5339184910885577
0.5340127923473852
0.5340983870786058
0.5341788547541557
0.5342582072988988
0.534340311109653
0.5344287537171764
0.5345267893843917
0.5346336266588452
0.5347421424848049
0.5348433870857989
0.5349325333030648
0.5350082614694864
0.53507209899194
0.5351307957571878
0.53519537426408
0.535273221949566
0.5353632793657823
0.5354617207353582
0.5355667716601582
0.535675774100763
0.5357838872997172
0.5358889475064781
0.5359918775821062
0.5360934555373542
0.5361938437312088
0.5362930615235055
0.5363911278770384
0.536488061413626
0.5365838803917184
0.536678602692287
0.5367722458283475
0.5368648269541993
0.5369563628743887
0.5370468700524094
0.537136364619148
0.5372248623810827
0.5373123788282412
0.5373989291419332
0.5374845282025569
0.5375691907321918
0.5376529321759702
0.5377357694331493
0.5378177184775175
0.5378987912922111
0.5379789980220067
0.5380583500478164
0.5381368580172867
0.5382145317261471
0.538291385587621
0.5383674395030869
0.5384427121076345
0.5385172195305743
0.5385909814930616
0.5386640176614148
0.5387363399612437
0.5388079624510742
0.5388789033430146
0.5389491585515782
0.5390186099867935
0.5390870370157539
0.5391544541971354
0.5392207191786693
0.539286409570296
0.5394274266075346
0.5395355298221467