0.3999024628139478
0.3999024628139478
0.3999024628139478
0.3999024628139478
0.3999024628139478
0.3999024628139478
0.3999024628139478
0.3999024628139478
0.3999024628139478
0.3999024628139478
0.3999024628139478
0.3999024628139478
0.3999024628139478
0.3999024628139478
0.3999024628139478
0.3999024628139478
0.3999024628139478
0.3999024628139478
0.3999024628139478
0.3999024628139478
0.3999024628139478
0.3999024628139478
0.3999024628139478
0.3999024628139478
0.3999024628139478
0.3999024628139478
0.3999024628139478
0.3999024628139478
0.3999024628139478
0.3999024628139478
0.3999024628139478
0.3999024628139478
0.3999024628139478
0.3999024628139478
0.3999024628139478
0.3999024628139478
0.3999024628139478
0.3999024628139478
0.3999024628139478
0.3999024628139478
0.3999024628139478
0.3999024628139478
0.3999024628139478
0.3999024628139478
0.3999024628139478
0.3999024628139478
0.3999024628139478
0.3999024628139478
0.3999024628139478
0.3999024628139478
0.3999024628139478
0.3999024628139478
0.3999024628139478
0.3999024628139478
0.3999024628139478
0.3999024628139478
0.3999024628139478
0.3999024628139478
0.3999024628139478
0.3999024628139478
0.3999024628139478
0.3999024628139478
0.3999024628139478
0.3999024628139478
0.3999024628139478
0.3999024628139478
0.3999024628139478
0.3999024628139478
0.3999024628139478
0.3999024628139478
0.3999024628139478
0.3999024628139478
0.3999024628139478
0.3999024628139478
0.3999024628139478
0.3999024628139478
0.3999024628139478
0.3999024628139478
0.3999024628139478
0.3999024628139478
0.3999024628139478
0.3999024628139478
0.3999024628139478
0.3999024628139478
0.3999024628139478
0.3999024628139478
0.3999024628139478
0.3999024628139478
0.3999024628139478
0.3999024628139478
0.3999024628139478
0.3999024628139478
0.3999024628139478
0.3999024628139478
0.3999024628139478
0.7590443356523964
1.108440411549509
1.0974581426863625
1.0670665815995823
1.0396945505068467
1.0418481357453384
1.0408307055361656
1.0388534208904612
1.0355874293295537
1.0245877534543864
0.9961918092587883
0.931529245771586
0.8161562246417007
0.6752815908849068
0.5611873848547434
0.497910023329748
0.47376725924382856
0.4686151976709152
0.4674429525396633
0.4652703048762963
0.460374079241469
0.4508247308028961
0.4387529470036142
0.4282995605568234
0.41922349551162896
0.4101517321659538
0.40149365766001543
0.39292968174613496
0.3847736215162667
0.37705838206807685
0.36972332824647913
0.36292709635978326
0.356717327500631
0.35109423693078745
0.34613088944490245
0.3418568628852312
0.33829634598102865
0.33545918013184606
0.3333342294593109
0.3318907794627597
0.33104813049590653
0.33072261680426074
0.3308184442756068
0.33127184870021487
0.3321015414148787
0.33335533812228335
0.3350900963682941
0.33733381651958383
0.34001289916699284
0.3429509030051603
0.34593707225379533
0.34876177752750626
0.35125512313642315
0.35335239898016435
0.35507128903697116
0.35646127348446677
0.3575862364144322
0.3585098801752473
0.35928657287860655
0.35995862371568355
0.3605570827786473
0.361104298596165
0.3616156423150312
0.36210057024178943
0.3625620095141626
0.3629999608847856
0.3634156973026059
0.3638081864660554
0.36417454223541834
0.3645161365088685
0.36483701831045834
0.3651391664905905
0.36542588970872036
0.36570262429370204
0.36597201158586246
0.36623115982149446
0.36647490183216447
0.36670140842141863
0.3669112268335175
0.36710600590889686
0.36729076821308504
0.36747163406544003
0.3676676592508523
0.36788963532335406
0.36809555705312236
0.3683036893424092
0.3685193239663962
0.36872781164302615
0.3689635009649368
0.3692096512594121
0.3694479932721644
0.36967214159942974
0.36987467107934546
0.3700548619629471
0.37021838989803935
0.37037210663473874
0.37052367929499863
0.37068048928545116
0.37084937799208917
0.3710365232093473
0.37124036602479715
0.37144729943258326
0.37164028128679116
0.37181014202311835
0.37195439954174003
0.37207600695173126
0.37218785520320163
0.37231092226094087
0.37245922524259245
0.3726307170155605
0.3728181091937006
0.3730180082012311
0.37322533787915213
0.37343090122215616
0.37363060154811145
0.37382619682896556
0.3740191657154639
0.3742098181626987
0.3743981929063771
0.3745843278626413
0.37476826023648324
0.37495002648149156
0.3751296622753706
0.37530720254014294
0.3754826814617329
0.37565613250894603
0.37582758845187203
0.37599708137972665
0.376164642718156
0.37633030324602124
0.3764940931116827
0.3766560418498821
0.37681617865565253
0.37697453405115655
0.37713114125549274
0.3772860316833364
0.37743922917520467
0.37759075407519993
0.37774062902435257
0.37788887524694537
0.37803551234703714
0.37818056861644744
0.3783240826436003
0.37846609058040825
0.37860662383113186
0.37874572052376254
0.378883418617767
0.3790197414742582
0.3791547164505713
0.37928837861735576
0.37942072073707833
0.3795515209374771
0.37968036545033423
0.37980728237586425
0.37993200789240755
0.3800558819021276
0.3803327974417865
0.3805475272849927