0.24993903925871738
0.24993903925871738
0.24993903925871738
0.24993903925871738
0.24993903925871738
0.24993903925871738
0.24993903925871738
0.24993903925871738
0.24993903925871738
0.24993903925871738
0.24993903925871738
0.24993903925871738
0.24993903925871738
0.24993903925871738
0.24993903925871738
0.24993903925871738
0.24993903925871738
0.24993903925871738
0.24993903925871738
0.24993903925871738
0.24993903925871738
0.24993903925871738
0.24993903925871738
0.24993903925871738
0.24993903925871738
0.24993903925871738
0.24993903925871738
0.24993903925871738
0.24993903925871738
0.24993903925871738
0.24993903925871738
0.24993903925871738
0.24993903925871738
0.24993903925871738
0.24993903925871738
0.24993903925871738
0.24993903925871738
0.24993903925871738
0.24993903925871738
0.24993903925871738
0.24993903925871738
0.24993903925871738
0.24993903925871738
0.24993903925871738
0.24993903925871738
0.24993903925871738
0.24993903925871738
0.24993903925871738
0.24993903925871738
0.24993903925871738
0.24993903925871738
0.24993903925871738
0.24993903925871738
0.24993903925871738
0.24993903925871738
0.24993903925871738
0.24993903925871738
0.24993903925871738
0.24993903925871738
0.24993903925871738
0.24993903925871738
0.24993903925871738
0.24993903925871738
0.24993903925871738
0.24993903925871738
0.24993903925871738
0.24993903925871738
0.24993903925871738
0.24993903925871738
0.24993903925871738
0.24993903925871738
0.24993903925871738
0.24993903925871738
0.24993903925871738
0.24993903925871738
0.24993903925871738
0.24993903925871738
0.24993903925871738
0.24993903925871738
0.24993903925871738
0.24993903925871738
0.24993903925871738
0.24993903925871738
0.24993903925871738
0.24993903925871738
0.24993903925871738
0.24993903925871738
0.24993903925871738
0.24993903925871738
0.24993903925871738
0.24993903925871738
0.24993903925871738
0.24993903925871738
0.24993903925871738
0.24993903925871738
0.24993903925871738
0.24993903925871738
0.24993903925871738
0.24993903925871738
0.24993903925871738
0.24993903925871738
0.24993903925871738
0.24993903925871738
0.24993903925871738
0.24993903925871738
0.24993903925871738
0.24993903925871738
0.24993903925871738
0.32790491338427397
0.3803347960289525
0.3322137394538044
0.3042688147744287
0.29896188678302094
0.2984689902348602
0.2969077688740388
0.2926675000338147
0.28377536877433795
0.2721122563903863
0.2622022889709593
0.2539832920738777
0.24588107560405867
0.23828742657801558
0.23086076622283844
0.2239367565022757
0.21755695804402916
0.21165052557519046
0.20635342741958537
0.20171032062018654
0.1977140388282089
0.1943894258948343
0.19173742431835591
0.1897561143010836
0.18843155219875504
0.18773903427924607
0.18761225275103763
0.1879442165552879
0.18863951912659935
0.18960950057035938
0.19079406950593966
0.19220169876746004
0.1938716876273928
0.19584665156660094
0.19814461311784934
0.20071035790874112
0.20339058669672458
0.2059925828600687
0.20837302333945903
0.21044931389324958
0.21219252725812984
0.21361903296615012
0.21477109771287703
0.2157024971375082
0.2164665217450746
0.21710849346807123
0.21766360210008914
0.2181576322587707
0.21860912090380355
0.2190308086331448
0.2194305361232217
0.21981074570002632
0.22017145884836728
0.2205137480174509
0.22083678588708486
0.22113821248747975
0.22141917316424417
0.22168301765376017
0.22193138536124554
0.22216700463756064
0.2223943541851899
0.22261561571723595
0.22282842202003592
0.22302853362064554
0.22321445496037548
0.22338664266292949
0.22354645361009892
0.22369801274699594
0.22384632980208993
0.224007039315106
0.22418903675624322
0.22435782134344193
0.2245283736007971
0.22470505831536722
0.22487581639397577
0.22506883322549717
0.22527039017826475
0.2254655143301035
0.22564898546674458
0.22581472920292164
0.22596216085516949
0.22609593116318946
0.22622164931444586
0.22634558838718796
0.2264737843860106
0.22661182815269174
0.2267647706358383
0.2269313406842389
0.227100417263823
0.2272580721224736
0.2273968175259332
0.22751463168737893
0.22761392612329776
0.22770522393675904
0.22780565635358338
0.22792667288361187
0.2280665984828699
0.22821947418922792
0.22838252582725213
0.2285516110945974
0.228719223768817
0.22888202049914183
0.2290414370059913
0.22919868096149795
0.22935400627396682
0.22950744552371546
0.22965903059129275
0.22980879274695173
0.22995676261885287
0.23010297017409873
0.23024744473616895
0.23039021500181342
0.23053130905742134
0.23067075439488147
0.23080857792695916
0.23094480600220177
0.23107946441938929
0.23121257844155338
0.2313441728102806
0.23147427196807144
0.2316029014128763
0.23173008881357213
0.23185586035444036
0.23198023604660264
0.2321032330420055
0.2322248703434536
0.23234516578803252
0.2324641358766922
0.23258180414171634
0.23269820245465564
0.232813360689012
0.23292730484011578
0.23304006633768357
0.23315167646052512
0.23326215462504582
0.23337152346807052
0.2334798118861928
0.23358701457871142
0.23369295241236884
0.23379729063772622
0.23390005280273649
0.23400102495953487
0.23410119788013603
0.23431836326717667
0.2344852915434677