0.17495732748110215
0.17495732748110215
0.17495732748110215
0.17495732748110215
0.17495732748110215
0.17495732748110215
0.17495732748110215
0.17495732748110215
0.17495732748110215
0.17495732748110215
0.17495732748110215
0.17495732748110215
0.17495732748110215
0.17495732748110215
0.17495732748110215
0.17495732748110215
0.17495732748110215
0.17495732748110215
0.17495732748110215
0.17495732748110215
0.17495732748110215
0.17495732748110215
0.17495732748110215
0.17495732748110215
0.17495732748110215
0.17495732748110215
0.17495732748110215
0.17495732748110215
0.17495732748110215
0.17495732748110215
0.17495732748110215
0.17495732748110215
0.17495732748110215
0.17495732748110215
0.17495732748110215
0.17495732748110215
0.17495732748110215
0.17495732748110215
0.17495732748110215
0.17495732748110215
0.17495732748110215
0.17495732748110215
0.17495732748110215
0.17495732748110215
0.17495732748110215
0.17495732748110215
0.17495732748110215
0.17495732748110215
0.17495732748110215
0.17495732748110215
0.17495732748110215
0.17495732748110215
0.17495732748110215
0.17495732748110215
0.17495732748110215
0.17495732748110215
0.17495732748110215
0.17495732748110215
0.17495732748110215
0.17495732748110215
0.17495732748110215
0.17495732748110215
0.17495732748110215
0.17495732748110215
0.17495732748110215
0.17495732748110215
0.17495732748110215
0.17495732748110215
0.17495732748110215
0.17495732748110215
0.17495732748110215
0.17495732748110215
0.17495732748110215
0.17495732748110215
0.17495732748110215
0.17495732748110215
0.17495732748110215
0.17495732748110215
0.17495732748110215
0.17495732748110215
0.17495732748110215
0.17495732748110215
0.17495732748110215
0.17495732748110215
0.17495732748110215
0.17495732748110215
0.17495732748110215
0.17495732748110215
0.17495732748110215
0.17495732748110215
0.17495732748110215
0.17495732748110215
0.17495732748110215
0.17495732748110215
0.17495732748110215
0.17495732748110215
0.17495732748110215
0.17495732748110215
0.17495732748110215
0.17495732748110215
0.17495732748110215
0.17495732748110215
0.17495732748110215
0.17495732748110215
0.17495732748110215
0.3941886973050578
0.3900764552411914
0.38596421317732504
0.38185197111345864
0.38859694918417453
0.38448470712030813
0.3544389849369398
0.3189629010907971
0.2828304242860762
0.24915913238615006
0.22004585810663635
0.19678285883752744
0.17921504583887515
0.16550859758334935
0.15417469707467013
0.14495871770201407
0.13825852300519692
0.1347886886725741
0.13478435864097127
0.13730874894686773
0.1409928603957774
0.14482657495870355
0.14819090199544804
0.15092309030866302
0.1531595624765415
0.15501288825235948
0.15656729464810482
0.15790957984421283
0.1590977864484916
0.1601513646054381
0.16106594961788268
0.16183571530143837
0.16247748878308632
0.16301727141770372
0.16346446058054231
0.16382845562769421
0.16413190596658722
0.1643913372567546
0.16461614609876152
0.16481904947598236
0.16500888041516226
0.16518659691800897
0.16535188456559113
0.16550552251357764
0.16564897046861604
0.16578529103839867
0.16591730409024652
0.16604523261484994
0.16616810698820206
0.1662857063826667
0.16639827287097553
0.16650624042678863
0.16661063645384455
0.1667125930476664
0.16681129907466363
0.1669044217389256
0.1669910086791292
0.16707134210601227
0.1671457119375036
0.1672155501463649
0.16728330155694804
0.16735014312892005
0.1674160919051254
0.16748116397813362
0.16754508700539128
0.16760673326437903
0.16766473080638844
0.1677186217109966
0.16776853341275888
0.1678148546693431
0.16785877920920889
0.16790174556954873
0.1679482929204753
0.16800105118574382
0.1680499625086015
0.16809938007649616
0.16815058903783242
0.16820004742132244
0.168255971674513
0.16831438720137715
0.16837094355598337
0.16842412884505664
0.16847217686887717
0.16851491276893593
0.16855368345917954
0.1685901138402447
0.1686260220416974
0.1686631576519234
0.16870314128764796
0.1687474429035375
0.16879570384849696
0.16884470416586017
0.16889040155898083
0.16893062122926794
0.1689647733701073
0.16899354924134025
0.1690199917399181
0.16904906980736978
0.1690841129458528
0.16912463962522162
0.1691689202152301
0.16921615197467899
0.16926513759140283
0.1693136985899012
0.16936086219375734
0.16940704460153355
0.16945259653091138
0.16949759174644574
0.1695420397057198
0.16958594966370677
0.1696293306987412
0.16967219170325343
0.1697145413782074
0.16975638823811534
0.1697977406158987
0.1698386066676013
0.16987899437695597
0.16991891155981198
0.16995836586843216
0.16999736479565752
0.17003591567894583
0.17007402570429375
0.17011170191004188
0.1701489511905615
0.17018578029983844
0.17022219585495202
0.17025820433945016
0.17029381210662675
0.17032902538270578
0.17036385026993217
0.17039829274957385
0.17043235868484208
0.1704660538237247
0.17049938380173868
0.17053235414460788
0.17056497027086637
0.17059723749438616
0.17062916102683656
0.17066074598007608
0.17069199736847585
0.17072292011118095
0.17075351903431135
0.17078379887310147
0.17081376427399364
0.17084341981388407
0.1708727923282124
0.17093117752949624
0.17097494109004993