0.09997561570348695
0.09997561570348695
0.09997561570348695
0.09997561570348695
0.09997561570348695
0.09997561570348695
0.09997561570348695
0.09997561570348695
0.09997561570348695
0.09997561570348695
0.09997561570348695
0.09997561570348695
0.09997561570348695
0.09997561570348695
0.09997561570348695
0.09997561570348695
0.09997561570348695
0.09997561570348695
0.09997561570348695
0.09997561570348695
0.09997561570348695
0.09997561570348695
0.09997561570348695
0.09997561570348695
0.09997561570348695
0.09997561570348695
0.09997561570348695
0.09997561570348695
0.09997561570348695
0.09997561570348695
0.09997561570348695
0.09997561570348695
0.09997561570348695
0.09997561570348695
0.09997561570348695
0.09997561570348695
0.09997561570348695
0.09997561570348695
0.09997561570348695
0.09997561570348695
0.09997561570348695
0.09997561570348695
0.09997561570348695
0.09997561570348695
0.09997561570348695
0.09997561570348695
0.09997561570348695
0.09997561570348695
0.09997561570348695
0.09997561570348695
0.09997561570348695
0.09997561570348695
0.09997561570348695
0.09997561570348695
0.09997561570348695
0.09997561570348695
0.09997561570348695
0.09997561570348695
0.09997561570348695
0.09997561570348695
0.09997561570348695
0.09997561570348695
0.09997561570348695
0.09997561570348695
0.09997561570348695
0.09997561570348695
0.09997561570348695
0.09997561570348695
0.09997561570348695
0.09997561570348695
0.09997561570348695
0.09997561570348695
0.09997561570348695
0.09997561570348695
0.09997561570348695
0.09997561570348695
0.09997561570348695
0.09997561570348695
0.09997561570348695
0.09997561570348695
0.09997561570348695
0.09997561570348695
0.09997561570348695
0.09997561570348695
0.09997561570348695
0.09997561570348695
0.09997561570348695
0.09997561570348695
0.09997561570348695
0.09997561570348695
0.09997561570348695
0.09997561570348695
0.09997561570348695
0.09997561570348695
0.09997561570348695
0.09997561570348695
0.09997561570348695
0.09997561570348695
0.09997561570348695
0.09997561570348695
0.09997561570348695
0.09997561570348695
0.09997561570348695
0.09997561570348695
0.09997561570348695
0.09997561570348695
0.09997561570348695
0.09997561570348695
0.09997561570348695
0.16477666069379765
0.23395369760768642
0.23221023771331367
0.22552178907570225
0.22396465176820096
0.22156872351796236
0.21658409517820626
0.2067505370734241
0.193428750567115
0.1813189292743928
0.17067482940924744
0.1598418872230411
0.14920155049813272
0.13837105322346516
0.12769825763830694
0.11721945373449433
0.10688579176625973
0.09689945395113447
0.08733624769707776
0.07824461172917213
0.0697262590035323
0.06186111005735001
0.05474391202053125
0.04845970474607858
0.04308615539320554
0.03864802138291695
0.035089362762086906
0.032319793433370936
0.0302436238576011
0.02880511585148765
0.028032335084701987
0.02801077573328231
0.028822545513709164
0.03050621763689504
0.032972545874387416
0.03597883258738749
0.03920983014461615
0.04236438330286102
0.04522722193022538
0.047685152234274886
0.04971679691988523
0.05136286933111073
0.05269182693587421
0.053780412532693445
0.054694035097296145
0.05548326549393939
0.0561850552513396
0.056825911739266155
0.05742402464475743
0.057990575743701755
0.05852908084960168
0.05903963177506982
0.05952379114446188
0.05998043253713664
0.06040628437328083
0.06080302175037472
0.061175409196116026
0.06152579808316222
0.06185807082129319
0.06217855379826126
0.06249031853459547
0.06279003553049506
0.06307176035748924
0.0633334145132673
0.06357566379527307
0.06380044409515578
0.06401357354720666
0.06422213933911397
0.06444809095734078
0.06470376937173089
0.06494085915794695
0.06518036208955985
0.0654283681260725
0.06566806366327466
0.06593886060899073
0.06622149136443228
0.06649498664005854
0.06675204041744326
0.06698417723386901
0.06719061558712708
0.06737788939589867
0.06755386512047762
0.06772732748900351
0.06790672095575084
0.06809985873665342
0.06831377503607822
0.06854664960013274
0.06878291912801199
0.0690031410311151
0.06919688593905432
0.0693613623301878
0.0694999760508081
0.06962744560893736
0.0697676693130464
0.06993658212938975
0.07013181830224408
0.07034505566646393
0.07057240822575078
0.07080808317782011
0.07104162537303166
0.07126839086506015
0.0714903840537015
0.07170928797470383
0.07192545809072198
0.07213894200254728
0.07234978625971772
0.07255803648756304
0.07276373734569169
0.07296693250435643
0.07316766467128616
0.07336597561765362
0.07356190620321529
0.07375549640065054
0.07394678531913174
0.07413581122715568
0.07432261157465708
0.07450722301444118
0.07468968142432336
0.074870022219164
0.07504828222859133
0.07522450123309271
0.07539871689727734
0.07557095829495081
0.07574125050933483
0.07590962114428906
0.076076096153125
0.07624069961867525
0.07640346531682857
0.07656443849701672
0.0767236615933315
0.07688117164640923
0.07703701315550399
0.07719123034694592
0.07734385103833036
0.07749490746579107
0.07764444041404056
0.07779244321947226
0.07793866934294774
0.0780826584264433
0.07822444391137479
0.07836373435455263
0.07850208174692147
0.07880848489962627
0.07904542130884022