0.0
0.0
0.0
0.0
0.0
0.0
0.0
0.0
0.0
0.0
0.0
0.0
0.0
0.0
0.0
0.0
0.0
0.0
0.0
0.0
0.0
0.0
0.0
0.0
0.0
0.0
0.0
0.0
0.0
0.0
0.0
0.0
0.0
0.0
0.0
0.0
0.0
0.0
0.0
0.0
0.0
0.0
0.0
0.0
0.0
0.0
0.0
0.0
0.0
0.0
0.0
0.0
0.0
0.0
0.0
0.0
0.0
0.0
0.0
0.0
0.0
0.0
0.0
0.0
0.0
0.0
0.0
0.0
0.0
0.0
0.0
0.0
0.0
0.0
0.0
0.0
0.0
0.0
0.0
0.0
0.0
0.0
0.0
0.0
0.0
0.0
0.0
0.0
0.0
0.0
0.0
0.0
0.0
0.0
0.0
0.0
0.0
0.0
0.0
0.0
0.0
0.0
0.0
0.0
0.0
0.0
0.0
0.0
0.0
0.0
0.04243741266081402
0.1042403114127941
0.12290603070932438
0.12132555687295166
0.11919347644436717
0.11455793700345507
0.10512293124599936
0.09209081668030872
0.08003950447114927
0.06942330062873658
0.0587009296609573
0.04816502203716988
0.037439915392928125
0.026884974158224217
0.016516011097902572
0.006288621101135261
-0.003582874349329801
-0.013006899397845828
-0.021949682392796488
-0.030304761752607767
-0.03796965202125113
-0.044861449965316824
-0.05087438550921508
-0.055949471478075496
-0.060086961174179665
-0.0633222059280365
-0.06575070384451998
-0.06748921570993471
-0.06859269944549196
-0.06904066163901823
-0.06877765743567332
-0.06773348613202179
-0.06587313408208084
-0.06329421650808875
-0.060246689360485384
-0.05703364519664644
-0.05393722361888997
-0.05115656658444845
-0.04878746922277921
-0.04684767469505946
-0.045286387517346594
-0.0440275160806709
-0.04299708855792428
-0.0421328044975926
-0.04138658636551806
-0.04072334956270174
-0.04011795024271825
-0.03955314494726858
-0.039018332751396656
-0.0385101643638559
-0.038028528982352316
-0.0375719277689357
-0.037141399643825235
-0.0367400092162824
-0.03636615771169005
-0.03601533586266914
-0.0356853142972553
-0.0353724255481942
-0.035070701969957874
-0.034777242807832565
-0.0344951750000031
-0.0342300869935821
-0.033983926553362576
-0.03375605878269283
-0.03354465670908802
-0.03334424343755327
-0.03314815840071672
-0.03293576305191381
-0.03269543713765266
-0.03247262612845825
-0.03224758994931687
-0.032014588359029705
-0.031789449258963653
-0.0315351292479229
-0.03126973286422041
-0.031012958315227213
-0.030771657928325702
-0.030553781261938973
-0.030360054259681135
-0.030184337452073162
-0.030019244943736645
-0.029856532904902533
-0.02968828032479154
-0.02950716201164738
-0.029306583923097485
-0.029088255183871148
-0.02886677027242035
-0.028660355838339147
-0.028478781510200335
-0.02832465558109387
-0.028194782457578338
-0.02807537062041998
-0.02794402865202006
-0.027785828293864778
-0.02760299183223136
-0.027403323136713453
-0.027190467100183913
-0.0269698503983391
-0.026751263777990086
-0.02653905449962979
-0.026331344268602397
-0.02612655620035831
-0.025924356468319143
-0.025724699478196555
-0.025527540654453063
-0.02533283632019323
-0.025140543734808674
-0.024950621114918192
-0.024763027608137644
-0.024577723267698026
-0.02439466902788512
-0.024213826680266948
-0.02403515885067975
-0.023858628976942242
-0.02368420128727955
-0.02351184077941859
-0.023341513199139463
-0.02317318474867669
-0.023006820333709932
-0.022842382128612115
-0.022679834304438096
-0.022519149070726385
-0.02236030238008535
-0.022203267849945973
-0.022048020654375833
-0.02189453773145722
-0.021742786999035424
-0.02159272569558013
-0.021444313707279505
-0.021297515973272674
-0.02115229050103462
-0.021008595570972233
-0.020866404778042913
-0.02072568761842586
-0.020586405628514548
-0.020448564505056943
-0.020312393316311628
-0.020178320291084795
-0.020046313579531905
-0.019916644431709152
-0.01978792119354278
-0.01950710956079808
-0.0192909021956574