-0.09997561570348695
-0.09997561570348695
-0.09997561570348695
-0.09997561570348695
-0.09997561570348695
-0.09997561570348695
-0.09997561570348695
-0.09997561570348695
-0.09997561570348695
-0.09997561570348695
-0.09997561570348695
-0.09997561570348695
-0.09997561570348695
-0.09997561570348695
-0.09997561570348695
-0.09997561570348695
-0.09997561570348695
-0.09997561570348695
-0.09997561570348695
-0.09997561570348695
-0.09997561570348695
-0.09997561570348695
-0.09997561570348695
-0.09997561570348695
-0.09997561570348695
-0.09997561570348695
-0.09997561570348695
-0.09997561570348695
-0.09997561570348695
-0.09997561570348695
-0.09997561570348695
-0.09997561570348695
-0.09997561570348695
-0.09997561570348695
-0.09997561570348695
-0.09997561570348695
-0.09997561570348695
-0.09997561570348695
-0.09997561570348695
-0.09997561570348695
-0.09997561570348695
-0.09997561570348695
-0.09997561570348695
-0.09997561570348695
-0.09997561570348695
-0.09997561570348695
-0.09997561570348695
-0.09997561570348695
-0.09997561570348695
-0.09997561570348695
-0.09997561570348695
-0.09997561570348695
-0.09997561570348695
-0.09997561570348695
-0.09997561570348695
-0.09997561570348695
-0.09997561570348695
-0.09997561570348695
-0.09997561570348695
-0.09997561570348695
-0.09997561570348695
-0.09997561570348695
-0.09997561570348695
-0.09997561570348695
-0.09997561570348695
-0.09997561570348695
-0.09997561570348695
-0.09997561570348695
-0.09997561570348695
-0.09997561570348695
-0.09997561570348695
-0.09997561570348695
-0.09997561570348695
-0.09997561570348695
-0.09997561570348695
-0.09997561570348695
-0.09997561570348695
-0.09997561570348695
-0.09997561570348695
-0.09997561570348695
-0.09997561570348695
-0.09997561570348695
-0.09997561570348695
-0.09997561570348695
-0.09997561570348695
-0.09997561570348695
-0.09997561570348695
-0.09997561570348695
-0.09997561570348695
-0.09997561570348695
-0.09997561570348695
-0.09997561570348695
-0.09997561570348695
-0.09997561570348695
-0.09997561570348695
-0.09997561570348695
-0.09997561570348695
-0.09997561570348695
-0.09997561570348695
-0.09997561570348695
-0.09997561570348695
-0.09997561570348695
-0.09997561570348695
-0.09997561570348695
-0.09997561570348695
-0.09997561570348695
-0.09997561570348695
-0.09997561570348695
-0.09997561570348695
-0.09997561570348695
-0.03920580538360979
0.03703641859695689
0.05153734698616236
0.04962528244697978
0.04746552091822759
0.042976210252629043
0.03376888953546536
0.020777481161723677
0.008412403302926752
-0.0026551703247323366
-0.013868188532385195
-0.025044424174368973
-0.03654191262012757
-0.047982598893793804
-0.05937359180870988
-0.07076825385123614
-0.08196328885600729
-0.09290601727293829
-0.10354246482403079
-0.1137060960521678
-0.12329048942311988
-0.13219702552801355
-0.14028727566380111
-0.14744068499894686
-0.15360285853937622
-0.15878594479967173
-0.16304174948180256
-0.16645079203046492
-0.16907052365862135
-0.17089194298709914
-0.1718103744576684
-0.17168917052196825
-0.1704683287907251
-0.16824957103838883
-0.1653161792484638
-0.1620443422362347
-0.15878981964393096
-0.15582145730426772
-0.15326450594958224
-0.1511408062908543
-0.14941679442645256
-0.1480197160946734
-0.1468735939629719
-0.1459123497281229
-0.14508295430619483
-0.14434620811815208
-0.14367405601317657
-0.14304727612626994
-0.14245405629571944
-0.1418906419523091
-0.14135687067926955
-0.14085104917986196
-0.14037429725999434
-0.1399299700145326
-0.13951626257221322
-0.13912816012426615
-0.13876317282505107
-0.1384172246318362
-0.13808370774652307
-0.1377594131243462
-0.1374477901531978
-0.13715499822191551
-0.1368831728670798
-0.13663159868275038
-0.13639824388477167
-0.13617705325128643
-0.13596065888442638
-0.13572629942351794
-0.13546121628445812
-0.13521548401333566
-0.13496734833759033
-0.13471048849225337
-0.13446231827141014
-0.13418205976934144
-0.13388967734177099
-0.1336068640947929
-0.1333411590782862
-0.1331012974164975
-0.13288805842880386
-0.13269467107737748
-0.1325129984218631
-0.132333965888018
-0.13214885948751837
-0.1319496261141206
-0.13172902747390353
-0.13148896269742177
-0.13124548738171965
-0.1310186290177357
-0.13081910910198807
-0.13064977628578583
-0.13050710082221467
-0.1303759189243005
-0.13023163911852403
-0.1300578833483778
-0.12985710741540085
-0.12963788896555023
-0.1294042396912855
-0.1291621251160588
-0.12892228857203175
-0.1286894939947562
-0.12846167770708566
-0.12823710858708365
-0.1280154190712492
-0.1277965576666102
-0.12758047404946898
-0.1273671189318834
-0.12715644410107257
-0.12694840244051647
-0.12674294789943857
-0.12654003546329745
-0.12633962112524605
-0.12614166185851955
-0.12594611558972074
-0.12575294117296693
-0.12556209836486681
-0.12537354780028925
-0.1251872509674729
-0.12500316988726906
-0.12482126519579667
-0.12464149457917623
-0.12446381794309141
-0.12428820400881418
-0.12411462561229397
-0.12394305306417225
-0.1237734584006604
-0.12360581560439593
-0.12344008882998642
-0.12327623060447296
-0.12311419637982274
-0.12295394715087221
-0.12279543637826057
-0.12263861785709901
-0.12248346211588318
-0.12232993523246799
-0.12217799464363827
-0.12202764603899835
-0.12187913868400008
-0.12173293865998053
-0.12158901049823884
-0.1214476482664208
-0.12130728140363972
-0.12100038098820301
-0.12076395049150047