-0.14996342355523043
-0.14996342355523043
-0.14996342355523043
-0.14996342355523043
-0.14996342355523043
-0.14996342355523043
-0.14996342355523043
-0.14996342355523043
-0.14996342355523043
-0.14996342355523043
-0.14996342355523043
-0.14996342355523043
-0.14996342355523043
-0.14996342355523043
-0.14996342355523043
-0.14996342355523043
-0.14996342355523043
-0.14996342355523043
-0.14996342355523043
-0.14996342355523043
-0.14996342355523043
-0.14996342355523043
-0.14996342355523043
-0.14996342355523043
-0.14996342355523043
-0.14996342355523043
-0.14996342355523043
-0.14996342355523043
-0.14996342355523043
-0.14996342355523043
-0.14996342355523043
-0.14996342355523043
-0.14996342355523043
-0.14996342355523043
-0.14996342355523043
-0.14996342355523043
-0.14996342355523043
-0.14996342355523043
-0.14996342355523043
-0.14996342355523043
-0.14996342355523043
-0.14996342355523043
-0.14996342355523043
-0.14996342355523043
-0.14996342355523043
-0.14996342355523043
-0.14996342355523043
-0.14996342355523043
-0.14996342355523043
-0.14996342355523043
-0.14996342355523043
-0.14996342355523043
-0.14996342355523043
-0.14996342355523043
-0.14996342355523043
-0.14996342355523043
-0.14996342355523043
-0.14996342355523043
-0.14996342355523043
-0.14996342355523043
-0.14996342355523043
-0.14996342355523043
-0.14996342355523043
-0.14996342355523043
-0.14996342355523043
-0.14996342355523043
-0.14996342355523043
-0.14996342355523043
-0.14996342355523043
-0.14996342355523043
-0.14996342355523043
-0.14996342355523043
-0.14996342355523043
-0.14996342355523043
-0.14996342355523043
-0.14996342355523043
-0.14996342355523043
-0.14996342355523043
-0.14996342355523043
-0.14996342355523043
-0.14996342355523043
-0.14996342355523043
-0.14996342355523043
-0.14996342355523043
-0.14996342355523043
-0.14996342355523043
-0.14996342355523043
-0.14996342355523043
-0.14996342355523043
-0.14996342355523043
-0.14996342355523043
-0.14996342355523043
-0.14996342355523043
-0.14996342355523043
-0.14996342355523043
-0.14996342355523043
-0.14996342355523043
-0.14996342355523043
-0.14996342355523043
-0.14996342355523043
-0.14996342355523043
-0.14996342355523043
-0.14996342355523043
-0.14996342355523043
-0.14996342355523043
-0.14996342355523043
-0.14996342355523043
-0.14996342355523043
-0.14996342355523043
-0.14996342355523043
-0.07948629122750875
0.004530300226941647
0.01694090535445633
0.014840323619037393
0.012677468593244118
0.008302236991814954
-0.0007066733745766662
-0.013558869465941453
-0.025982456066095422
-0.0371656134160038
-0.04848452920912219
-0.059860930624354186
-0.07160999787814984
-0.08334588825694814
-0.09514347067082576
-0.10705214140568567
-0.1188387662249916
-0.13047199997502137
-0.14191796462100306
-0.15302288870950523
-0.16364410045494507
-0.1736539146686368
-0.1829129743869237
-0.19126736288780646
-0.19863353996071167
-0.20499710575565958
-0.21038075311050877
-0.21485944313884567
-0.21848644227701644
-0.2212269727084152
-0.22295660315610913
-0.22351260682452936
-0.222791952475092
-0.22088996136577901
-0.21811616766621614
-0.21487443748910887
-0.2115714293284622
-0.2085177534866828
-0.2058749330971449
-0.20367249098672283
-0.20187228268889204
-0.20041211239427206
-0.1992125871411056
-0.19820376405433118
-0.1973305056225664
-0.19655216425855074
-0.1958402007454957
-0.19517581699572153
-0.1945471612561124
-0.19395023260470348
-0.19338483647458019
-0.19284916129905963
-0.1923443756280764
-0.1918740097762294
-0.1914361331761957
-0.19102542432894234
-0.1906392350360683
-0.19027324109045277
-0.1899204466809498
-0.189577456275872
-0.18924791487712014
-0.18893832759443177
-0.18865094346399616
-0.18838499806066214
-0.1881383350454068
-0.187904548415239
-0.1876758403285991
-0.1874281633399301
-0.18714807323032892
-0.18688844569544197
-0.18662630647035164
-0.18635498450478796
-0.18609285103229292
-0.18579686845848623
-0.18548812858963207
-0.18518953278687925
-0.18490903636856562
-0.18465585007748278
-0.1844307850928998
-0.18422668745964224
-0.18403496493913876
-0.1838460394320042
-0.1836507163395477
-0.1834405013980688
-0.18320776633376382
-0.18295452621354294
-0.18269772243934393
-0.18245847351726177
-0.18224807747967234
-0.18206952834519488
-0.18191909323971425
-0.18178077612281954
-0.1816286523898122
-0.18144546612156534
-0.1812338149352252
-0.181002745244398
-0.18075649113378436
-0.1805013449392229
-0.1802486271165801
-0.18000335386263347
-0.17976334914002826
-0.1795267883865649
-0.17929328359637378
-0.1790627796962551
-0.17883522287411938
-0.1786105604373093
-0.17838874085303216
-0.1781697137695172
-0.17795342998287103
-0.17773984140503388
-0.1775289010327951
-0.17732056291782908
-0.1771147821377114
-0.17691151476787761
-0.1767107178544877
-0.176512349388159
-0.1763163682769572
-0.17612273400788495
-0.17593140462986936
-0.17574233510952988
-0.17555548276854963
-0.17537081421548253
-0.17518830039888558
-0.1750079096269647
-0.17482961203609274
-0.17465337981947196
-0.17447917485230927
-0.17430694680749417
-0.17413664845102242
-0.1739682383885465
-0.17380166732613925
-0.1736368863420336
-0.17347386410802904
-0.17331256463165526
-0.17315294286747643
-0.17299500451122443
-0.17283901109479763
-0.1726854516642379
-0.17253428857061062
-0.17238582965820362
-0.17223839049777281
-0.17191537193803408
-0.17166638875831125