-0.1999512314069739
-0.1999512314069739
-0.1999512314069739
-0.1999512314069739
-0.1999512314069739
-0.1999512314069739
-0.1999512314069739
-0.1999512314069739
-0.1999512314069739
-0.1999512314069739
-0.1999512314069739
-0.1999512314069739
-0.1999512314069739
-0.1999512314069739
-0.1999512314069739
-0.1999512314069739
-0.1999512314069739
-0.1999512314069739
-0.1999512314069739
-0.1999512314069739
-0.1999512314069739
-0.1999512314069739
-0.1999512314069739
-0.1999512314069739
-0.1999512314069739
-0.1999512314069739
-0.1999512314069739
-0.1999512314069739
-0.1999512314069739
-0.1999512314069739
-0.1999512314069739
-0.1999512314069739
-0.1999512314069739
-0.1999512314069739
-0.1999512314069739
-0.1999512314069739
-0.1999512314069739
-0.1999512314069739
-0.1999512314069739
-0.1999512314069739
-0.1999512314069739
-0.1999512314069739
-0.1999512314069739
-0.1999512314069739
-0.1999512314069739
-0.1999512314069739
-0.1999512314069739
-0.1999512314069739
-0.1999512314069739
-0.1999512314069739
-0.1999512314069739
-0.1999512314069739
-0.1999512314069739
-0.1999512314069739
-0.1999512314069739
-0.1999512314069739
-0.1999512314069739
-0.1999512314069739
-0.1999512314069739
-0.1999512314069739
-0.1999512314069739
-0.1999512314069739
-0.1999512314069739
-0.1999512314069739
-0.1999512314069739
-0.1999512314069739
-0.1999512314069739
-0.1999512314069739
-0.1999512314069739
-0.1999512314069739
-0.1999512314069739
-0.1999512314069739
-0.1999512314069739
-0.1999512314069739
-0.1999512314069739
-0.1999512314069739
-0.1999512314069739
-0.1999512314069739
-0.1999512314069739
-0.1999512314069739
-0.1999512314069739
-0.1999512314069739
-0.1999512314069739
-0.1999512314069739
-0.1999512314069739
-0.1999512314069739
-0.1999512314069739
-0.1999512314069739
-0.1999512314069739
-0.1999512314069739
-0.1999512314069739
-0.1999512314069739
-0.1999512314069739
-0.1999512314069739
-0.1999512314069739
-0.1999512314069739
-0.1999512314069739
-0.1999512314069739
-0.1999512314069739
-0.1999512314069739
-0.1999512314069739
-0.1999512314069739
-0.1999512314069739
-0.1999512314069739
-0.1999512314069739
-0.1999512314069739
-0.1999512314069739
-0.1999512314069739
-0.1999512314069739
-0.1999512314069739
-0.14989432710088713
-0.08703017189360507
-0.07538564684333904
-0.0773264134946936
-0.07906038315448549
-0.08298477621113964
-0.09156082438298963
-0.10398536462788754
-0.1159736390000018
-0.1265699064874356
-0.13711618538957093
-0.14757592685948506
-0.15821256396216155
-0.16863331549017946
-0.17891211698036724
-0.18909464560114297
-0.19895003971733483
-0.20842068862816288
-0.21745712649739957
-0.22593524132802145
-0.23375658797042853
-0.2408224382605283
-0.2470014008913567
-0.2521941250885996
-0.25637963117348816
-0.2595973664973582
-0.2619321303391132
-0.263500906372263
-0.2643890772784735
-0.26460700020571404
-0.2641168594168607
-0.262864396031914
-0.26083274242438625
-0.2581368288504061
-0.2550375543019555
-0.2518397055190914
-0.2488010176059502
-0.24611927009917112
-0.24388309139482434
-0.24206966044038702
-0.24061454645689062
-0.23944369370653396
-0.23848683273534055
-0.23768531776873825
-0.23699407930884486
-0.2363803207813543
-0.23582058790627147
-0.23529881796011975
-0.2348051357288229
-0.23433638885558838
-0.23389242518667153
-0.2334718141061093
-0.23307546620536213
-0.23270616051559967
-0.2323623846349715
-0.2320399536086416
-0.2317367893447989
-0.23144950026472244
-0.2311725875456324
-0.23090337334655453
-0.2306447130917627
-0.23040171818466548
-0.23017615711681827
-0.22996743066383674
-0.22977385192159827
-0.2295903951589494
-0.2294109655451616
-0.22921667686206681
-0.22899688196669687
-0.22879318276446747
-0.2285875311632538
-0.2283746535581258
-0.22816905429117218
-0.2279368770007818
-0.22769466825450857
-0.2274604157217971
-0.22724035725844416
-0.2270417276165072
-0.22686517154659203
-0.22670507774446225
-0.2265547070312709
-0.2264065461103003
-0.22625338282978225
-0.22608855485607504
-0.22590606874444752
-0.22570748789385753
-0.2255060939797734
-0.2253184593102947
-0.22515345142121113
-0.22501342369147082
-0.22489546171441466
-0.2247870339718968
-0.224667804226112
-0.22452422156912133
-0.22435831713110355
-0.22417719058468355
-0.22398416065889648
-0.22378415585367806
-0.22358605764547945
-0.22339380550066845
-0.22320569284336178
-0.2230202877100752
-0.22283728540903647
-0.2226566425604387
-0.22247831677820284
-0.2223022665586617
-0.22212845131217118
-0.2219568313796384
-0.22178736800643717
-0.22162002331718778
-0.2214547602913698
-0.2212915427397334
-0.22113033528148074
-0.22097110332218894
-0.2208138130324454
-0.2206584313271639
-0.2205049258445969
-0.22035326468252492
-0.220203414818111
-0.22005534081448885
-0.21990900907832944
-0.2197643932977157
-0.21962147056857162
-0.21948021591876354
-0.21934060581081727
-0.2192026183306125
-0.2190662234898929
-0.21893138173933113
-0.21879805595474433
-0.2186662135992704
-0.2185358159505525
-0.21840682457046323
-0.21827921481426127
-0.2181529583930003
-0.21802801989303144
-0.21790440347759332
-0.21778231356100253
-0.21766213310032245
-0.21754383223070473
-0.21742765341611825
-0.2173124160700145
-0.21706740744642844
-0.2168801949348924