-0.14996342355523043
-0.14996342355523043
-0.14996342355523043
-0.14996342355523043
-0.14996342355523043
-0.14996342355523043
-0.14996342355523043
-0.14996342355523043
-0.14996342355523043
-0.14996342355523043
-0.14996342355523043
-0.14996342355523043
-0.14996342355523043
-0.14996342355523043
-0.14996342355523043
-0.14996342355523043
-0.14996342355523043
-0.14996342355523043
-0.14996342355523043
-0.14996342355523043
-0.14996342355523043
-0.14996342355523043
-0.14996342355523043
-0.14996342355523043
-0.14996342355523043
-0.14996342355523043
-0.14996342355523043
-0.14996342355523043
-0.14996342355523043
-0.14996342355523043
-0.14996342355523043
-0.14996342355523043
-0.14996342355523043
-0.14996342355523043
-0.14996342355523043
-0.14996342355523043
-0.14996342355523043
-0.14996342355523043
-0.14996342355523043
-0.14996342355523043
-0.14996342355523043
-0.14996342355523043
-0.14996342355523043
-0.14996342355523043
-0.14996342355523043
-0.14996342355523043
-0.14996342355523043
-0.14996342355523043
-0.14996342355523043
-0.14996342355523043
-0.14996342355523043
-0.14996342355523043
-0.14996342355523043
-0.14996342355523043
-0.14996342355523043
-0.14996342355523043
-0.14996342355523043
-0.14996342355523043
-0.14996342355523043
-0.14996342355523043
-0.14996342355523043
-0.14996342355523043
-0.14996342355523043
-0.14996342355523043
-0.14996342355523043
-0.14996342355523043
-0.14996342355523043
-0.14996342355523043
-0.14996342355523043
-0.14996342355523043
-0.14996342355523043
-0.14996342355523043
-0.14996342355523043
-0.14996342355523043
-0.14996342355523043
-0.14996342355523043
-0.14996342355523043
-0.14996342355523043
-0.14996342355523043
-0.14996342355523043
-0.14996342355523043
-0.14996342355523043
-0.14996342355523043
-0.14996342355523043
-0.14996342355523043
-0.14996342355523043
-0.14996342355523043
-0.14996342355523043
-0.14996342355523043
-0.14996342355523043
-0.14996342355523043
-0.14996342355523043
-0.14996342355523043
-0.14996342355523043
-0.14996342355523043
-0.14996342355523043
-0.14996342355523043
-0.14996342355523043
-0.14996342355523043
-0.14996342355523043
-0.14996342355523043
-0.14996342355523043
-0.14996342355523043
-0.14996342355523043
-0.14996342355523043
-0.14996342355523043
-0.14996342355523043
-0.14996342355523043
-0.14996342355523043
-0.14996342355523043
-0.1364578487356203
-0.1065406672013666
-0.09086945819489636
-0.09195185785952234
-0.09288032024434392
-0.09609546578230113
-0.10384989907061173
-0.1150299836557517
-0.12539475933304192
-0.1340737875365802
-0.14240365545507042
-0.15035796430163853
-0.15810138079758387
-0.16530329821160486
-0.1720613037233051
-0.17837220136699564
-0.18405597643339214
-0.1891081432822094
-0.19351244724649078
-0.1972105476664198
-0.20019008829592458
-0.20244826832198407
-0.20396766746872844
-0.20476713615445977
-0.2049086277304554
-0.20450325478051404
-0.20368013338550198
-0.20255870952268765
-0.20121955736326327
-0.19967788421815671
-0.197912176333397
-0.19588703354291961
-0.1935894401391848
-0.19110348901199084
-0.18859932032527107
-0.18622198733402043
-0.18407243978101065
-0.18221866466727069
-0.18067778650054436
-0.17942665725828802
-0.1784217297084533
-0.17761241096772276
-0.17695053456466284
-0.17639579810489306
-0.17591715895625573
-0.1754919948455095
-0.1751041089226323
-0.17474239879929723
-0.17440003270796547
-0.17407483963775353
-0.17376673490147124
-0.17347473821514373
-0.17319949422676864
-0.1729429564108468
-0.17270409408329881
-0.1724800086468629
-0.17226926849319693
-0.1720695279337682
-0.1718769650591722
-0.17168971258154278
-0.17150975687106876
-0.1713406644080883
-0.17118367563827644
-0.17103838126193108
-0.1709036174669624
-0.170775891207854
-0.17065098045858287
-0.170515719793391
-0.17036261154456991
-0.1702207189323718
-0.17007744978547548
-0.16992910469101644
-0.16978585619893174
-0.16962403483071756
-0.16945516699243993
-0.16929180894844045
-0.16913831322785758
-0.168999740184851
-0.1688765542081904
-0.16876484738563927
-0.16865992196710913
-0.1685565362524958
-0.16844965611427645
-0.16833462870210827
-0.16820725728170496
-0.1680686144581033
-0.16792796724172324
-0.16779689919295562
-0.16768161620163494
-0.16758377412485484
-0.1675013530789861
-0.1674256098315782
-0.16734232761194692
-0.1672420167609511
-0.1671260860102887
-0.16699949681316487
-0.16686456344519343
-0.1667247245658853
-0.16658619460421145
-0.16645173537040173
-0.16632015445962392
-0.16619045008232272
-0.16606240955048027
-0.16593600318002225
-0.16581120195744728
-0.165687977462769
-0.1655663018925865
-0.16544614807260719
-0.16532748944027045
-0.16521030002793982
-0.1650945544466386
-0.16498022787031
-0.1648672960205854
-0.16475573515203737
-0.16464552203790053
-0.16453663395624432
-0.16442904867610678
-0.1643227442742549
-0.1642176980276097
-0.16411388550180464
-0.1640112835352924
-0.16390987406122362
-0.1638096413946916
-0.16371056838632905
-0.16361263888158897
-0.16351583786113358
-0.16342014463116952
-0.1633255317677679
-0.1632319735328646
-0.16313944740196887
-0.1630479264920827
-0.16295738409695462
-0.16286780319281205
-0.16277916418995889
-0.16269144245423997
-0.16260464102510755
-0.16251890359267832
-0.16243449967859372
-0.1623514084749952
-0.1622698017577945
-0.16218894190447566
-0.1620214430774578
-0.16189445494390642