-0.09997561570348695
-0.09997561570348695
-0.09997561570348695
-0.09997561570348695
-0.09997561570348695
-0.09997561570348695
-0.09997561570348695
-0.09997561570348695
-0.09997561570348695
-0.09997561570348695
-0.09997561570348695
-0.09997561570348695
-0.09997561570348695
-0.09997561570348695
-0.09997561570348695
-0.09997561570348695
-0.09997561570348695
-0.09997561570348695
-0.09997561570348695
-0.09997561570348695
-0.09997561570348695
-0.09997561570348695
-0.09997561570348695
-0.09997561570348695
-0.09997561570348695
-0.09997561570348695
-0.09997561570348695
-0.09997561570348695
-0.09997561570348695
-0.09997561570348695
-0.09997561570348695
-0.09997561570348695
-0.09997561570348695
-0.09997561570348695
-0.09997561570348695
-0.09997561570348695
-0.09997561570348695
-0.09997561570348695
-0.09997561570348695
-0.09997561570348695
-0.09997561570348695
-0.09997561570348695
-0.09997561570348695
-0.09997561570348695
-0.09997561570348695
-0.09997561570348695
-0.09997561570348695
-0.09997561570348695
-0.09997561570348695
-0.09997561570348695
-0.09997561570348695
-0.09997561570348695
-0.09997561570348695
-0.09997561570348695
-0.09997561570348695
-0.09997561570348695
-0.09997561570348695
-0.09997561570348695
-0.09997561570348695
-0.09997561570348695
-0.09997561570348695
-0.09997561570348695
-0.09997561570348695
-0.09997561570348695
-0.09997561570348695
-0.09997561570348695
-0.09997561570348695
-0.09997561570348695
-0.09997561570348695
-0.09997561570348695
-0.09997561570348695
-0.09997561570348695
-0.09997561570348695
-0.09997561570348695
-0.09997561570348695
-0.09997561570348695
-0.09997561570348695
-0.09997561570348695
-0.09997561570348695
-0.09997561570348695
-0.09997561570348695
-0.09997561570348695
-0.09997561570348695
-0.09997561570348695
-0.09997561570348695
-0.09997561570348695
-0.09997561570348695
-0.09997561570348695
-0.09997561570348695
-0.09997561570348695
-0.09997561570348695
-0.09997561570348695
-0.09997561570348695
-0.09997561570348695
-0.09997561570348695
-0.09997561570348695
-0.09997561570348695
-0.09997561570348695
-0.09997561570348695
-0.09997561570348695
-0.09997561570348695
-0.09997561570348695
-0.09997561570348695
-0.09997561570348695
-0.09997561570348695
-0.09997561570348695
-0.09997561570348695
-0.09997561570348695
-0.09997561570348695
-0.09997561570348695
-0.07177815142901484
-0.026453153610935642
-0.010228257208096891
-0.011700607536028584
-0.013085162550181273
-0.016716437396702533
-0.02488111481955041
-0.036614870882869466
-0.047770403151409624
-0.05736060097669665
-0.06672481432978533
-0.07595691566924762
-0.08516157369518468
-0.0939928621855956
-0.10255709839000499
-0.11083571126059749
-0.11865988527218335
-0.12602986427116142
-0.13288046011904403
-0.13910037682008175
-0.14463707386099717
-0.14940653821086197
-0.15332666376124576
-0.15637423117852695
-0.15855544684153994
-0.15993097025631603
-0.1606125884989828
-0.16072136811126086
-0.16035197553372876
-0.15953607154723443
-0.15824626593701868
-0.15644163090541058
-0.15412442401236554
-0.15139516268952574
-0.14845697665087915
-0.145533643027917
-0.1428409361328286
-0.1405198022283915
-0.13859055479762444
-0.1370237435288248
-0.13576490809496805
-0.13475084552624222
-0.13392133252711108
-0.13322594941103766
-0.13262584503341962
-0.1320926975104823
-0.13160622474398836
-0.13115252305085873
-0.1307230406621786
-0.13031506433197831
-0.12992849122128675
-0.12956209950056014
-0.12921670539422475
-0.12889475962198244
-0.12859497000186243
-0.12831370533948133
-0.12804917045443925
-0.12779842094662713
-0.1275566643518275
-0.12732156440099324
-0.12709561906964056
-0.12688330432715084
-0.1266861772260443
-0.1265037247457625
-0.12633448346255965
-0.12617406665901004
-0.1260171582468818
-0.12584723104232903
-0.12565492249720472
-0.12547667452523376
-0.1252966811097717
-0.12511031880448303
-0.12493031426783302
-0.12472698178087865
-0.12451480238066054
-0.12430954031575897
-0.12411666740333066
-0.12394253860248566
-0.1237877341775086
-0.12364734396957328
-0.12351546441317257
-0.1233855081947492
-0.12325114816128607
-0.12310653552666423
-0.12294640020429298
-0.12277209915464299
-0.12259528399160974
-0.12243051138306121
-0.12228558033208164
-0.12216257097592415
-0.12205893755085423
-0.12196368059794199
-0.12185892850468155
-0.12173275954472368
-0.12158694722156888
-0.12142772571994825
-0.12125800506540635
-0.12108211201229663
-0.12090785868654258
-0.12073871505371198
-0.12057318200427275
-0.12041000058427537
-0.12024890371975733
-0.12008985434138703
-0.11993281621517576
-0.11977775384587769
-0.11962463250624505
-0.11947341825299723
-0.11932407790519578
-0.11917657902332429
-0.11903088988904814
-0.11888697948562571
-0.11874481747894844
-0.11860437419918707
-0.1184656206230214
-0.11832852835642788
-0.11819306961725745
-0.11805921700386429
-0.11792694210074023
-0.11779621433401294
-0.11766700472970099
-0.1175392907216874
-0.11741305273567532
-0.11728826935073217
-0.11716492039462517
-0.11704298711515543
-0.1169224436071507
-0.11680325548870657
-0.11668539049631294
-0.11656882040276878
-0.11645351148738653
-0.11633943025315213
-0.11622655538766397
-0.11611486233895357
-0.11600432021839063
-0.115894933089633
-0.11578688226403239
-0.1156805073706994
-0.11557578250793815
-0.11547292355146238
-0.1153709282858077
-0.11515511487286906
-0.11499043816210269