0.0
0.0
0.0
0.0
0.0
0.0
0.0
0.0
0.0
0.0
0.0
0.0
0.0
0.0
0.0
0.0
0.0
0.0
0.0
0.0
0.0
0.0
0.0
0.0
0.0
0.0
0.0
0.0
0.0
0.0
0.0
0.0
0.0
0.0
0.0
0.0
0.0
0.0
0.0
0.0
0.0
0.0
0.0
0.0
0.0
0.0
0.0
0.0
0.0
0.0
0.0
0.0
0.0
0.0
0.0
0.0
0.0
0.0
0.0
0.0
0.0
0.0
0.0
0.0
0.0
0.0
0.0
0.0
0.0
0.0
0.0
0.0
0.0
0.0
0.0
0.0
0.0
0.0
0.0
0.0
0.0
0.0
0.0
0.0
0.0
0.0
0.0
0.0
0.0
0.0
0.0
0.0
0.0
0.0
0.0
0.0
0.0
0.0
0.0
0.0
0.0
0.0
0.0
0.0
0.0
0.0
0.0
0.0
0.0
0.0
-0.0002767890272418194
0.021683192862266054
0.04359813499626386
0.04313117557781876
0.04247598793076168
0.03946439348746966
0.03208849094559185
0.021583287567761733
0.011977623386551395
0.00412629131688913
-0.00329367836283323
-0.010401223653858205
-0.017229945257132062
-0.023483494692095652
-0.02932945220662231
-0.03473518124930752
-0.03953318599701139
-0.04375434947639412
-0.04738374701577164
-0.050377112084640574
-0.05273330312619051
-0.054446157812605867
-0.055501130013219546
-0.05591431534657909
-0.05576016310837639
-0.05514014754354557
-0.05416296050264635
-0.052935377955667606
-0.051522215246061265
-0.049941297649819694
-0.048165932360209274
-0.04615725885662214
-0.043898311649595456
-0.041464481213886906
-0.03901365738222351
-0.03668099660532054
-0.034566637926125576
-0.032738958655193606
-0.0312162892561485
-0.029977302732032474
-0.028980324567007276
-0.028176222631097758
-0.027517817676611322
-0.026965434836355495
-0.02648841625899845
-0.02606437115672433
-0.025677241713875976
-0.025316008659196143
-0.024973890274557764
-0.024648748421295164
-0.0243405258598548
-0.02404826742993338
-0.023772642678938194
-0.023515632284290433
-0.023276227114572112
-0.023051542015104953
-0.022840157824433494
-0.022639734713847393
-0.02244644719008848
-0.022258427364786115
-0.022077676055643813
-0.021907783838680306
-0.021750007016709372
-0.021603944092678073
-0.021468433549916455
-0.02133996919345993
-0.021214307729300774
-0.021078201439775235
-0.020924097422033938
-0.020781245696593675
-0.020636965489568393
-0.02048753971753925
-0.02034320696128411
-0.020180116056021546
-0.020009873762258046
-0.01984513647647823
-0.019690300415714734
-0.019550480112904722
-0.019426155270888756
-0.01931339100532714
-0.01920745082206743
-0.019103044730539587
-0.018995088375037827
-0.018878878440388824
-0.018750168558620217
-0.01861003474155032
-0.018467838927916258
-0.018335294690898785
-0.018218686574203335
-0.0181197000370954
-0.01803630032650716
-0.017959645340411168
-0.017875347172396694
-0.01777379509939303
-0.017656406307482886
-0.01752819574295339
-0.017391500269750004
-0.017249798562659624
-0.01710938613073676
-0.016973063886053907
-0.016839625519918133
-0.01670805692959254
-0.016578143650233912
-0.016449856717728473
-0.01632316780921661
-0.01619804916629919
-0.016074473619789753
-0.01595241460375263
-0.01583184613915334
-0.015712742818029035
-0.015595079788163435
-0.015478832738250237
-0.015363977883521507
-0.015250491951825929
-0.015138352170146696
-0.01502753625153197
-0.014918022381938734
-0.014809789034526233
-0.014702813842298212
-0.01459707266941912
-0.014492542650510032
-0.014389206086829809
-0.01428704768648359
-0.014186050646205928
-0.014086199157961943
-0.013987478552718535
-0.013889868355276391
-0.013793341202619658
-0.013697871426121111
-0.013603436611994368
-0.013510009874939222
-0.013417564486243094
-0.013326083581050696
-0.01323554765593471
-0.01314593203762815
-0.013057240316829422
-0.012969619840363933
-0.012883346659869233
-0.012798400186046166
-0.012714956711032066
-0.012632253791405645
-0.012458888822824801
-0.012326965792144855