0.09997561570348695
0.09997561570348695
0.09997561570348695
0.09997561570348695
0.09997561570348695
0.09997561570348695
0.09997561570348695
0.09997561570348695
0.09997561570348695
0.09997561570348695
0.09997561570348695
0.09997561570348695
0.09997561570348695
0.09997561570348695
0.09997561570348695
0.09997561570348695
0.09997561570348695
0.09997561570348695
0.09997561570348695
0.09997561570348695
0.09997561570348695
0.09997561570348695
0.09997561570348695
0.09997561570348695
0.09997561570348695
0.09997561570348695
0.09997561570348695
0.09997561570348695
0.09997561570348695
0.09997561570348695
0.09997561570348695
0.09997561570348695
0.09997561570348695
0.09997561570348695
0.09997561570348695
0.09997561570348695
0.09997561570348695
0.09997561570348695
0.09997561570348695
0.09997561570348695
0.09997561570348695
0.09997561570348695
0.09997561570348695
0.09997561570348695
0.09997561570348695
0.09997561570348695
0.09997561570348695
0.09997561570348695
0.09997561570348695
0.09997561570348695
0.09997561570348695
0.09997561570348695
0.09997561570348695
0.09997561570348695
0.09997561570348695
0.09997561570348695
0.09997561570348695
0.09997561570348695
0.09997561570348695
0.09997561570348695
0.09997561570348695
0.09997561570348695
0.09997561570348695
0.09997561570348695
0.09997561570348695
0.09997561570348695
0.09997561570348695
0.09997561570348695
0.09997561570348695
0.09997561570348695
0.09997561570348695
0.09997561570348695
0.09997561570348695
0.09997561570348695
0.09997561570348695
0.09997561570348695
0.09997561570348695
0.09997561570348695
0.09997561570348695
0.09997561570348695
0.09997561570348695
0.09997561570348695
0.09997561570348695
0.09997561570348695
0.09997561570348695
0.09997561570348695
0.09997561570348695
0.09997561570348695
0.09997561570348695
0.09997561570348695
0.09997561570348695
0.09997561570348695
0.09997561570348695
0.09997561570348695
0.09997561570348695
0.09997561570348695
0.09997561570348695
0.09997561570348695
0.09997561570348695
0.09997561570348695
0.09997561570348695
0.09997561570348695
0.09997561570348695
0.09997561570348695
0.09997561570348695
0.09997561570348695
0.09997561570348695
0.09997561570348695
0.09997561570348695
0.12251181541618678
0.15027503583511165
0.14841518848936502
0.14121743414856397
0.14101258928237698
0.14039542020257118
0.13737548102698155
0.1300450402114554
0.11968034908669128
0.11023249611990676
0.10252536677013996
0.09523066233231997
0.08820760579783687
0.08145593861836303
0.0752435870306471
0.06940898205524942
0.06400217399094349
0.059184219614507316
0.0549040134598095
0.051197238775366916
0.0481124801374026
0.0456400682926667
0.04380409199955965
0.042615041285493926
0.042061824459330655
0.04208971234150444
0.0426012422696011
0.043487605760652526
0.04464024883846557
0.045993616028003836
0.04753487222046643
0.049290052976521836
0.051302711069343976
0.05359198775951762
0.056091054123338535
0.058631537114549326
0.06105449443604133
0.06325503086706113
0.06516062808744744
0.06675070795412402
0.06804626225834237
0.06908990241905272
0.06993239684709568
0.07062275007236213
0.071202296982872
0.07170304047024961
0.07214838479500102
0.07255513149211174
0.07293481774391347
0.07329454405901753
0.07363653807432818
0.07396084291973354
0.07426844685053474
0.07455862923327977
0.07482929008151057
0.0750814777157624
0.0753182180441842
0.07554099621274929
0.07575227026972126
0.07595606613975597
0.07615434798152781
0.07634500125166926
0.07652423395586266
0.07669071472389216
0.07684486103668581
0.07698789388549304
0.07712351031947268
0.077256190320591
0.07739992162180392
0.07756267547527246
0.07771357231068071
0.07786600702890428
0.07802389742258459
0.07817643913857969
0.0783488314535496
0.07852881221626079
0.07870300451407125
0.07886675507968505
0.07901464942373643
0.07914617389623929
0.07926548549465368
0.07937759213683199
0.07948809009739527
0.07960236060138953
0.07972538422193803
0.07986165923864469
0.0800100497523139
0.08016064492869507
0.08030103877085754
0.08042456965097372
0.08052944582094662
0.08061781882942304
0.08069905607590483
0.08078840416940686
0.08089605030071473
0.08102049749217727
0.08115643584361448
0.08130139214980175
0.08145168026141819
0.08160062506733107
0.08174525521920012
0.08188684878225855
0.08202648048296796
0.08216437705987806
0.08230056850577266
0.08243508415761619
0.0825679527771927
0.08269920252400048
0.08282886093953173
0.08295695496383532
0.08308351095155503
0.08320855468746385
0.08333211140150792
0.08345420578338641
0.08357486199667447
0.08369410369251268
0.08381195402287828
0.08392843565400104
0.0840435709635336
0.08415738323958338
0.08426989766852072
0.08438113810109454
0.08449112290552202
0.08459986790199009
0.08470739053114945
0.08481370718624154
0.08491883306064446
0.08502278954313786
0.08512560537179054
0.08522730749643509
0.08532791941664003
0.08542746941046525
0.08552598560346952
0.08562348562582928
0.08571998993214608
0.08581552449464164
0.08591008514441961
0.08600351441701631
0.0860955175898947
0.08618611614108479
0.08627512173997592
0.08636336648406923
0.08655055642403667
0.08669351552220696