0.1999512314069739
0.1999512314069739
0.1999512314069739
0.1999512314069739
0.1999512314069739
0.1999512314069739
0.1999512314069739
0.1999512314069739
0.1999512314069739
0.1999512314069739
0.1999512314069739
0.1999512314069739
0.1999512314069739
0.1999512314069739
0.1999512314069739
0.1999512314069739
0.1999512314069739
0.1999512314069739
0.1999512314069739
0.1999512314069739
0.1999512314069739
0.1999512314069739
0.1999512314069739
0.1999512314069739
0.1999512314069739
0.1999512314069739
0.1999512314069739
0.1999512314069739
0.1999512314069739
0.1999512314069739
0.1999512314069739
0.1999512314069739
0.1999512314069739
0.1999512314069739
0.1999512314069739
0.1999512314069739
0.1999512314069739
0.1999512314069739
0.1999512314069739
0.1999512314069739
0.1999512314069739
0.1999512314069739
0.1999512314069739
0.1999512314069739
0.1999512314069739
0.1999512314069739
0.1999512314069739
0.1999512314069739
0.1999512314069739
0.1999512314069739
0.1999512314069739
0.1999512314069739
0.1999512314069739
0.1999512314069739
0.1999512314069739
0.1999512314069739
0.1999512314069739
0.1999512314069739
0.1999512314069739
0.1999512314069739
0.1999512314069739
0.1999512314069739
0.1999512314069739
0.1999512314069739
0.1999512314069739
0.1999512314069739
0.1999512314069739
0.1999512314069739
0.1999512314069739
0.1999512314069739
0.1999512314069739
0.1999512314069739
0.1999512314069739
0.1999512314069739
0.1999512314069739
0.1999512314069739
0.1999512314069739
0.1999512314069739
0.1999512314069739
0.1999512314069739
0.1999512314069739
0.1999512314069739
0.1999512314069739
0.1999512314069739
0.1999512314069739
0.1999512314069739
0.1999512314069739
0.1999512314069739
0.1999512314069739
0.1999512314069739
0.1999512314069739
0.1999512314069739
0.1999512314069739
0.1999512314069739
0.1999512314069739
0.1999512314069739
0.1999512314069739
0.1999512314069739
0.1999512314069739
0.1999512314069739
0.1999512314069739
0.1999512314069739
0.1999512314069739
0.1999512314069739
0.1999512314069739
0.1999512314069739
0.1999512314069739
0.1999512314069739
0.1999512314069739
0.19843104521649568
0.2094884173028959
0.2161206723515151
0.21077157316048767
0.21169727753281753
0.21182808356008043
0.20952825953097787
0.20317304146735504
0.19420662265572897
0.18638664404899263
0.18039023099748264
0.17489082342056472
0.16973002770274215
0.1649735906165054
0.16082238708037744
0.15709963736915877
0.1538433774370046
0.1511409146436452
0.1489257063373467
0.14720251857508415
0.14598968830266623
0.14526622782726062
0.14501908923391282
0.14522832365211158
0.14585329104320943
0.1468271453548392
0.14806461320936892
0.1494810101748606
0.1509982516628393
0.1525764104644739
0.15421903231489498
0.1559694531409298
0.1578703639068214
0.15991642207509738
0.16205345944544092
0.16419385197324965
0.16624085955082435
0.16810473946629434
0.16972248394549927
0.1710749944016875
0.1721787526620039
0.17306904598963724
0.1737884982615111
0.17437852499207585
0.17487419183455966
0.17530271281348309
0.17568402174085163
0.17603244635049398
0.1763578336325099
0.17666624630613226
0.17695957589223876
0.17723784093148287
0.17750187428962538
0.1777510428030794
0.1779835251090235
0.1782002050005035
0.1784036705122095
0.17859518681305253
0.1787768574513805
0.1789521396139867
0.1791227213933001
0.17928678075854731
0.17944104766139712
0.17958436857685534
0.17971709598964825
0.1798402740924091
0.17995708211590145
0.18007137054348987
0.18019519518985294
0.18033545426061337
0.18046551073243966
0.18059691762835806
0.18073305654279925
0.18086459459370186
0.18101328816509843
0.18116856746425014
0.181318887652809
0.1814602292134907
0.18158790956864512
0.18170147545833826
0.18180450973169193
0.1819013329689939
0.1819967771029719
0.1820954909924003
0.18220178005676668
0.18231953827742575
0.1824477938089596
0.18257798475446962
0.18269938167814048
0.18280621650940831
0.18289693096280357
0.18297337660915225
0.18304365013169288
0.1831209439305036
0.18321408120153915
0.18332177430562913
0.18343943229360338
0.18356491957667653
0.1836950495519697
0.1838240417451401
0.18394931986975427
0.1840719893979602
0.1841929806372219
0.18431248932743027
0.18443054072412302
0.1845471595392224
0.18466237001009878
0.18477619587523086
0.18488866035972762
0.1849997861888787
0.18510959560128437
0.18521811036157565
0.18532535177274212
0.1854313406880842
0.18553609752279587
0.18563964226519747
0.18574199448763096
0.18584317335744316
0.18594319780737212
0.1860420875771175
0.18613986407352445
0.18623654756075492
0.18633215355187527
0.18642669535642653
0.18652018770557255
0.18661264443174985
0.18670407833312008
0.1867945076081562
0.18688395686594184
0.18697244917662548
0.18706000462105432
0.18714664745477883
0.1872324018191004
0.18731728272931736
0.18740130767035257
0.1874844989534451
0.18756685268472928
0.18764823143024578
0.18772837799473396
0.18780731071358303
0.18788486470678112
0.18796173801415594
0.1881243356921788
0.18824841321480912