0.24993903925871735
0.24993903925871735
0.24993903925871735
0.24993903925871735
0.24993903925871735
0.24993903925871735
0.24993903925871735
0.24993903925871735
0.24993903925871735
0.24993903925871735
0.24993903925871735
0.24993903925871735
0.24993903925871735
0.24993903925871735
0.24993903925871735
0.24993903925871735
0.24993903925871735
0.24993903925871735
0.24993903925871735
0.24993903925871735
0.24993903925871735
0.24993903925871735
0.24993903925871735
0.24993903925871735
0.24993903925871735
0.24993903925871735
0.24993903925871735
0.24993903925871735
0.24993903925871735
0.24993903925871735
0.24993903925871735
0.24993903925871735
0.24993903925871735
0.24993903925871735
0.24993903925871735
0.24993903925871735
0.24993903925871735
0.24993903925871735
0.24993903925871735
0.24993903925871735
0.24993903925871735
0.24993903925871735
0.24993903925871735
0.24993903925871735
0.24993903925871735
0.24993903925871735
0.24993903925871735
0.24993903925871735
0.24993903925871735
0.24993903925871735
0.24993903925871735
0.24993903925871735
0.24993903925871735
0.24993903925871735
0.24993903925871735
0.24993903925871735
0.24993903925871735
0.24993903925871735
0.24993903925871735
0.24993903925871735
0.24993903925871735
0.24993903925871735
0.24993903925871735
0.24993903925871735
0.24993903925871735
0.24993903925871735
0.24993903925871735
0.24993903925871735
0.24993903925871735
0.24993903925871735
0.24993903925871735
0.24993903925871735
0.24993903925871735
0.24993903925871735
0.24993903925871735
0.24993903925871735
0.24993903925871735
0.24993903925871735
0.24993903925871735
0.24993903925871735
0.24993903925871735
0.24993903925871735
0.24993903925871735
0.24993903925871735
0.24993903925871735
0.24993903925871735
0.24993903925871735
0.24993903925871735
0.24993903925871735
0.24993903925871735
0.24993903925871735
0.24993903925871735
0.24993903925871735
0.24993903925871735
0.24993903925871735
0.24993903925871735
0.24993903925871735
0.24993903925871735
0.24993903925871735
0.24993903925871735
0.24993903925871735
0.24993903925871735
0.24993903925871735
0.24993903925871735
0.24993903925871735
0.3939686039672853
0.38941617522787375
0.38486374648846233
0.38031131774905086
0.3757588890096394
0.3712064602702279
0.3828207395656051
0.3782683108261936
0.34292797881777515
0.31162299027038126
0.28550418454398857
0.26492869029252847
0.24926805334470187
0.23676926492942824
0.22626583474702838
0.217775007215887
0.2118156466652385
0.20900784648095855
0.20943076049975967
0.21214919157844375
0.21588356201282527
0.21969725328742046
0.22302162558710564
0.22571727089110466
0.22792730343851902
0.22976342499114916
0.23130768917318562
0.23264459821926292
0.23383073145718108
0.23488463201903703
0.23580118083983798
0.23657384416056254
0.23721892718932863
0.2377621321718511
0.23821260338559452
0.2385795758231251
0.23888572122829582
0.23914761055676897
0.23937466570835292
0.23957969020841735
0.23977158588107078
0.23995130586414098
0.2401185186133768
0.24027399968550284
0.2404192156348371
0.2405572588425236
0.24069097960040403
0.2408206001036886
0.24094513421791214
0.24106435406590682
0.2411785010899597
0.2412880118202499
0.24139392546210675
0.24149738842136143
0.2415975755138911
0.2416921160914159
0.24178003957115674
0.2418616287025082
0.2419371745727597
0.24200812916276632
0.24207697470689588
0.24214490638649783
0.24221194112587546
0.24227809488805568
0.242343090321328
0.2424057799968467
0.24246476750873597
0.24251958556373482
0.24257036223377143
0.24261749168649188
0.2426621874961155
0.242705913011313
0.2427532880786643
0.24280699053934135
0.24285678310764008
0.24290709794916437
0.24295924211074854
0.24300961042209607
0.24306657073164156
0.24312607645988332
0.2431836963654604
0.24323788901172289
0.24328685315152515
0.2433304088038673
0.24336992723441703
0.24340706375275395
0.24344367133884975
0.2434815337469452
0.24352230390388058
0.2435674817325129
0.2436167027667609
0.2436666837798483
0.2437133011931108
0.24375433500133098
0.243789181729629
0.24381854526850094
0.24384552985276803
0.2438752062773502
0.24391097340921003
0.24395234125310356
0.24399754576742066
0.24404576864024713
0.24409578825503592
0.24414538045366313
0.2441935515585943
0.24424072623319387
0.24428726243442728
0.2443332353163153
0.2443786543582534
0.2444235288385242
0.24446786786063585
0.2445116803436614
0.24455497501636608
0.24459776042214704
0.24464004492382047
0.24468183670826865
0.24472314379094212
0.24476397402022326
0.2448043350816656
0.2448442345021043
0.24488367965364227
0.24492267775751914
0.24496123588786817
0.2449993609753623
0.2450370598107508
0.2450743390482975
0.2451112052091185
0.24514766468442223
0.24518372373865632
0.24521938851256647
0.24525466502616916
0.24528955918163647
0.24532407676610363
0.24535822345439656
0.24539200481168139
0.24542542629604364
0.24545849326099295
0.24549121095790022
0.24552358453836903
0.2455556190565396
0.24558731947133144
0.24561869064862735
0.24564973736339352
0.24568046430176144
0.24571087608182102
0.24574100099966928
0.2458012177234859
0.24584643720415028