0.29992684711046086
0.29992684711046086
0.29992684711046086
0.29992684711046086
0.29992684711046086
0.29992684711046086
0.29992684711046086
0.29992684711046086
0.29992684711046086
0.29992684711046086
0.29992684711046086
0.29992684711046086
0.29992684711046086
0.29992684711046086
0.29992684711046086
0.29992684711046086
0.29992684711046086
0.29992684711046086
0.29992684711046086
0.29992684711046086
0.29992684711046086
0.29992684711046086
0.29992684711046086
0.29992684711046086
0.29992684711046086
0.29992684711046086
0.29992684711046086
0.29992684711046086
0.29992684711046086
0.29992684711046086
0.29992684711046086
0.29992684711046086
0.29992684711046086
0.29992684711046086
0.29992684711046086
0.29992684711046086
0.29992684711046086
0.29992684711046086
0.29992684711046086
0.29992684711046086
0.29992684711046086
0.29992684711046086
0.29992684711046086
0.29992684711046086
0.29992684711046086
0.29992684711046086
0.29992684711046086
0.29992684711046086
0.29992684711046086
0.29992684711046086
0.29992684711046086
0.29992684711046086
0.29992684711046086
0.29992684711046086
0.29992684711046086
0.29992684711046086
0.29992684711046086
0.29992684711046086
0.29992684711046086
0.29992684711046086
0.29992684711046086
0.29992684711046086
0.29992684711046086
0.29992684711046086
0.29992684711046086
0.29992684711046086
0.29992684711046086
0.29992684711046086
0.29992684711046086
0.29992684711046086
0.29992684711046086
0.29992684711046086
0.29992684711046086
0.29992684711046086
0.29992684711046086
0.29992684711046086
0.29992684711046086
0.29992684711046086
0.29992684711046086
0.29992684711046086
0.29992684711046086
0.29992684711046086
0.29992684711046086
0.29992684711046086
0.29992684711046086
0.29992684711046086
0.29992684711046086
0.29992684711046086
0.29992684711046086
0.29992684711046086
0.29992684711046086
0.29992684711046086
0.29992684711046086
0.29992684711046086
0.29992684711046086
0.29992684711046086
0.29992684711046086
0.29992684711046086
0.29992684711046086
0.29992684711046086
0.29992684711046086
0.29992684711046086
0.29992684711046086
0.29992684711046086
0.29992684711046086
0.29992684711046086
0.29992684711046086
0.29992684711046086
0.359801707903547
0.3982056280178798
0.353722173095594
0.3253072237473846
0.3204426167006947
0.32118883678365956
0.32103716888430817
0.31840301168874513
0.3116561628428767
0.30220912064932387
0.2938263048359376
0.28720319194671046
0.28100235789500344
0.27505078385682774
0.26944672388186236
0.2644071107148816
0.2597465234724368
0.25553004494319415
0.25187365886978036
0.24870310713190552
0.2460385944373658
0.24392601182014612
0.24234721115802033
0.24130708610338708
0.24082676836134392
0.24086657622676794
0.24135834821266938
0.24223081620795567
0.2433823846281587
0.24472190279212797
0.24619742848783838
0.24780296025088006
0.2495762057776048
0.2515596296913814
0.2537794392126734
0.2561759141546934
0.2586025111748665
0.2609268939729302
0.26304658204044645
0.2648889854084702
0.26643128354641094
0.26769129913397843
0.26870856246465796
0.26953124878607443
0.2702063698864013
0.2707738297908942
0.27126464775531894
0.271701570361681
0.27210096078572416
0.2724740707611802
0.2728278268044105
0.2731643805075408
0.27348373969726963
0.2737868455486548
0.27407295729945097
0.2743399729723766
0.2745888966748285
0.27482268970365303
0.2750427978049877
0.2752516327503128
0.275453162056192
0.2756493202028503
0.2758380073756677
0.2760154597703027
0.2761803461981563
0.27633306731816926
0.27647482167493004
0.27660926515588874
0.2767408341936524
0.27688340420810126
0.27704489618808675
0.2771946695917465
0.27734602495206434
0.2775028425562461
0.2776543993676042
0.27782573846057695
0.2780046859170396
0.2781779437914092
0.27834087479412145
0.2784880781267656
0.2786190275983727
0.27873784991945777
0.2788495248936241
0.27895962411886305
0.2790735101971052
0.2791961518260389
0.279332042360841
0.27948006013107946
0.27963032564691376
0.2797704565047148
0.2798937917079119
0.27999852810998976
0.2800868023140309
0.28016796429180185
0.2802572469710512
0.2803648380060551
0.28048925338311986
0.28062519626657895
0.2807702028825097
0.2809205925406089
0.28106968773656177
0.2812145118450114
0.28135634121308
0.28149625000997186
0.2816344637716431
0.2817710110624983
0.2819059198386798
0.2820392175272202
0.28217093099724605
0.2823010865425964
0.28242970989686694
0.28255682624798856
0.28268246025235727
0.2828066360485318
0.2829293772705162
0.2830507070606377
0.2831706480820369
0.2832892225307864
0.28340645214820875
0.2835223584182776
0.2836369637743699
0.2837502925949414
0.28386236794670944
0.28397320740304705
0.284082825995206
0.2841912404118208
0.28429846630948746
0.28440451815793183
0.28450941670138424
0.28461319012997405
0.28471586486244044
0.28481746386585166
0.2849180149630433
0.28501754585448397
0.2851160736656853
0.2852136184000223
0.2853102056619646
0.28540583059559826
0.285500333263945
0.2855934147278541
0.2856850958088815
0.28577518497190796
0.28586453335757406
0.28605692128441046
0.28620451557213156