0.3999024628139478
0.3999024628139478
0.3999024628139478
0.3999024628139478
0.3999024628139478
0.3999024628139478
0.3999024628139478
0.3999024628139478
0.3999024628139478
0.3999024628139478
0.3999024628139478
0.3999024628139478
0.3999024628139478
0.3999024628139478
0.3999024628139478
0.3999024628139478
0.3999024628139478
0.3999024628139478
0.3999024628139478
0.3999024628139478
0.3999024628139478
0.3999024628139478
0.3999024628139478
0.3999024628139478
0.3999024628139478
0.3999024628139478
0.3999024628139478
0.3999024628139478
0.3999024628139478
0.3999024628139478
0.3999024628139478
0.3999024628139478
0.3999024628139478
0.3999024628139478
0.3999024628139478
0.3999024628139478
0.3999024628139478
0.3999024628139478
0.3999024628139478
0.3999024628139478
0.3999024628139478
0.3999024628139478
0.3999024628139478
0.3999024628139478
0.3999024628139478
0.3999024628139478
0.3999024628139478
0.3999024628139478
0.3999024628139478
0.3999024628139478
0.3999024628139478
0.3999024628139478
0.3999024628139478
0.3999024628139478
0.3999024628139478
0.3999024628139478
0.3999024628139478
0.3999024628139478
0.3999024628139478
0.3999024628139478
0.3999024628139478
0.3999024628139478
0.3999024628139478
0.3999024628139478
0.3999024628139478
0.3999024628139478
0.3999024628139478
0.3999024628139478
0.3999024628139478
0.3999024628139478
0.3999024628139478
0.3999024628139478
0.3999024628139478
0.3999024628139478
0.3999024628139478
0.3999024628139478
0.3999024628139478
0.3999024628139478
0.3999024628139478
0.3999024628139478
0.3999024628139478
0.3999024628139478
0.3999024628139478
0.3999024628139478
0.3999024628139478
0.3999024628139478
0.3999024628139478
0.3999024628139478
0.3999024628139478
0.3999024628139478
0.3999024628139478
0.3999024628139478
0.3999024628139478
0.3999024628139478
0.3999024628139478
0.3999024628139478
1.0554722360350017
1.060174267577123
1.0258090333390864
0.9936907952554999
0.9958877944048974
0.9950522941901112
0.9932912815079569
0.9903610819728996
0.9806867996814319
0.9552477488489265
0.8943244076439587
0.7786455329049833
0.6289537973747403
0.5031418197957893
0.43316615418060966
0.4078178086826064
0.4044263913873605
0.40591643983511383
0.4062102436324666
0.4039913901622951
0.39782939180956656
0.38920787515602173
0.38175836150005105
0.37608843884813314
0.3708494472356949
0.36588065083438726
0.36132192732539625
0.35732550811404384
0.353698996461681
0.35050570204551934
0.34783486998562063
0.3456183942571076
0.3438726918602111
0.34261757344144517
0.34182577914315426
0.34149505484398435
0.34161514755869016
0.3421477943558562
0.34304076713587195
0.3442098489302874
0.34557244953690947
0.3470526195935484
0.3486066707882256
0.3502446386329343
0.35200088166875454
0.3539281452733143
0.3560501928336526
0.3582961470397008
0.36055416507069027
0.36272185667515067
0.36470277196491385
0.3664277821513451
0.3678741435131372
0.36905737753599843
0.3700137077740402
0.37078780952804613
0.3714235252689051
0.37195818835049255
0.3724208788000485
0.37283295030348795
0.37320978010357453
0.3735619495622424
0.3738959739362644
0.3742138670963897
0.3745156198916886
0.37480210703653216
0.3750726143370986
0.3753251387924592
0.3755606152828854
0.3757818335219285
0.37599015136943215
0.37618784305805053
0.37637865930754244
0.37656442911358456
0.3767431605598246
0.3769112826988088
0.3770675277558222
0.3772122691296518
0.37734663685609715
0.37747409225734363
0.37759883667149574
0.3777340298605034
0.37788719892782763
0.37802927256725405
0.3781728722107671
0.37832167819180085
0.37846551100589765
0.37862814966314207
0.37879804481750967
0.37896257037812986
0.3791173187221879
0.37925715299113194
0.379381565297338
0.37949447036744677
0.37960059626707543
0.3797052363146254
0.379813487736792
0.3799300759210993
0.38005927797552075
0.3802000343739935
0.3803429537603875
0.38047625639109284
0.38059359942386073
0.3806932598699422
0.3807772636546083
0.3808545039332689
0.38093947907065506
0.38104189153679413
0.3811603351973598
0.38128977240970374
0.3814278620085212
0.38157110256863525
0.3817131343668614
0.3818511199949428
0.381986273946336
0.382119618870975
0.38225136897994516
0.38238155079842673
0.38251019029455935
0.38263731295414494
0.38276294375244535
0.3828871071368638
0.38300982704056774
0.38313112689569784
0.3832510296461764
0.38336955776012593
0.38348673324191807
0.3836025776438621
0.38371711207754244
0.3838303572248243
0.3839423333490479
0.38405306048297017
0.38416255958150347
0.3842708534740946
0.3843779637529463
0.38448390677401245
0.38458869647481975
0.38469234838872235
0.3847948770735712
0.38489629596220243
0.3849966244991554
0.38509588926569704
0.38519411516459345
0.38529132381029796
0.3853875414780761
0.3854827943422279
0.3855770984684035
0.3856704726875211
0.3857629412075789
0.385854499095166
0.3859449929004455
0.3860341359365733
0.38612194773694664
0.38620824425468014
0.3862938322602296
0.3864787971718028
0.38662085543288116