0.4998780785174347
0.4998780785174347
0.4998780785174347
0.4998780785174347
0.4998780785174347
0.4998780785174347
0.4998780785174347
0.4998780785174347
0.4998780785174347
0.4998780785174347
0.4998780785174347
0.4998780785174347
0.4998780785174347
0.4998780785174347
0.4998780785174347
0.4998780785174347
0.4998780785174347
0.4998780785174347
0.4998780785174347
0.4998780785174347
0.4998780785174347
0.4998780785174347
0.4998780785174347
0.4998780785174347
0.4998780785174347
0.4998780785174347
0.4998780785174347
0.4998780785174347
0.4998780785174347
0.4998780785174347
0.4998780785174347
0.4998780785174347
0.4998780785174347
0.4998780785174347
0.4998780785174347
0.4998780785174347
0.4998780785174347
0.4998780785174347
0.4998780785174347
0.4998780785174347
0.4998780785174347
0.4998780785174347
0.4998780785174347
0.4998780785174347
0.4998780785174347
0.4998780785174347
0.4998780785174347
0.4998780785174347
0.4998780785174347
0.4998780785174347
0.4998780785174347
0.4998780785174347
0.4998780785174347
0.4998780785174347
0.4998780785174347
0.4998780785174347
0.4998780785174347
0.4998780785174347
0.4998780785174347
0.4998780785174347
0.4998780785174347
0.4998780785174347
0.4998780785174347
0.4998780785174347
0.4998780785174347
0.4998780785174347
0.4998780785174347
0.4998780785174347
0.4998780785174347
0.4998780785174347
0.4998780785174347
0.4998780785174347
0.4998780785174347
0.4998780785174347
0.4998780785174347
0.4998780785174347
0.4998780785174347
0.4998780785174347
0.4998780785174347
0.4998780785174347
0.4998780785174347
0.4998780785174347
0.4998780785174347
0.4998780785174347
0.4998780785174347
0.4998780785174347
0.4998780785174347
0.4998780785174347
0.4998780785174347
0.4998780785174347
0.4998780785174347
0.4998780785174347
0.4998780785174347
0.4998780785174347
0.4998780785174347
0.4998780785174347
0.7957761339694691
1.0909243578519348
1.0636806474148965
1.0392204577513067
1.041217364868355
1.0378120668956758
1.034166648659518
1.0310124926756346
1.0198783834997154
0.9917506188509785
0.9271893967974509
0.810211130123988
0.665694381244498
0.5491661113990943
0.48737708005076874
0.4678799021593707
0.46822734102411145
0.47184631260362775
0.47355623995152596
0.47281948022263254
0.468754685744562
0.46295368785348356
0.4585762076513701
0.4559334449523985
0.4537463770914295
0.4518535078798619
0.45035631370212015
0.4493084424771868
0.44854818294693166
0.448111337866251
0.44801355383182273
0.4481702484608526
0.44857639963738916
0.449218399827097
0.45006075981707416
0.45109002715901314
0.452285856605977
0.45362107201741264
0.4550599019921199
0.4565503801020573
0.45805453182038713
0.4595403178570364
0.46098770270634637
0.4624082659016536
0.46383661664516407
0.4653213331120357
0.46689307974958194
0.4685380227728696
0.4701965473447053
0.47179316422215456
0.4732559811305618
0.4745327282078847
0.47560530524008116
0.4764841500604372
0.4771953711402134
0.47777165562095114
0.478245303765363
0.4786439270099204
0.47898908497529036
0.4792966343706856
0.47957800816355667
0.4798410807405197
0.4800907035018357
0.48032836787702105
0.4805540519405095
0.4807683986196106
0.48097086251012044
0.48115992859492096
0.481336282619922
0.4815020049637956
0.48165810341015824
0.481806273756615
0.4819493242617231
0.48208862668720853
0.4822226857129036
0.48234881638848137
0.48246606079803966
0.4825746932236289
0.48267555505754
0.48277124041758157
0.48286489329479576
0.48296640190652707
0.48308145751044596
0.4831881869365834
0.48329608165176385
0.4834079157948118
0.4835160126912573
0.48363827946122895
0.48376603927845674
0.48388979140388877
0.48400621762888074
0.4841114443305795
0.48420507979234373
0.4842900645999376
0.48436995399077454
0.4844487315913574
0.48453023565837416
0.4846180266954693
0.4847153335541089
0.48482136892857597
0.48492906214655174
0.4850295317756622
0.48511798955060137
0.4851931283697849
0.48525646569508807
0.48531469960739815
0.4853787657275893
0.48545599175200194
0.48554532464725864
0.4856429673289414
0.48574715815584846
0.4858552597183331
0.4859624708245668
0.4860666460889812
0.48616870118373134
0.48626940791410134
0.4863689275245525
0.48646727945602175
0.4865644827481189
0.48666055609495873
0.48675551782320137
0.48684938587830884
0.4869421778342199
0.4870339109027292
0.48712460194259555
0.48721426746837404
0.48730292365898686
0.4873905863660474
0.4874772711219372
0.48756299314764784
0.48764776736069193
0.48773160851646635
0.4878145320811008
0.4878965549552433
0.4879776931177645
0.4880579585914223
0.48813736157475296
0.4882159134862555
0.48829362501469975
0.4883705060017679
0.4884465708555267
0.4885218394109977
0.48859633024442284
0.48867005944693587
0.4887430466589754
0.48881531146151735
0.4888868657716753
0.4889577236128707
0.48902790311411926
0.4890974003452776
0.48916609861241567
0.48923377981624994
0.48930045851638104
0.4893659940775127
0.48943095531192216
0.48956974510765044
0.4896759885528006