0.5498658863691782
0.5498658863691782
0.5498658863691782
0.5498658863691782
0.5498658863691782
0.5498658863691782
0.5498658863691782
0.5498658863691782
0.5498658863691782
0.5498658863691782
0.5498658863691782
0.5498658863691782
0.5498658863691782
0.5498658863691782
0.5498658863691782
0.5498658863691782
0.5498658863691782
0.5498658863691782
0.5498658863691782
0.5498658863691782
0.5498658863691782
0.5498658863691782
0.5498658863691782
0.5498658863691782
0.5498658863691782
0.5498658863691782
0.5498658863691782
0.5498658863691782
0.5498658863691782
0.5498658863691782
0.5498658863691782
0.5498658863691782
0.5498658863691782
0.5498658863691782
0.5498658863691782
0.5498658863691782
0.5498658863691782
0.5498658863691782
0.5498658863691782
0.5498658863691782
0.5498658863691782
0.5498658863691782
0.5498658863691782
0.5498658863691782
0.5498658863691782
0.5498658863691782
0.5498658863691782
0.5498658863691782
0.5498658863691782
0.5498658863691782
0.5498658863691782
0.5498658863691782
0.5498658863691782
0.5498658863691782
0.5498658863691782
0.5498658863691782
0.5498658863691782
0.5498658863691782
0.5498658863691782
0.5498658863691782
0.5498658863691782
0.5498658863691782
0.5498658863691782
0.5498658863691782
0.5498658863691782
0.5498658863691782
0.5498658863691782
0.5498658863691782
0.5498658863691782
0.5498658863691782
0.5498658863691782
0.5498658863691782
0.5498658863691782
0.5498658863691782
0.5498658863691782
0.5498658863691782
0.5498658863691782
0.5498658863691782
0.5498658863691782
0.5498658863691782
0.5498658863691782
0.5498658863691782
0.5498658863691782
0.5498658863691782
0.5498658863691782
0.5498658863691782
0.5498658863691782
0.5498658863691782
0.5498658863691782
0.5498658863691782
0.5498658863691782
0.5498658863691782
0.5498658863691782
0.5498658863691782
0.5498658863691782
0.5498658863691782
1.0620631308482862
1.055266870810442
1.0232267371808657
0.9926777998118793
0.9913081230006431
0.9898561073356429
0.989917916256003
0.9869925309734316
0.9774052782051814
0.9514683458410902
0.8897077350793526
0.7778125697743323
0.6453208921999222
0.546924717914062
0.5024175471331143
0.49518058134156606
0.5018831174351043
0.5079975822166481
0.5110574963395121
0.5119533691620205
0.5106568420081744
0.5085503520131366
0.507762361963546
0.508181413943802
0.5087806195651231
0.5094378215457095
0.5102185769446682
0.5111127095817026
0.5120208759502877
0.512977327630778
0.51399163531797
0.515018998504659
0.5160595090148649
0.5171162371722514
0.5181677903561489
0.5192098674176272
0.5202479387470368
0.521280698048804
0.5223017535593492
0.5232988552823293
0.5242590759158415
0.525174143488362
0.5260476220733309
0.5268984850032942
0.5277552735719505
0.528647294775984
0.5295933158820644
0.5305853470021781
0.5315875614247451
0.5325542122190715
0.5334414069932426
0.5342169277602903
0.5348692568738628
0.5354043086263555
0.5358376601653086
0.5361890161328665
0.5364779387076918
0.536721193283075
0.536931891491249
0.5371196865866797
0.5372915443972001
0.5374522656302992
0.5376048098639626
0.5377500839989274
0.5378880684375492
0.5380191524654122
0.5381429987367056
0.5382586733705931
0.5383665897677258
0.5384680180161051
0.5385635709586231
0.5386542829093278
0.5387418726361309
0.5388271815702673
0.538909293871865
0.538986561766306
0.5390583953170075
0.539124960064112
0.5391867682399744
0.5392454076937422
0.5393027985069906
0.5393650055713125
0.5394355434296704
0.5395009762957984
0.5395671295506125
0.5396357119405019
0.5397019954932746
0.539776985882035
0.5398553635450664
0.5399312953328038
0.5400027444102823
0.5400673290318069
0.5401248039428915
0.5401769716540669
0.5402260129604698
0.5402743729238538
0.5403244082663777
0.5403783060406614
0.5404380532110539
0.5405031725683781
0.5405693238746855
0.5406310484364344
0.5406854006063614
0.5407315732560308
0.5407704933021719
0.5408062723671568
0.5408456327681966
0.5408930845002647
0.5409479841110568
0.5410079982026806
0.5410720459082602
0.5411385082779466
0.5412044320030797
0.5412684955866137
0.5413312617100413
0.5413932050874296
0.5414544247383454
0.5415149323964231
0.5415747395558649
0.5416338575055756
0.5416922973154007
0.5417500698274044
0.5418071856615813
0.5418636552214006
0.5419194886991848
0.5419746960813324
0.5420292871533864
0.5420832715049585
0.5421366585345103
0.542189457453993
0.5422416772934723
0.5422933269876703
0.5423444159137191
0.542394954338803
0.5424449519686873
0.542494416074789
0.5425433528066647
0.5425917690702994
0.5426396713255596
0.5426870655110371
0.5427339603836302
0.542780368053665
0.5428262998608547
0.5428717656144185
0.5429167773184306
0.5429613469483711
0.5430054817527564
0.543049190281884
0.5430924836336178
0.5431353593384701
0.543177745343893
0.5432195068656022
0.543260652819917
0.5433010959558674
0.5433411555988897
0.5434251157015554
0.5434890204708777