0.32492075103633256
0.32492075103633256
0.32492075103633256
0.32492075103633256
0.32492075103633256
0.32492075103633256
0.32492075103633256
0.32492075103633256
0.32492075103633256
0.32492075103633256
0.32492075103633256
0.32492075103633256
0.32492075103633256
0.32492075103633256
0.32492075103633256
0.32492075103633256
0.32492075103633256
0.32492075103633256
0.32492075103633256
0.32492075103633256
0.32492075103633256
0.32492075103633256
0.32492075103633256
0.32492075103633256
0.32492075103633256
0.32492075103633256
0.32492075103633256
0.32492075103633256
0.32492075103633256
0.32492075103633256
0.32492075103633256
0.32492075103633256
0.32492075103633256
0.32492075103633256
0.32492075103633256
0.32492075103633256
0.32492075103633256
0.32492075103633256
0.32492075103633256
0.32492075103633256
0.32492075103633256
0.32492075103633256
0.32492075103633256
0.32492075103633256
0.32492075103633256
0.32492075103633256
0.32492075103633256
0.32492075103633256
0.32492075103633256
0.32492075103633256
0.32492075103633256
0.32492075103633256
0.32492075103633256
0.32492075103633256
0.32492075103633256
0.32492075103633256
0.32492075103633256
0.32492075103633256
0.32492075103633256
0.32492075103633256
0.32492075103633256
0.32492075103633256
0.32492075103633256
0.32492075103633256
0.32492075103633256
0.32492075103633256
0.32492075103633256
0.32492075103633256
0.32492075103633256
0.32492075103633256
0.32492075103633256
0.32492075103633256
0.32492075103633256
0.32492075103633256
0.32492075103633256
0.32492075103633256
0.32492075103633256
0.32492075103633256
0.32492075103633256
0.32492075103633256
0.32492075103633256
0.32492075103633256
0.32492075103633256
0.32492075103633256
0.32492075103633256
0.32492075103633256
0.32492075103633256
0.32492075103633256
0.32492075103633256
0.32492075103633256
0.32492075103633256
0.32492075103633256
0.32492075103633256
0.32492075103633256
0.32492075103633256
0.32492075103633256
0.32492075103633256
0.32492075103633256
0.32492075103633256
0.32492075103633256
0.32492075103633256
0.32492075103633256
0.32492075103633256
0.32492075103633256
0.32492075103633256
0.39499190619665314
0.39248608191597734
0.3899802576353016
0.38747443335462584
0.3849686090739501
0.38246278479327434
0.3799569605125986
0.3914562414919999
0.3889504172113242
0.36141311134065346
0.3395891444539939
0.323116368579474
0.31105516702778224
0.30180091410531396
0.2945320699795495
0.2893434355835016
0.28646881826733794
0.28612403401961717
0.288089471615236
0.2914285742071483
0.29514716683981423
0.2985817756102107
0.30143200539029036
0.3037372745590934
0.30563042354482883
0.30720732473371726
0.3085374461096171
0.3096920950449442
0.3107190219428244
0.3116334835601229
0.31243033832078226
0.31310324901967745
0.3136658701290911
0.3141402265449098
0.31453401554524274
0.3148550894897435
0.3151231366132723
0.31535257496690927
0.31555159899512275
0.31573139563027586
0.31589975254682456
0.31605749237244063
0.31620431126267623
0.3163408783241912
0.3164684714031518
0.31658980036437945
0.31670736642642106
0.316821361928713
0.3169309160034468
0.3170358243206588
0.3171362956509236
0.31723271082082927
0.3173259820995604
0.3174171176123528
0.3175053890027002
0.31758870461836275
0.3176662054035775
0.31773813709578946
0.3178047529705401
0.31786733070903694
0.3179280582746815
0.31798798948312856
0.31804713890331127
0.3181055203267491
0.31816288874158416
0.31821823070411503
0.3182703121543853
0.3183187189620773
0.3183635627432977
0.31840519022115576
0.31844467233782914
0.3184833006803476
0.31852515748918253
0.31857261246911794
0.31861661696262744
0.3186610890339219
0.31870718368099227
0.3187517129723305
0.3188020775909577
0.3188547010552074
0.31890566443873314
0.3189536034229856
0.3189969228905738
0.3190354616998372
0.3190704317508237
0.3191032969425678
0.319135696789701
0.3191692101413748
0.31920530065753794
0.3192452974161235
0.31928887940670214
0.31933314038242266
0.3193744280475135
0.3194107746821826
0.3194416439714225
0.31946765775818853
0.3194915650684138
0.31951785878683503
0.3195495518770104
0.3195862116968413
0.3196262761432911
0.31966902107430184
0.31971336453098353
0.31975733483096724
0.31980005050842464
0.3198418877561895
0.3198831638041735
0.3199239451353002
0.31996423999156787
0.32000405644192953
0.32004340240548257
0.3200822856427241
0.32012071375016515
0.3201586941645467
0.32019623416692444
0.3202333408866338
0.3202700213051364
0.32030628225975044
0.3203421304472702
0.3203775724274778
0.32041261462655446
0.3204472633403894
0.3204815247377921
0.3205154048636125
0.32054890964177063
0.3205820448781991
0.32061481626370125
0.32064722937672685
0.3206792896860702
0.32071100255349205
0.3207423732362671
0.32077340688965994
0.3208041085693323
0.32083448323368313
0.3208645357461235
0.3208942708772915
0.3209236933072035
0.3209528076273467
0.32098161834271477
0.3210101298737913
0.32103834655847785
0.32106627265396637
0.3210939123385679
0.3211212697135004
0.32114834881794097
0.32117517254639805
0.32122890914848673
0.3212692925086206