0.3999024628139478
0.3999024628139478
0.3999024628139478
0.3999024628139478
0.3999024628139478
0.3999024628139478
0.3999024628139478
0.3999024628139478
0.3999024628139478
0.3999024628139478
0.3999024628139478
0.3999024628139478
0.3999024628139478
0.3999024628139478
0.3999024628139478
0.3999024628139478
0.3999024628139478
0.3999024628139478
0.3999024628139478
0.3999024628139478
0.3999024628139478
0.3999024628139478
0.3999024628139478
0.3999024628139478
0.3999024628139478
0.3999024628139478
0.3999024628139478
0.3999024628139478
0.3999024628139478
0.3999024628139478
0.3999024628139478
0.3999024628139478
0.3999024628139478
0.3999024628139478
0.3999024628139478
0.3999024628139478
0.3999024628139478
0.3999024628139478
0.3999024628139478
0.3999024628139478
0.3999024628139478
0.3999024628139478
0.3999024628139478
0.3999024628139478
0.3999024628139478
0.3999024628139478
0.3999024628139478
0.3999024628139478
0.3999024628139478
0.3999024628139478
0.3999024628139478
0.3999024628139478
0.3999024628139478
0.3999024628139478
0.3999024628139478
0.3999024628139478
0.3999024628139478
0.3999024628139478
0.3999024628139478
0.3999024628139478
0.3999024628139478
0.3999024628139478
0.3999024628139478
0.3999024628139478
0.3999024628139478
0.3999024628139478
0.3999024628139478
0.3999024628139478
0.3999024628139478
0.3999024628139478
0.3999024628139478
0.3999024628139478
0.3999024628139478
0.3999024628139478
0.3999024628139478
0.3999024628139478
0.3999024628139478
0.3999024628139478
0.3999024628139478
0.3999024628139478
0.3999024628139478
0.3999024628139478
0.3999024628139478
0.3999024628139478
0.3999024628139478
0.3999024628139478
0.3999024628139478
0.3999024628139478
0.3999024628139478
0.3999024628139478
0.3999024628139478
0.3999024628139478
0.3999024628139478
0.3999024628139478
0.3999024628139478
0.6458350722642521
0.6451128391217491
0.6466247314204938
0.647446851020435
0.6477427215625449
0.6477364378987716
0.6476131351389103
0.6473807132291544
0.6469998218505303
0.6445530435019399
0.6395249340776749
0.6311595754323609
0.6166539471584291
0.5952194441301467
0.5666671670740101
0.5320754220057249
0.4949020639275572
0.4598823020751226
0.4307062456620182
0.4084486856744788
0.39231443438449665
0.38122929021673047
0.37390335041131384
0.36900450989938616
0.36595494546521923
0.3646320492017222
0.3649216790941746
0.36671261288362755
0.3696322113180617
0.3729748716339303
0.3761231763843733
0.3788204921153604
0.38104743627725846
0.38285564538336336
0.3843461865781257
0.38559209781903947
0.38664628459005423
0.38756388828029853
0.388381980801056
0.3891120912326438
0.38974956201881983
0.3902887997055611
0.39074031136515885
0.3911214625322421
0.3914382083343304
0.39169668685719095
0.39191263012017186
0.3920975815310921
0.3922580981531285
0.3924031739797693
0.3925390785150087
0.39266646504122504
0.3927850777600359
0.39289544763774154
0.39299859896144507
0.39309671669688595
0.39319182061464697
0.3932840639953079
0.3933727391849142
0.3934576776482046
0.3935390454314607
0.39361714816286564
0.3936927226880409
0.39376658485334803
0.393838143270105
0.3939056998269319
0.3939685548702616
0.39402690487554204
0.39408095250024666
0.394131732137051
0.39418101834572705
0.3942296661313114
0.39427768702889776
0.3943250920192025
0.394371682016206
0.39441663346540357
0.3944589428746428
0.39449827252814873
0.39453471189863243
0.39456854155009746
0.39460063101806386
0.39463202899404304
0.39466605452415426
0.3947046378292882
0.39474041915585656
0.3947765854804499
0.394814076182352
0.39485029685221185
0.3948912704409888
0.3949340885885546
0.39497556226451036
0.3950145804382925
0.39504984333812376
0.3950812181580232
0.39510969034450993
0.39513645104775086
0.3951628349808074
0.39519012794877884
0.3952195224444608
0.39525210213585393
0.39528760703868193
0.39532367023907367
0.3953573152953507
0.39538693741482533
0.3954120980052116
0.3954333024027574
0.39545279041160275
0.3954742247985792
0.3955000631657273
0.3955299541048223
0.3955626248419637
0.3955974858008855
0.39563365534679495
0.3956695252499254
0.3957043760150032
0.39573851426666784
0.3957721986862557
0.3958054833893605
0.39583837496786933
0.3958708798767352
0.3959030044527665
0.3959347549073511
0.39596613732191766
0.3959971576512442
0.3960278217266635
0.3960581352591752
0.3960881038424675
0.3961177329558445
0.39614702796707024
0.3961759941351317
0.3962046366129186
0.3962329604498247
0.39626097059427656
0.3962886718961893
0.3963160691093488
0.3963431668937296
0.39636996981774675
0.39639648236044045
0.3964227089136043
0.3964486537838512
0.39647432119462134
0.39649971528813555
0.39652484012729405
0.3965496996975231
0.39657429790857157
0.3965986385962583
0.3966227255241692
0.3966465623853128
0.39667015280373064
0.3966935003360612
0.39671660847306334
0.3967394806411002
0.3967621202035845
0.3967845304623878
0.3968067146665548
0.39682868873841914
0.39687274969347897
0.3969058725684287