0.474884174591563
0.474884174591563
0.474884174591563
0.474884174591563
0.474884174591563
0.474884174591563
0.474884174591563
0.474884174591563
0.474884174591563
0.474884174591563
0.474884174591563
0.474884174591563
0.474884174591563
0.474884174591563
0.474884174591563
0.474884174591563
0.474884174591563
0.474884174591563
0.474884174591563
0.474884174591563
0.474884174591563
0.474884174591563
0.474884174591563
0.474884174591563
0.474884174591563
0.474884174591563
0.474884174591563
0.474884174591563
0.474884174591563
0.474884174591563
0.474884174591563
0.474884174591563
0.474884174591563
0.474884174591563
0.474884174591563
0.474884174591563
0.474884174591563
0.474884174591563
0.474884174591563
0.474884174591563
0.474884174591563
0.474884174591563
0.474884174591563
0.474884174591563
0.474884174591563
0.474884174591563
0.474884174591563
0.474884174591563
0.474884174591563
0.474884174591563
0.474884174591563
0.474884174591563
0.474884174591563
0.474884174591563
0.474884174591563
0.474884174591563
0.474884174591563
0.474884174591563
0.474884174591563
0.474884174591563
0.474884174591563
0.474884174591563
0.474884174591563
0.474884174591563
0.474884174591563
0.474884174591563
0.474884174591563
0.474884174591563
0.474884174591563
0.474884174591563
0.474884174591563
0.474884174591563
0.474884174591563
0.474884174591563
0.474884174591563
0.474884174591563
0.474884174591563
0.474884174591563
0.474884174591563
0.474884174591563
0.474884174591563
0.474884174591563
0.474884174591563
0.474884174591563
0.474884174591563
0.474884174591563
0.474884174591563
0.474884174591563
0.474884174591563
0.474884174591563
0.474884174591563
0.474884174591563
0.474884174591563
0.474884174591563
0.474884174591563
0.7473898438794173
0.7443762351335819
0.746089028133331
0.7477095678313853
0.7483382561211809
0.7483270605281868
0.7481153905625664
0.7477361454662532
0.7471503626178029
0.7442152904191148
0.7378452581427386
0.7272540649836257
0.7101156038384364
0.6859797287375347
0.6552552700538359
0.619897805894327
0.5837869443455845
0.5508215860100301
0.5231126459310911
0.5007582789559251
0.48287267177715715
0.4686766372308942
0.457474756511777
0.4485217311752793
0.44158512752580353
0.4367904394029835
0.4342371229148558
0.4340938380494583
0.4361428861444831
0.43949430341323986
0.44322365742122555
0.4467150824248726
0.44964972421030586
0.4520346253900766
0.45400327644731026
0.45565188743375534
0.45704951301957636
0.4582682232169188
0.4593565021961596
0.46032915062624163
0.4611795059722545
0.46189968662100006
0.4625033461428882
0.46301339188189256
0.4634375746086052
0.46378395945148715
0.46407350756216265
0.4643216182308129
0.4645370436328415
0.46473182207711944
0.4649143482854911
0.4650854875546468
0.4652448868840359
0.4653932507855136
0.4655319491365619
0.46566391373134336
0.4657918556354545
0.4659159776319221
0.4660353251822486
0.46614966864084656
0.4662592286227231
0.4663644142634659
0.466466215765781
0.46656572946364444
0.46666215623841073
0.46675320629659794
0.4668379343414634
0.46691660220734493
0.4669894809943386
0.4670579638963452
0.4671244422210405
0.46719006805951685
0.46725485667113514
0.46731882244132067
0.46738169598510265
0.46744236517577303
0.4674994750237966
0.46755256865891565
0.4676017657159856
0.4676474442512754
0.4676907776760057
0.46773318304572403
0.46777914241053836
0.4678312586491075
0.4678795966045774
0.46792846092330204
0.467979117607294
0.46802806698003047
0.46808344360202064
0.4681413181034772
0.4681973814913502
0.4682501308676225
0.46829780826187156
0.4683402331707069
0.4683787370070675
0.46841492991713823
0.468450616701842
0.4684875365332541
0.4685273029159129
0.46857138208268995
0.46861942240419746
0.46866822173877337
0.46871375273506083
0.46875384292699634
0.46878789766042334
0.46881660048973267
0.46884298327586
0.46887200393603007
0.4689069891603103
0.46894746403124116
0.46899170672492846
0.4690389197496391
0.4690879095175908
0.46913649840639876
0.46918371201259496
0.4692299653554974
0.46927560858971
0.46932071485631804
0.46936529293766166
0.4694093514351014
0.46945289879432844
0.46949594329536043
0.46953849304625556
0.4695805559874568
0.46962213989600626
0.4696632523896362
0.4697039009307355
0.4697440928302054
0.46978383525120043
0.4698231352127575
0.4698619995933228
0.4699004351341795
0.46993844844277105
0.4699760459959343
0.47001323414303914
0.4700500191090395
0.4700864069974388
0.47012240379317055
0.4701580153653994
0.47019324747024455
0.47022810575342894
0.4702625957528525
0.47029672290109586
0.47033049252785747
0.4703639098623215
0.47039698003546276
0.47042970808229095
0.4704620989440322
0.4704941574702525
0.47052588842092574
0.47055729646844496
0.47058838619958293
0.4706191621174007
0.47064962864311716
0.47067979013678246
0.47070967493944876
0.47077028145946237
0.47081600820804675