0.5498658863691782
0.5498658863691782
0.5498658863691782
0.5498658863691782
0.5498658863691782
0.5498658863691782
0.5498658863691782
0.5498658863691782
0.5498658863691782
0.5498658863691782
0.5498658863691782
0.5498658863691782
0.5498658863691782
0.5498658863691782
0.5498658863691782
0.5498658863691782
0.5498658863691782
0.5498658863691782
0.5498658863691782
0.5498658863691782
0.5498658863691782
0.5498658863691782
0.5498658863691782
0.5498658863691782
0.5498658863691782
0.5498658863691782
0.5498658863691782
0.5498658863691782
0.5498658863691782
0.5498658863691782
0.5498658863691782
0.5498658863691782
0.5498658863691782
0.5498658863691782
0.5498658863691782
0.5498658863691782
0.5498658863691782
0.5498658863691782
0.5498658863691782
0.5498658863691782
0.5498658863691782
0.5498658863691782
0.5498658863691782
0.5498658863691782
0.5498658863691782
0.5498658863691782
0.5498658863691782
0.5498658863691782
0.5498658863691782
0.5498658863691782
0.5498658863691782
0.5498658863691782
0.5498658863691782
0.5498658863691782
0.5498658863691782
0.5498658863691782
0.5498658863691782
0.5498658863691782
0.5498658863691782
0.5498658863691782
0.5498658863691782
0.5498658863691782
0.5498658863691782
0.5498658863691782
0.5498658863691782
0.5498658863691782
0.5498658863691782
0.5498658863691782
0.5498658863691782
0.5498658863691782
0.5498658863691782
0.5498658863691782
0.5498658863691782
0.5498658863691782
0.5498658863691782
0.5498658863691782
0.5498658863691782
0.5498658863691782
0.5498658863691782
0.5498658863691782
0.5498658863691782
0.5498658863691782
0.5498658863691782
0.5498658863691782
0.5498658863691782
0.5498658863691782
0.5498658863691782
0.5498658863691782
0.5498658863691782
0.5498658863691782
0.5498658863691782
0.5498658863691782
0.5498658863691782
0.5498658863691782
0.5498658863691782
0.793672693549996
0.7874864131509817
0.7833359051211819
0.7844721194219337
0.784729857382303
0.7847166322733176
0.7844699759415656
0.7840325381480406
0.7831643937093866
0.779751526586812
0.772533926202113
0.7603660348249832
0.7409526875746806
0.7140457387228142
0.6808976512276044
0.644912123765337
0.6108862594215216
0.5823091168697782
0.5602627847136096
0.544070864438031
0.532423724788288
0.5243393327085409
0.519114354900394
0.5160059676222676
0.5145464315759044
0.5144863065813164
0.515627176880875
0.5178539697772048
0.5208513139652821
0.5240199285384503
0.5269248951005904
0.529431053227524
0.5315107919264394
0.5332066904979446
0.5346114637604745
0.5357919532088339
0.5367958077133991
0.5376735089973265
0.5384591759197016
0.5391629176834517
0.5397793937459238
0.5403023866029458
0.5407413934676139
0.5411127802602637
0.5414219694531078
0.5416746647656062
0.5418860445696404
0.5420672822290272
0.542224723043388
0.5423671380017901
0.5425006525944848
0.5426258895267854
0.542742580136467
0.5428512306963894
0.5429528358948793
0.5430495378352697
0.5431433207160256
0.5432343311273163
0.5433218661646771
0.5434057542500256
0.5434861542910606
0.5435633637134708
0.543638107235434
0.5437111891002707
0.5437820216047654
0.5438489201035118
0.5439111868423493
0.5439690114604537
0.5440225903202079
0.5440729453269545
0.5441218340758956
0.5441701037172809
0.5442177651914221
0.54426482890741
0.5443110966329266
0.5443557494926751
0.54439778898686
0.5444368774634719
0.5444731017676029
0.5445067390028743
0.5445386524388459
0.5445698842766521
0.5446037367550308
0.5446421324305192
0.5446777474880223
0.5447137549772584
0.5447510884594365
0.5447871658899827
0.5448279873220861
0.544870657437278
0.5449119986582095
0.5449509020282016
0.54498606939484
0.5450173658392076
0.545045772328019
0.5450724759986182
0.5450988081970719
0.5451260523408884
0.5451553996099553
0.5451879334468052
0.5452233960892553
0.5452594245460399
0.5452930446698342
0.545322650876572
0.5453478024135819
0.545369002398887
0.5453884889943864
0.5454099247695817
0.5454357688216517
0.5454656717378304
0.545498362231773
0.5455332520007571
0.545569459844336
0.5456053762064347
0.5456402802853871
0.5456744786019222
0.5457082299040256
0.5457415881440039
0.5457745596833213
0.5458071507537833
0.5458393674761229
0.5458712158524733
0.5459027017615791
0.5459338309618801
0.5459646090945066
0.5459950416861817
0.546025134152044
0.5460548917983875
0.5460843198253201
0.5461134233293464
0.5461422073058776
0.5461706766516695
0.5461988361671916
0.546226690558926
0.5462542444416073
0.5462815023403961
0.5463084686929905
0.5463351478516835
0.5463615440853596
0.5463876615814384
0.5464135044477635
0.5464390767144419
0.5464643823356307
0.5464894251912767
0.5465142090888101
0.5465387377647911
0.5465630148865147
0.5465870440535691
0.5466108287993562
0.5466343725925716
0.5466576788386416
0.546680750881127
0.5467035920030906
0.54672620542843
0.5467485943308766
0.546770775053052
0.5468156904016198
0.5468495637426143