0.625
0.625
0.625
0.625
0.625
0.625
0.625
0.625
0.625
0.625
0.625
0.625
0.625
0.625
0.625
0.625
0.625
0.625
0.625
0.625
0.625
0.625
0.625
0.625
0.625
0.625
0.625
0.625
0.625
0.625
0.625
0.625
0.625
0.625
0.625
0.625
0.625
0.625
0.625
0.625
0.625
0.625
0.625
0.625
0.625
0.625
0.625
0.625
0.625
0.625
0.625
0.625
0.625
0.625
0.625
0.625
0.625
0.625
0.625
0.625
0.625
0.625
0.625
0.625
0.625
0.625
0.625
0.625
0.625
0.625
0.625
0.625
0.625
0.625
0.625
0.625
0.625
0.625
0.625
0.625
0.625
0.625
0.625
0.625
0.625
0.625
0.625
0.625
0.625
0.625
0.625
0.625
0.625
0.625
0.8538107461504743
0.8457046302277309
0.833387865908757
0.8225226348614474
0.8241589454015429
0.8244719196807968
0.8244554995992807
0.8241551793646452
0.8236288531638889
0.8225533269684498
0.8186603160369472
0.8103385967647094
0.7962164159391708
0.7741256420203328
0.7444564109242007
0.7100814779698077
0.6759973924886362
0.6470584429152557
0.625458411514894
0.6108935405888694
0.6017774988789737
0.5964342077056897
0.5938246213421681
0.5931994822533913
0.5937968013604977
0.595107701172142
0.5968607716219236
0.5989417056632547
0.6013077924278594
0.6037652129090894
0.6060757119750275
0.6081470315920114
0.6099435255580048
0.6114413343016474
0.6126676062780885
0.6136870302501407
0.6145464499036244
0.615279312682413
0.6159216429044467
0.6164978880381731
0.6170150857648955
0.6174689699177409
0.6178546308428214
0.6181787923243189
0.6184533386700322
0.6186821278581696
0.618869262132888
0.6190259035668619
0.6191602841583457
0.6192770759795323
0.6193827664375009
0.6194818921305392
0.6195749081878636
0.6196616080092467
0.6197423612363067
0.6198179013845073
0.6198898171123215
0.619959582137088
0.6200273039947941
0.6200924576207516
0.6201549131535806
0.6202147868615393
0.6202722983142355
0.6203279858632755
0.6203824480879536
0.6204352463297433
0.6204851231144395
0.6205315560553641
0.6205746846077531
0.6206146532535994
0.6206522227300533
0.6206887037751945
0.6207247283854413
0.6207603045282926
0.6207954398350881
0.6208299862447069
0.6208633319813694
0.6208947305787871
0.6209239289332675
0.6209509910579247
0.6209761231212609
0.620999969550601
0.6210233082854955
0.6210486076991879
0.6210773076404514
0.6211039314778262
0.6211308520462375
0.6211587674892343
0.6211857457932144
0.6212162762512112
0.621248194340426
0.6212791228922558
0.6213082317374892
0.621334548471641
0.6213579709405628
0.6213792324650127
0.6213992210564356
0.6214189330798501
0.6214393293741796
0.6214613020794428
0.6214856632664034
0.6215122210501636
0.6215392063273626
0.6215643910043234
0.6215865713854609
0.621605416172998
0.6216213012040002
0.6216359027754343
0.6216519656261714
0.6216713336071007
0.6216937458244374
0.6217182500780725
0.6217444060600625
0.6217715537245114
0.621798486257215
0.6218246628312274
0.6218503131101167
0.621875631050572
0.6219006570268473
0.6219253957163531
0.6219498517021576
0.621974029486843
0.6219979334867638
0.6220215680283623
0.6220449373503918
0.6220680456060776
0.6220908968652132
0.6221134951161984
0.6221358442680192
0.6221579481521653
0.6221798105244991
0.6222014350670717
0.6222228253898825
0.6222439850325934
0.6222649174661941
0.6222856260946221
0.6223061142563369
0.6223263852258487
0.6223464422152079
0.6223662883754519
0.6223859267980156
0.6224053605160984
0.6224245925059986
0.62244362568841
0.6224624629296835
0.6224811070430558
0.6224995607898469
0.6225178268806228
0.622535907976328
0.6225538066893899
0.6225715255847941
0.6225890671811305
0.6226064339516117
0.6226236283250675
0.622640652686913
0.6226575093833846
0.6226742082242875
0.6227080339734372
0.622733547604642