0.24993903925871735
0.24993903925871735
0.24993903925871735
0.24993903925871735
0.24993903925871735
0.24993903925871735
0.24993903925871735
0.24993903925871735
0.24993903925871735
0.24993903925871735
0.24993903925871735
0.24993903925871735
0.24993903925871735
0.24993903925871735
0.24993903925871735
0.24993903925871735
0.24993903925871735
0.24993903925871735
0.24993903925871735
0.24993903925871735
0.24993903925871735
0.24993903925871735
0.24993903925871735
0.24993903925871735
0.24993903925871735
0.24993903925871735
0.24993903925871735
0.24993903925871735
0.24993903925871735
0.24993903925871735
0.24993903925871735
0.24993903925871735
0.24993903925871735
0.24993903925871735
0.24993903925871735
0.24993903925871735
0.24993903925871735
0.24993903925871735
0.24993903925871735
0.24993903925871735
0.24993903925871735
0.24993903925871735
0.24993903925871735
0.24993903925871735
0.24993903925871735
0.24993903925871735
0.24993903925871735
0.24993903925871735
0.24993903925871735
0.24993903925871735
0.24993903925871735
0.24993903925871735
0.24993903925871735
0.24993903925871735
0.24993903925871735
0.24993903925871735
0.24993903925871735
0.24993903925871735
0.24993903925871735
0.24993903925871735
0.24993903925871735
0.24993903925871735
0.24993903925871735
0.24993903925871735
0.24993903925871735
0.24993903925871735
0.24993903925871735
0.24993903925871735
0.24993903925871735
0.24993903925871735
0.24993903925871735
0.24993903925871735
0.24993903925871735
0.24993903925871735
0.24993903925871735
0.24993903925871735
0.24993903925871735
0.24993903925871735
0.24993903925871735
0.24993903925871735
0.24993903925871735
0.24993903925871735
0.24993903925871735
0.24993903925871735
0.24993903925871735
0.24993903925871735
0.24993903925871735
0.24993903925871735
0.24993903925871735
0.24993903925871735
0.24993903925871735
0.24993903925871735
0.24993903925871735
0.24993903925871735
0.24993903925871735
0.24993903925871735
0.24993903925871735
0.24993903925871735
0.24993903925871735
0.24993903925871735
0.24993903925871735
0.24993903925871735
0.24993903925871735
0.24993903925871735
0.24993903925871735
0.3954336505298257
0.3938113149154952
0.3921889793011647
0.39056664368683414
0.38894430807250363
0.3873219724581731
0.4014923368296176
0.3998700012152871
0.36710699874921016
0.33573317865824864
0.30636752205513035
0.2796806054167405
0.2565871687534465
0.2375916412549421
0.22299232256043894
0.21300794178387067
0.20743393433481278
0.2055708234270704
0.20644008553617837
0.20900233739100332
0.2124209871516945
0.21608513177194394
0.21949355783102892
0.2224062188318719
0.22485532681047254
0.22690695998358273
0.22863491649950302
0.23013108335044513
0.23145854138122007
0.2326379654061153
0.2336636251233835
0.23452824033017655
0.2352500786493466
0.23585790253347688
0.23636195098123364
0.2367725689325833
0.2371151254736848
0.23740816129917547
0.23766222164388556
0.23789163212231862
0.23810635054999035
0.23830744318619274
0.23849453974822837
0.23866850852331006
0.23883099125354496
0.23898544808927796
0.23913506739258655
0.23928009741887096
0.2394194351197954
0.23955282576777598
0.23968053965225017
0.23980306545296487
0.23992156597403042
0.2400373233072804
0.24014941380298122
0.24025518563012344
0.2403535533853008
0.24044483355857943
0.24052935227050326
0.24060873436043356
0.2406857566063743
0.24076175584387577
0.24083675101007113
0.24091075989207617
0.2409834719962654
0.24105360363124922
0.2411195929059778
0.24118091729023244
0.24123772021616424
0.24129044291520368
0.24134044311761765
0.24138935860314997
0.2414423569507907
0.24150243067942007
0.24155813111213426
0.24161441553778912
0.2416727450060943
0.24172908923491204
0.2417928058207302
0.24185936801650848
0.2419238196660774
0.2419844365928439
0.2420392044698268
0.24208792246298466
0.2421321245820363
0.24217366246346633
0.2422146087173805
0.24225695844192946
0.24230256032429393
0.24235309150986223
0.24240814362778212
0.24246404425687756
0.24251618179256856
0.24256207377481181
0.24260104571453117
0.24263388546415704
0.24266406524886613
0.24269725587004293
0.24273725771575833
0.24278352235157624
0.24283407690555175
0.24288800597536603
0.24294394309518302
0.24299940113333457
0.2430532691315313
0.2431060220082653
0.24315806002680757
0.24320946722888231
0.24326025422527336
0.24331043140184533
0.24336000894899162
0.24340899685083422
0.24345740487865603
0.24350524259642797
0.24355251936616612
0.2435992443531239
0.24364542653082993
0.243691074685972
0.24373619742313385
0.24378080316939227
0.24382490017877673
0.24386849653659654
0.24391160016364283
0.24395421882026352
0.24399636011032105
0.24403803148503816
0.2440792402467265
0.24411999355241126
0.2441602984173537
0.24420016171846887
0.24423959019764913
0.24427859046499273
0.24431716900194173
0.24435533216433197
0.244393086185357
0.2444304371784501
0.2444673911400866
0.2445039539525105
0.24454013138638225
0.24457592910335785
0.24461135265859807
0.2446464075032047
0.24468109898659735
0.24471543235884657
0.24474941279941193
0.24478307539607053
0.24485075625477482
0.24490167714892516