0.7001341136308218
0.7001341136308218
0.7001341136308218
0.7001341136308218
0.7001341136308218
0.7001341136308218
0.7001341136308218
0.7001341136308218
0.7001341136308218
0.7001341136308218
0.7001341136308218
0.7001341136308218
0.7001341136308218
0.7001341136308218
0.7001341136308218
0.7001341136308218
0.7001341136308218
0.7001341136308218
0.7001341136308218
0.7001341136308218
0.7001341136308218
0.7001341136308218
0.7001341136308218
0.7001341136308218
0.7001341136308218
0.7001341136308218
0.7001341136308218
0.7001341136308218
0.7001341136308218
0.7001341136308218
0.7001341136308218
0.7001341136308218
0.7001341136308218
0.7001341136308218
0.7001341136308218
0.7001341136308218
0.7001341136308218
0.7001341136308218
0.7001341136308218
0.7001341136308218
0.7001341136308218
0.7001341136308218
0.7001341136308218
0.7001341136308218
0.7001341136308218
0.7001341136308218
0.7001341136308218
0.7001341136308218
0.7001341136308218
0.7001341136308218
0.7001341136308218
0.7001341136308218
0.7001341136308218
0.7001341136308218
0.7001341136308218
0.7001341136308218
0.7001341136308218
0.7001341136308218
0.7001341136308218
0.7001341136308218
0.7001341136308218
0.7001341136308218
0.7001341136308218
0.7001341136308218
0.7001341136308218
0.7001341136308218
0.7001341136308218
0.7001341136308218
0.7001341136308218
0.7001341136308218
0.7001341136308218
0.7001341136308218
0.7001341136308218
0.7001341136308218
0.7001341136308218
0.7001341136308218
0.7001341136308218
0.7001341136308218
0.7001341136308218
0.7001341136308218
0.7001341136308218
0.7001341136308218
0.7001341136308218
0.7001341136308218
0.7001341136308218
0.7001341136308218
0.7001341136308218
0.7001341136308218
0.7001341136308218
0.7001341136308218
0.7001341136308218
0.7001341136308218
0.7001341136308218
0.7001341136308218
0.9543120518028019
0.9524166141420485
0.9340191856533102
0.9175483458549976
0.9197824181986558
0.9201671831614254
0.9201463776980057
0.9197758262405311
0.9191382703193638
0.917450190400583
0.9122139581036915
0.9018548443971284
0.8851421181925072
0.8605722043030265
0.8294484619366951
0.795501052271645
0.7632367758126756
0.7357029139348275
0.713843439987425
0.6973289199347883
0.6850200463116848
0.6759043005513056
0.6697082784299858
0.6661516394231243
0.6645143089207448
0.6642321079333545
0.6649995767242024
0.6666367854354759
0.6690616200274383
0.6720131257407523
0.6750006407346912
0.6777086195503547
0.6800620953972535
0.6820282884811714
0.6836413120305013
0.6849850709508777
0.6861202653719632
0.687090143138862
0.6879416626740172
0.6887067509534733
0.6893944055369244
0.6899986511631905
0.6905126663497451
0.6909451550995044
0.6913117650325499
0.6916174985705047
0.6918677290899432
0.6920772991288521
0.6922571685493243
0.6924135598804474
0.6925551381299683
0.6926879654884014
0.6928126435679623
0.6929288888089434
0.6930371904340537
0.6931385271155713
0.6932350257702263
0.6933286603477112
0.6934195729145362
0.6935070569074696
0.693590935941517
0.6936713641042113
0.6937486346127536
0.6938234692615687
0.6938966707657473
0.6939676480189608
0.6940347093749669
0.6940971507050476
0.6941551574024073
0.6942089221833089
0.6942594671457746
0.6943085544672719
0.6943570338117467
0.6944049156910873
0.6944522100976832
0.6944987172686251
0.6945436131154316
0.6945858921080402
0.6946252126657629
0.6946616601500132
0.6946955116418562
0.6947276346404351
0.6947590775144191
0.6947931655240381
0.6948318365481562
0.6948677145436747
0.6949039968144456
0.6949416223582275
0.6949779904965933
0.6950191503899247
0.6950621848912121
0.6951038897380099
0.6951431447923303
0.6951786380459754
0.6952102309476834
0.6952389118030403
0.6952658779919395
0.6952924734421745
0.6953199945316183
0.6953496453454789
0.6953825219900697
0.6954183657698073
0.6954547893697621
0.695488785484676
0.6955187286618622
0.6955441708120017
0.6955656189060536
0.6955853361735204
0.6956070285876778
0.6956331859506267
0.6956634566250818
0.6956965556486242
0.695731888956073
0.6957685652747386
0.6958049546044428
0.6958403263011576
0.6958749904359806
0.6959092089031639
0.6959430361400146
0.6959764783610977
0.6960095416566515
0.6960422320112117
0.6960745552957549
0.6961065172626236
0.6961381235484388
0.6961693796769314
0.6962002910616899
0.6962308630088282
0.6962611007195795
0.6962910092928162
0.6963205937274987
0.6963498589250555
0.6963788096916946
0.696407450740652
0.6964357866943759
0.6964638220866538
0.6964915613646795
0.6965190088910601
0.6965461689457738
0.6965730457280713
0.6965996433583251
0.6966259658798307
0.696652017260558
0.6966778013948559
0.696703322105113
0.6967285831433733
0.6967535881929091
0.6967783408697515
0.6968028447241815
0.6968271032421848
0.6968511198468649
0.6968748978998199
0.6968984407024873
0.6969217514974501
0.6969448334697178
0.6969676897563243
0.6969903374951997
0.6970366555601244
0.6970716979977524