0.7751158254084369
0.7751158254084369
0.7751158254084369
0.7751158254084369
0.7751158254084369
0.7751158254084369
0.7751158254084369
0.7751158254084369
0.7751158254084369
0.7751158254084369
0.7751158254084369
0.7751158254084369
0.7751158254084369
0.7751158254084369
0.7751158254084369
0.7751158254084369
0.7751158254084369
0.7751158254084369
0.7751158254084369
0.7751158254084369
0.7751158254084369
0.7751158254084369
0.7751158254084369
0.7751158254084369
0.7751158254084369
0.7751158254084369
0.7751158254084369
0.7751158254084369
0.7751158254084369
0.7751158254084369
0.7751158254084369
0.7751158254084369
0.7751158254084369
0.7751158254084369
0.7751158254084369
0.7751158254084369
0.7751158254084369
0.7751158254084369
0.7751158254084369
0.7751158254084369
0.7751158254084369
0.7751158254084369
0.7751158254084369
0.7751158254084369
0.7751158254084369
0.7751158254084369
0.7751158254084369
0.7751158254084369
0.7751158254084369
0.7751158254084369
0.7751158254084369
0.7751158254084369
0.7751158254084369
0.7751158254084369
0.7751158254084369
0.7751158254084369
0.7751158254084369
0.7751158254084369
0.7751158254084369
0.7751158254084369
0.7751158254084369
0.7751158254084369
0.7751158254084369
0.7751158254084369
0.7751158254084369
0.7751158254084369
0.7751158254084369
0.7751158254084369
0.7751158254084369
0.7751158254084369
0.7751158254084369
0.7751158254084369
0.7751158254084369
0.7751158254084369
0.7751158254084369
0.7751158254084369
0.7751158254084369
0.7751158254084369
0.7751158254084369
0.7751158254084369
0.7751158254084369
0.7751158254084369
0.7751158254084369
0.7751158254084369
0.7751158254084369
0.7751158254084369
0.7751158254084369
0.7751158254084369
0.7751158254084369
0.7751158254084369
0.7751158254084369
0.7751158254084369
0.7751158254084369
1.077989434102126
1.0544690553867877
1.0294994332586216
1.0175471232202127
1.0225434148026706
1.0234406021780313
1.0238995770198147
1.0238742539802255
1.023431080220134
1.0226780064664318
1.020282747429039
1.0134001103177854
1.0006601272813065
0.9813270135125015
0.9548824319894691
0.9236102670778827
0.8914599373945973
0.8616780565799671
0.835560731002897
0.8132491747584683
0.7944011258322257
0.7782362543116816
0.7644432716070437
0.7534031410923351
0.7452291420943629
0.7393980535485514
0.7355030373102054
0.7333727220580872
0.7329448575425783
0.7342321313380946
0.7369357521839821
0.7403574842327956
0.7438799246305832
0.7470986574445058
0.7498057112479983
0.7520307618052617
0.7538879825341194
0.7554597529252665
0.7568048263781033
0.7579874974291279
0.7590515325478349
0.7600090319568447
0.7608513208345997
0.7615685623106809
0.7621725950232119
0.7626850113843553
0.7631126193898894
0.7634628054692605
0.7637562356288854
0.7640081856869092
0.7642273342031805
0.7644257943675157
0.7646120425313823
0.7647869114395387
0.7649499953954015
0.7651019729036486
0.7652442114152318
0.7653796908531969
0.7655111772608325
0.7656388669104335
0.7657617654963571
0.7658796228096219
0.7659926527863907
0.7661012654653996
0.7662064735067478
0.7663094027516271
0.7664092196921863
0.7665035441310175
0.7665913837342082
0.766672996544757
0.7667486519206144
0.7668197867944551
0.7668888792455835
0.7669571239877262
0.7670245355508125
0.7670911275766101
0.7671566179929161
0.7672198456264463
0.7672793939152125
0.7673347808843249
0.767386125736431
0.7674338182246914
0.7674790799488556
0.7675233893154803
0.7675714314632016
0.7676259318944407
0.767676502603847
0.767727649210115
0.767780691803974
0.7678319709765267
0.7678900098006285
0.7679506961131468
0.7680095129956246
0.7680648797029874
0.7681149451562683
0.7681595131975334
0.7681999770251451
0.768238025321869
0.7682755539816035
0.7683143922919393
0.7683562398249626
0.7684026435363671
0.7684532381114659
0.7685046541307325
0.7685526468627073
0.7685949210717122
0.7686308432421585
0.7686611290255907
0.768688974434047
0.7687196122645747
0.7687565579035354
0.7687993154217432
0.768846071461821
0.7688959876853463
0.7689478052987722
0.7689992221147184
0.7690492061002228
0.7690981950564033
0.7691465587674935
0.769194373992504
0.7692416493745264
0.7692883933850119
0.7693346143499598
0.7693803204386949
0.7694255196565762
0.7694702198489975
0.7695144287052729
0.7695581537624114
0.7696014024087876
0.7696441818877033
0.7696864993008503
0.7697283616116761
0.7697697756486572
0.7698107481084786
0.7698512855591237
0.7698913944428829
0.769931081079277
0.7699703516679006
0.7700092122911897
0.7700476689171116
0.7700857274017829
0.7701233934920191
0.7701606728278125
0.7701975709447451
0.7702340932763379
0.7702702451563377
0.7703060318209445
0.7703414584109785
0.7703765299739922
0.7704112514663259
0.7704456277551086
0.7704796636202127
0.7705133637561523
0.7705467327739359
0.7705797752028711
0.7706124954923446
0.7706448980378908
0.7706770160703396
0.7707435086468875
0.7707940055754273