0.8500975371860522
0.8500975371860522
0.8500975371860522
0.8500975371860522
0.8500975371860522
0.8500975371860522
0.8500975371860522
0.8500975371860522
0.8500975371860522
0.8500975371860522
0.8500975371860522
0.8500975371860522
0.8500975371860522
0.8500975371860522
0.8500975371860522
0.8500975371860522
0.8500975371860522
0.8500975371860522
0.8500975371860522
0.8500975371860522
0.8500975371860522
0.8500975371860522
0.8500975371860522
0.8500975371860522
0.8500975371860522
0.8500975371860522
0.8500975371860522
0.8500975371860522
0.8500975371860522
0.8500975371860522
0.8500975371860522
0.8500975371860522
0.8500975371860522
0.8500975371860522
0.8500975371860522
0.8500975371860522
0.8500975371860522
0.8500975371860522
0.8500975371860522
0.8500975371860522
0.8500975371860522
0.8500975371860522
0.8500975371860522
0.8500975371860522
0.8500975371860522
0.8500975371860522
0.8500975371860522
0.8500975371860522
0.8500975371860522
0.8500975371860522
0.8500975371860522
0.8500975371860522
0.8500975371860522
0.8500975371860522
0.8500975371860522
0.8500975371860522
0.8500975371860522
0.8500975371860522
0.8500975371860522
0.8500975371860522
0.8500975371860522
0.8500975371860522
0.8500975371860522
0.8500975371860522
0.8500975371860522
0.8500975371860522
0.8500975371860522
0.8500975371860522
0.8500975371860522
0.8500975371860522
0.8500975371860522
0.8500975371860522
0.8500975371860522
0.8500975371860522
0.8500975371860522
0.8500975371860522
0.8500975371860522
0.8500975371860522
0.8500975371860522
0.8500975371860522
0.8500975371860522
0.8500975371860522
0.8500975371860522
0.8500975371860522
0.8500975371860522
0.8500975371860522
0.8500975371860522
0.8500975371860522
0.8500975371860522
0.8500975371860522
0.8500975371860522
0.8500975371860522
0.8500975371860522
1.1270994891952784
1.1154575240299356
1.0725989149735888
1.0407451549689277
1.047356563678202
1.0483691227379917
1.0488892721156893
1.0488599328230999
1.0483563590700653
1.0474996126152898
1.0446377853470712
1.0366091940905082
1.0218464111627161
1.000076185075358
0.9719104334671383
0.9407662421538632
0.9112106316697375
0.8859926096806395
0.8653572410189848
0.8489092507798814
0.8362913702629817
0.8267257917557581
0.8199425944500475
0.8159349930721496
0.8142419881236288
0.8140460866745101
0.8148151338315166
0.8162735734705815
0.8182806396452293
0.8207880363158087
0.8235833622226438
0.8263050964709349
0.828763628745333
0.8309158110598718
0.8327262596124461
0.8342209767460884
0.8354733495520563
0.8365366769277987
0.8374491509050184
0.8382533961634844
0.8389785587048137
0.8396324344838331
0.8402086790013901
0.8407001411520019
0.8411145793210195
0.841466561394214
0.8417605733946363
0.8420015397742835
0.8422035824793348
0.8423771602202337
0.8425282091185202
0.8426650547400583
0.8427935318991489
0.8429142061610626
0.8430267882522917
0.8431317380434773
0.8432299920474071
0.8433236037128229
0.8434144824393128
0.843502762217091
0.8435877528606415
0.8436692784706648
0.8437474843675183
0.8438226516600167
0.8438954792603794
0.843966746101781
0.8440358744921308
0.8441012135056114
0.8441620727056749
0.8442186283298911
0.8442710642580138
0.844320374162914
0.8443682752882256
0.8444155959375699
0.8444623459330896
0.8445085346102899
0.8445539663822885
0.8445978353135859
0.8446391573560541
0.8446775967653963
0.8447132351069524
0.8447463416651615
0.8447777636501421
0.8448085258393105
0.8448418822359021
0.8448797312911978
0.8449148536795399
0.8449503802266325
0.8449872289097751
0.8450228539398099
0.8450631819185117
0.8451053567202662
0.8451462384570421
0.8451847277636
0.8452195361940518
0.8452505255905398
0.845278663528992
0.8453051235638991
0.845331223922271
0.8453582369777164
0.8453873453489529
0.8454196265125369
0.8454548282060224
0.8454906069107848
0.8455240080245174
0.845553432708708
0.8455784384164826
0.8455995215192893
0.8456189056244965
0.8456402341768154
0.845665956503254
0.8456957287418743
0.8457282889200342
0.8457630541551764
0.8457991485927778
0.8458349684317714
0.8458697941064559
0.8459039303783646
0.8459376348027796
0.8459709607542278
0.8460039141328901
0.8460365007230541
0.8460687262112618
0.8461005961783699
0.8461321160943485
0.8461632913209576
0.8461941271143474
0.8462246286275878
0.8462548009131237
0.8462846489251608
0.8463141775219889
0.8463433914682359
0.8463722954370623
0.8464008940122956
0.8464291916905033
0.8464571928830102
0.8464849019178635
0.8465123230417417
0.8465394604218119
0.8465663181475398
0.8465929002324482
0.8466192106158312
0.8466452531644209
0.84667103167401
0.8466965498710339
0.8467218114141091
0.8467468198955335
0.8467715788427441
0.8467960917197408
0.8468203619284724
0.8468443928101854
0.846868187646739
0.8468917496618877
0.8469150820225304
0.8469381878399276
0.8469610701708936
0.8469837320272477
0.8470061904382729
0.8470525459373676
0.8470877192091805