0.9250792489636674
0.9250792489636674
0.9250792489636674
0.9250792489636674
0.9250792489636674
0.9250792489636674
0.9250792489636674
0.9250792489636674
0.9250792489636674
0.9250792489636674
0.9250792489636674
0.9250792489636674
0.9250792489636674
0.9250792489636674
0.9250792489636674
0.9250792489636674
0.9250792489636674
0.9250792489636674
0.9250792489636674
0.9250792489636674
0.9250792489636674
0.9250792489636674
0.9250792489636674
0.9250792489636674
0.9250792489636674
0.9250792489636674
0.9250792489636674
0.9250792489636674
0.9250792489636674
0.9250792489636674
0.9250792489636674
0.9250792489636674
0.9250792489636674
0.9250792489636674
0.9250792489636674
0.9250792489636674
0.9250792489636674
0.9250792489636674
0.9250792489636674
0.9250792489636674
0.9250792489636674
0.9250792489636674
0.9250792489636674
0.9250792489636674
0.9250792489636674
0.9250792489636674
0.9250792489636674
0.9250792489636674
0.9250792489636674
0.9250792489636674
0.9250792489636674
0.9250792489636674
0.9250792489636674
0.9250792489636674
0.9250792489636674
0.9250792489636674
0.9250792489636674
0.9250792489636674
0.9250792489636674
0.9250792489636674
0.9250792489636674
0.9250792489636674
0.9250792489636674
0.9250792489636674
0.9250792489636674
0.9250792489636674
0.9250792489636674
0.9250792489636674
0.9250792489636674
0.9250792489636674
0.9250792489636674
0.9250792489636674
0.9250792489636674
0.9250792489636674
0.9250792489636674
0.9250792489636674
0.9250792489636674
0.9250792489636674
0.9250792489636674
0.9250792489636674
0.9250792489636674
0.9250792489636674
0.9250792489636674
0.9250792489636674
0.9250792489636674
0.9250792489636674
0.9250792489636674
0.9250792489636674
0.9250792489636674
0.9250792489636674
0.9250792489636674
0.9250792489636674
1.2196033999645444
1.1946771988727094
1.1388634917040603
1.098937873572622
1.1040965480648555
1.1062320367419272
1.107360569493144
1.1079459874814108
1.107845353803593
1.107207016224307
1.1061495238583994
1.1024807932842693
1.092764580691897
1.0755805961702
1.051668735387348
1.023120123854264
0.993729410199897
0.9675054271190416
0.9461836617767385
0.9290001574804465
0.9152103691344698
0.9047472553585613
0.8971353776099549
0.8922128645215661
0.8898442870968627
0.8894102681858199
0.8901147731658843
0.8914836794467242
0.8932857495651123
0.8954207664511997
0.8978720935437421
0.9004648035425913
0.9029361626988839
0.9051763854669421
0.907145030378868
0.9088070999237297
0.9101837671630473
0.9113404955214912
0.9123250218133376
0.9131716795477136
0.9139193306541056
0.9145946248461854
0.9152044972288051
0.9157427327283176
0.9162023583915049
0.9165903734571896
0.9169202238775653
0.9171959689893867
0.9174221152487763
0.9176118378986013
0.9177749089319074
0.9179168733496972
0.9180455362233986
0.9181663725426008
0.9182799068023593
0.9183858599761876
0.9184846584102984
0.9185771781793124
0.9186653488660996
0.9187509664947024
0.9188341555695445
0.9189142637928767
0.9189911232582364
0.919064868912671
0.9191357639596409
0.9192044660925263
0.9192717091697789
0.9193369471659316
0.9193986204647906
0.919456075283583
0.919509475937722
0.9195589941430213
0.9196055667731906
0.9196508149279403
0.9196955207008759
0.9197396931699948
0.919783340974077
0.919826279090983
0.9198677454139836
0.9199068090533549
0.9199431517149164
0.9199768496318457
0.9200081566332632
0.9200378733114294
0.9200669683848346
0.9200985199348966
0.9201343251661738
0.9201675540734737
0.9202011692024283
0.9202360386408353
0.9202697534858559
0.9203079235077538
0.9203478463750134
0.9203865499290955
0.9204229927705636
0.9204559539697057
0.9204853015935586
0.9205119510865443
0.9205370133779833
0.9205617368418368
0.9205873267961235
0.9206149039199063
0.920645489732977
0.9206788461203235
0.9207127529134052
0.9207444097895026
0.9207723005107906
0.9207960045374415
0.9208159914470551
0.9208343686562299
0.9208545904602754
0.9208789798203803
0.9209072116221486
0.9209380900056796
0.9209710629052859
0.9210053001519227
0.921039280588462
0.9210723213964733
0.9211047114774409
0.9211366950568205
0.9211683226721712
0.9211995998199105
0.9212305318894838
0.9212611241804962
0.9212913818950887
0.9213213101329083
0.9213509138935609
0.9213801980789975
0.92140916749583
0.921437826857584
0.9214661807868871
0.9214942338175989
0.9215219903968819
0.9215494548872145
0.9215766315683502
0.9216035246392218
0.9216301382197958
0.9216564763528765
0.9216825430058593
0.9217083420724401
0.9217338773742785
0.9217591526626145
0.9217841716198449
0.9218089378610574
0.9218334549355249
0.9218577263281602
0.9218817554609344
0.9219055456942546
0.9219291003283094
0.9219524226043807
0.9219755157061191
0.9219983827607876
0.9220210268404745
0.9220434509632758
0.9220656580944471
0.9220876511475262
0.9221094329854311
0.9221310064287394
0.9221523870951598
0.92219668486638
0.922230336944594