1.0000609607412827
1.0000609607412827
1.0000609607412827
1.0000609607412827
1.0000609607412827
1.0000609607412827
1.0000609607412827
1.0000609607412827
1.0000609607412827
1.0000609607412827
1.0000609607412827
1.0000609607412827
1.0000609607412827
1.0000609607412827
1.0000609607412827
1.0000609607412827
1.0000609607412827
1.0000609607412827
1.0000609607412827
1.0000609607412827
1.0000609607412827
1.0000609607412827
1.0000609607412827
1.0000609607412827
1.0000609607412827
1.0000609607412827
1.0000609607412827
1.0000609607412827
1.0000609607412827
1.0000609607412827
1.0000609607412827
1.0000609607412827
1.0000609607412827
1.0000609607412827
1.0000609607412827
1.0000609607412827
1.0000609607412827
1.0000609607412827
1.0000609607412827
1.0000609607412827
1.0000609607412827
1.0000609607412827
1.0000609607412827
1.0000609607412827
1.0000609607412827
1.0000609607412827
1.0000609607412827
1.0000609607412827
1.0000609607412827
1.0000609607412827
1.0000609607412827
1.0000609607412827
1.0000609607412827
1.0000609607412827
1.0000609607412827
1.0000609607412827
1.0000609607412827
1.0000609607412827
1.0000609607412827
1.0000609607412827
1.0000609607412827
1.0000609607412827
1.0000609607412827
1.0000609607412827
1.0000609607412827
1.0000609607412827
1.0000609607412827
1.0000609607412827
1.0000609607412827
1.0000609607412827
1.0000609607412827
1.0000609607412827
1.0000609607412827
1.0000609607412827
1.0000609607412827
1.0000609607412827
1.0000609607412827
1.0000609607412827
1.0000609607412827
1.0000609607412827
1.0000609607412827
1.0000609607412827
1.0000609607412827
1.0000609607412827
1.0000609607412827
1.0000609607412827
1.0000609607412827
1.0000609607412827
1.0000609607412827
1.0000609607412827
1.0000609607412827
1.3439634390469002
1.3110093638847418
1.2929444440417939
1.235898964161123
1.1926106123717293
1.197982213799843
1.1998125930599477
1.200967804078402
1.2016013686286209
1.2015016510186425
1.2006624067907354
1.1987983624362566
1.1936717506851218
1.1820937991849634
1.1627179753697283
1.1367573816913312
1.1082073502448981
1.080545019671455
1.055834005547704
1.0354559059337616
1.0181702925499467
1.0025051529149587
0.9889905887027188
0.9781811083034544
0.9700302201898657
0.9647110793224559
0.9618475999568441
0.9606900278331298
0.9607436569795305
0.9617225163191359
0.9634637085803537
0.9659189736855851
0.9688641567913157
0.9718901637047277
0.9746973805000145
0.9771692983863423
0.9792611193401235
0.9809977432850925
0.9824599555756424
0.9837067716516332
0.9847807626047638
0.9857305736226827
0.9865896158663789
0.9873663892158524
0.9880526916240544
0.9886393581242114
0.9891350702874464
0.9895567979588595
0.9899095809829432
0.9901990754384913
0.9904420620017442
0.9906510005537521
0.9908329639012996
0.9909979332702477
0.9911529128457912
0.9912985667203651
0.9914345301030096
0.9915613434832442
0.9916801261355486
0.9917933509244408
0.9919033204215484
0.992010192137913
0.9921131263500549
0.9922119052201983
0.9923067000228778
0.9923978472958914
0.9924861910229688
0.9925726730219175
0.9926565893794661
0.9927359327155123
0.99280986010354
0.9928785806776184
0.9929423137393327
0.9930022638331606
0.9930605163086981
0.9931180772155146
0.9931749580220879
0.9932311695472056
0.9932864729844828
0.9933398862075136
0.99339020961342
0.9934370323511115
0.9934804517348617
0.9935207942143676
0.9935590909008678
0.9935965907824185
0.9936372607855641
0.9936834147129965
0.9937262525877746
0.9937695932133999
0.9938145535643448
0.9938580316986381
0.993907258556151
0.9939587500701286
0.9940086738220508
0.9940556857201883
0.9940982100736193
0.9941360758763416
0.9941704634025219
0.9942028056101873
0.9942347132212717
0.9942677418055796
0.9943033381313839
0.9943428209942893
0.9943858832095966
0.9944296589688462
0.9944705330277197
0.9945065470531855
0.9945371571403714
0.9945629692724076
0.9945867050152757
0.9946128253901583
0.9946443305163124
0.9946808011655011
0.994720693739992
0.9947632957433401
0.9948075349393293
0.9948514462589169
0.9948941474621853
0.9949360116259209
0.9949773541613933
0.9950182402500165
0.9950586768795102
0.9950986709026426
0.9951382290592721
0.9951773579663918
0.995216064111536
0.9952543538558578
0.9952922334371197
0.9953297089726008
0.995366786461924
0.9954034717898061
0.9954397707287292
0.9954756889415413
0.9955112319839865
0.9955464053071641
0.9955812142599243
0.9956156640911955
0.9956497599522527
0.9956835068989245
0.99571690989374
0.9957499738080193
0.9957827034239106
0.995815103436372
0.9958471784551002
0.9958789330064131
0.9959103715350814
0.9959414984061097
0.9959723179064766
0.9960028342468281
0.996033051563127
0.9960629739182638
0.9960926053036216
0.9961219496406033
0.9961510107821232
0.9961797925140596
0.9962082985566696
0.9962365325659814
0.996264498151125
0.9962922208339207
0.9963502040814043
0.9963943807818721