0.8875883930748598
0.8875883930748598
0.8875883930748598
0.8875883930748598
0.8875883930748598
0.8875883930748598
0.8875883930748598
0.8875883930748598
0.8875883930748598
0.8875883930748598
0.8875883930748598
0.8875883930748598
0.8875883930748598
0.8875883930748598
0.8875883930748598
0.8875883930748598
0.8875883930748598
0.8875883930748598
0.8875883930748598
0.8875883930748598
0.8875883930748598
0.8875883930748598
0.8875883930748598
0.8875883930748598
0.8875883930748598
0.8875883930748598
0.8875883930748598
0.8875883930748598
0.8875883930748598
0.8875883930748598
0.8875883930748598
0.8875883930748598
0.8875883930748598
0.8875883930748598
0.8875883930748598
0.8875883930748598
0.8875883930748598
0.8875883930748598
0.8875883930748598
0.8875883930748598
0.8875883930748598
0.8875883930748598
0.8875883930748598
0.8875883930748598
0.8875883930748598
0.8875883930748598
0.8875883930748598
0.8875883930748598
0.8875883930748598
0.8875883930748598
0.8875883930748598
0.8875883930748598
0.8875883930748598
0.8875883930748598
0.8875883930748598
0.8875883930748598
0.8875883930748598
0.8875883930748598
0.8875883930748598
0.8875883930748598
0.8875883930748598
0.8875883930748598
0.8875883930748598
0.8875883930748598
0.8875883930748598
0.8875883930748598
0.8875883930748598
0.8875883930748598
0.8875883930748598
0.8875883930748598
0.8875883930748598
0.8875883930748598
0.8875883930748598
0.8875883930748598
0.8875883930748598
0.8875883930748598
0.8875883930748598
0.8875883930748598
0.8875883930748598
0.8875883930748598
0.8875883930748598
0.8875883930748598
0.8875883930748598
0.8875883930748598
0.8875883930748598
0.8875883930748598
0.8875883930748598
0.8875883930748598
0.8875883930748598
0.8875883930748598
0.8875883930748598
0.8875883930748598
1.2131162506543216
1.186043246152209
1.1737942219279691
1.1320422679985116
1.1030166497776426
1.1102369516706065
1.1113090837779012
1.111871504334644
1.1118465917544853
1.1113118649096
1.1102015298825678
1.1062782091540844
1.0959167202673605
1.0771897964815376
1.0508783267905581
1.0223306440679298
0.9950757995444764
0.9701255763896596
0.9492194294167154
0.9307977063451647
0.9123900849294753
0.8949947510603813
0.8800990680462635
0.8677336227789837
0.8585448844249017
0.8524238595134964
0.8486822596381622
0.8467867921584544
0.8463987245359075
0.8473197575130265
0.8494512637967238
0.8524685178354585
0.8558146404632649
0.8590422493007943
0.8619058640306358
0.8643145934992327
0.8663042321681946
0.867972322256219
0.8693894677312239
0.8706062775567291
0.871679342063953
0.8726473571830966
0.8735205928839886
0.8742904648691039
0.8749473224760709
0.875501435393212
0.8759721837422858
0.8763655022061849
0.8766879374583105
0.8769583462131387
0.8771906986113311
0.8773929283211066
0.8775761701919174
0.8777482269257026
0.8779098515617387
0.878060654055921
0.8782012477022962
0.8783328853606287
0.8784583160855841
0.8785800955965644
0.8786984019224193
0.8788123096213258
0.8789215821672371
0.8790264134272379
0.8791271796026088
0.8792248169371084
0.8793203682310717
0.8794130576865964
0.879500671555145
0.8795822835585687
0.8796581289751644
0.8797284539761971
0.8797945909682894
0.8798588421826374
0.8799223179191551
0.87998503125332
0.8800469944851854
0.8801079447427078
0.8801668004737504
0.880222241456631
0.8802738170061328
0.880321636210621
0.880366060332427
0.880408226026987
0.8804495095604792
0.8804942770895843
0.8805450717594874
0.8805922105303434
0.8806398943903999
0.8806893530696303
0.8807371745169266
0.8807913093766193
0.8808479241626066
0.8809028051116004
0.8809544759514347
0.8810012070087327
0.8810428127799494
0.8810805919805946
0.8811161200745983
0.8811511669091088
0.8811874409466296
0.8812265303339415
0.8812698816589246
0.8813171556160566
0.8813652050153813
0.881410062384222
0.8814495804909193
0.8814831648118968
0.8815114823304642
0.8815375200789166
0.8815661714155398
0.8816007254351081
0.8816407203309105
0.8816844616598507
0.8817311666752303
0.8817796587220386
0.8818277836140176
0.8818745749386174
0.8819204420158258
0.8819657307352653
0.8820105127366418
0.8820547958940503
0.8820985879274232
0.8821418964268579
0.8821847288419038
0.8822270924745315
0.882268994482688
0.8823104418837495
0.8823514415578755
0.8823920002512722
0.8824321245793598
0.8824718210298563
0.8825110959657749
0.8825499556283347
0.8825884061397957
0.882626453506214
0.8826641036201206
0.8827013622631306
0.8827382351084818
0.8827747277235032
0.8828108455720143
0.8828465940166668
0.8828819783212198
0.8829170036527554
0.8829516750838362
0.8829859975946066
0.8830199760748387
0.8830536153259239
0.883086920062814
0.8831198949159127
0.8831525444329165
0.8831848730806078
0.8832168852466076
0.8832485852410779
0.8832799772983817
0.8833110655787042
0.883341854169645
0.8833723471082866
0.8834025742514813
0.8834655050783522
0.8835133818210821