0.7751158254084369
0.7751158254084369
0.7751158254084369
0.7751158254084369
0.7751158254084369
0.7751158254084369
0.7751158254084369
0.7751158254084369
0.7751158254084369
0.7751158254084369
0.7751158254084369
0.7751158254084369
0.7751158254084369
0.7751158254084369
0.7751158254084369
0.7751158254084369
0.7751158254084369
0.7751158254084369
0.7751158254084369
0.7751158254084369
0.7751158254084369
0.7751158254084369
0.7751158254084369
0.7751158254084369
0.7751158254084369
0.7751158254084369
0.7751158254084369
0.7751158254084369
0.7751158254084369
0.7751158254084369
0.7751158254084369
0.7751158254084369
0.7751158254084369
0.7751158254084369
0.7751158254084369
0.7751158254084369
0.7751158254084369
0.7751158254084369
0.7751158254084369
0.7751158254084369
0.7751158254084369
0.7751158254084369
0.7751158254084369
0.7751158254084369
0.7751158254084369
0.7751158254084369
0.7751158254084369
0.7751158254084369
0.7751158254084369
0.7751158254084369
0.7751158254084369
0.7751158254084369
0.7751158254084369
0.7751158254084369
0.7751158254084369
0.7751158254084369
0.7751158254084369
0.7751158254084369
0.7751158254084369
0.7751158254084369
0.7751158254084369
0.7751158254084369
0.7751158254084369
0.7751158254084369
0.7751158254084369
0.7751158254084369
0.7751158254084369
0.7751158254084369
0.7751158254084369
0.7751158254084369
0.7751158254084369
0.7751158254084369
0.7751158254084369
0.7751158254084369
0.7751158254084369
0.7751158254084369
0.7751158254084369
0.7751158254084369
0.7751158254084369
0.7751158254084369
0.7751158254084369
0.7751158254084369
0.7751158254084369
0.7751158254084369
0.7751158254084369
0.7751158254084369
0.7751158254084369
0.7751158254084369
0.7751158254084369
0.7751158254084369
0.7751158254084369
0.7751158254084369
0.7751158254084369
1.0569915655383209
1.0321262715265953
1.0039713237137489
0.9888341005877329
0.9939821075778472
0.9948882190332172
0.9953562417376935
0.9953427820705192
0.9949114364624263
0.994162149847865
0.9913002139638656
0.9825966043078362
0.9649944432477731
0.9380609881970456
0.9086611919599448
0.8811555874647559
0.8561016590067192
0.8359131054111509
0.818640208211518
0.8007629684388141
0.7834242500425801
0.7686010945074263
0.7561829530881415
0.7470507579570725
0.741153754752611
0.7377945660284779
0.7364070709610853
0.7365660841282153
0.7379705659857432
0.7404286185176274
0.7435652893543252
0.7468343859649675
0.7498482492045642
0.7524608786470623
0.7546424446813029
0.7564336923708468
0.7579287277869728
0.7591944424399866
0.7602780014485375
0.7612310341140784
0.7620887189719661
0.7628607401341936
0.7635400304781375
0.7641185777467541
0.7646058738923365
0.7650193110055363
0.7653643568575934
0.7656469464441755
0.7658837466505684
0.7660870808044693
0.7662639464790455
0.7664241184231886
0.7665744395311258
0.7667155813924784
0.7668472151405676
0.7669698872847628
0.7670847002168559
0.7671940588509212
0.7673001966232282
0.7674032721847917
0.7675024823627707
0.7675976247385188
0.7676888716963897
0.7677765538192081
0.7678614884059038
0.7679445849029081
0.7680251708074175
0.7681013238804277
0.7681722423491253
0.7682381343402078
0.7682992167749398
0.768356649320187
0.768412433034052
0.7684675328341533
0.7685219604279874
0.7685757268955735
0.7686286047254682
0.7686796564083347
0.7687277378537078
0.7687724596566456
0.7688139179170406
0.7688524270396695
0.7688889732725859
0.7689247494346556
0.7689635390854812
0.7690075465653285
0.7690483800309618
0.7690896784119656
0.7691325089580101
0.7691739136233646
0.7692207778978315
0.7692697814557967
0.769317276195711
0.7693619856974288
0.7694024147441263
0.7694384044782103
0.7694710797876725
0.7695018042151849
0.7695321087196236
0.7695634705149235
0.7695972620978291
0.7696347331582485
0.7696755894356861
0.769717110242363
0.7697558673451395
0.7697900068238737
0.7698190167281493
0.76984347438439
0.7698659602528302
0.7698907004556703
0.769920534755882
0.7699550630016139
0.769992820644364
0.770033130799902
0.7700749771496109
0.7701165002577388
0.7701568663697882
0.7701964290449774
0.7702354869641679
0.7702741021239194
0.7703122814985759
0.7703500319241907
0.7703873601196729
0.7704242726777115
0.7704607760588693
0.7704968765948006
0.7705325804913803
0.7705678938317424
0.7706028225792314
0.7706373725802684
0.7706715495671383
0.7707053591607014
0.7707388068730239
0.7707718981099363
0.7708046381735263
0.7708370322645572
0.7708690854848201
0.7709008028394251
0.770932189239028
0.7709632495019976
0.7709939883565224
0.7710244104426625
0.7710545203143464
0.7710843224413144
0.7711138212110098
0.7711430209304211
0.7711719258278735
0.7712005400547761
0.7712288676873233
0.7712569127281481
0.7712846791079373
0.771312170687003
0.7713393912568127
0.7713663445414827
0.7713930341992297
0.7714194638237994
0.771445636958578
0.7714715757918096
0.7715250335194733
0.7715655752994603