0.6624908558888076
0.6624908558888076
0.6624908558888076
0.6624908558888076
0.6624908558888076
0.6624908558888076
0.6624908558888076
0.6624908558888076
0.6624908558888076
0.6624908558888076
0.6624908558888076
0.6624908558888076
0.6624908558888076
0.6624908558888076
0.6624908558888076
0.6624908558888076
0.6624908558888076
0.6624908558888076
0.6624908558888076
0.6624908558888076
0.6624908558888076
0.6624908558888076
0.6624908558888076
0.6624908558888076
0.6624908558888076
0.6624908558888076
0.6624908558888076
0.6624908558888076
0.6624908558888076
0.6624908558888076
0.6624908558888076
0.6624908558888076
0.6624908558888076
0.6624908558888076
0.6624908558888076
0.6624908558888076
0.6624908558888076
0.6624908558888076
0.6624908558888076
0.6624908558888076
0.6624908558888076
0.6624908558888076
0.6624908558888076
0.6624908558888076
0.6624908558888076
0.6624908558888076
0.6624908558888076
0.6624908558888076
0.6624908558888076
0.6624908558888076
0.6624908558888076
0.6624908558888076
0.6624908558888076
0.6624908558888076
0.6624908558888076
0.6624908558888076
0.6624908558888076
0.6624908558888076
0.6624908558888076
0.6624908558888076
0.6624908558888076
0.6624908558888076
0.6624908558888076
0.6624908558888076
0.6624908558888076
0.6624908558888076
0.6624908558888076
0.6624908558888076
0.6624908558888076
0.6624908558888076
0.6624908558888076
0.6624908558888076
0.6624908558888076
0.6624908558888076
0.6624908558888076
0.6624908558888076
0.6624908558888076
0.6624908558888076
0.6624908558888076
0.6624908558888076
0.6624908558888076
0.6624908558888076
0.6624908558888076
0.6624908558888076
0.6624908558888076
0.6624908558888076
0.6624908558888076
0.6624908558888076
0.6624908558888076
0.6624908558888076
0.6624908558888076
0.6624908558888076
0.6624908558888076
0.6624908558888076
0.9709422003476456
0.9686295916790633
0.9553498718977582
0.9436694274129177
0.9456559411012115
0.9460510895946497
0.9460431183299407
0.9456858981557577
0.9450612691458896
0.9427351103435342
0.9351536579018399
0.9190210156320728
0.893471574759236
0.8653667104282792
0.8389533730850907
0.8143974143615049
0.7940709943785567
0.7757885619781035
0.7554185939278407
0.7337332333304115
0.712554518976251
0.6916365073688271
0.6725132790222729
0.6560142464197313
0.6421179269827437
0.6308648942910874
0.6224010176876718
0.6169445148273216
0.6147803295313876
0.6156359955076542
0.6185091105761207
0.6223214434134337
0.6262654298950703
0.6298116532486349
0.632772003725262
0.6352244153263502
0.637288898601347
0.6390483814883561
0.6405899990582464
0.6419725836126575
0.6432131390870939
0.6443015878040474
0.6452263524449002
0.6460036537145861
0.646661963545047
0.6472105463086428
0.647659286953022
0.6480349382097497
0.6483572221291902
0.6486373535526206
0.648890882342837
0.6491286689086662
0.6493518013135684
0.6495597864297047
0.6497535122443037
0.649934741984729
0.6501072860892327
0.6502746738626575
0.6504371603753734
0.6505934874125472
0.6507433442140369
0.6508870099194854
0.6510250124222561
0.6511586435359906
0.6512893353786302
0.651416032002998
0.651535718390382
0.6516471430268933
0.651750640144771
0.6518465582999673
0.6519367248578305
0.6520242829549925
0.6521107471216137
0.6521961364512643
0.6522804686980532
0.6523633868825047
0.6524434220666759
0.6525187839939639
0.6525888659433965
0.6526538217863467
0.6527141476008855
0.6527713905818453
0.6528274233808131
0.652888168234443
0.6529570604941679
0.6530209769676276
0.6530856093201012
0.6531526250739381
0.6532174055371993
0.6532907088633484
0.6533673381876361
0.6534415909193794
0.6535114733369374
0.6535746529044995
0.6536308863168918
0.6536819344264237
0.6537299295179209
0.6537772638020891
0.6538262442228355
0.6538790128676915
0.65393751725907
0.6540012928063146
0.654066090401326
0.6541265622110226
0.6541798196107511
0.6542250683939617
0.6542632140222862
0.6542982845943299
0.6543368695214904
0.6543833920131548
0.6544372241574947
0.6544960806713316
0.654558903846312
0.6546241073757446
0.6546887943934665
0.6547516676453451
0.6548132785885945
0.6548740926954844
0.6549342068309219
0.6549936321995717
0.655052379780219
0.6551104603590037
0.6551678845156192
0.6552246626144613
0.6552808048099636
0.6553363210517726
0.6553912210897728
0.6554455144789688
0.6554992105842252
0.6555523185848704
0.6556048474791696
0.6556568060886716
0.6557082030624313
0.6557590468811128
0.6558093458609802
0.6558591081577754
0.6559083417704865
0.6559570545450135
0.6560052541777341
0.6560529482189705
0.6561001440763599
0.6561468490181361
0.6561930701763214
0.656238814549831
0.6562840890074966
0.6563289002910062
0.6563732550177661
0.6564171596836903
0.6564606206659132
0.6565036442254291
0.6565462365096673
0.6565884035549974
0.6566301512891692
0.6566714855336888
0.656712412006186
0.6567529363702762
0.6567931093980925
0.6568762914960385
0.6569394629287291