0.5498658863691782
0.5498658863691782
0.5498658863691782
0.5498658863691782
0.5498658863691782
0.5498658863691782
0.5498658863691782
0.5498658863691782
0.5498658863691782
0.5498658863691782
0.5498658863691782
0.5498658863691782
0.5498658863691782
0.5498658863691782
0.5498658863691782
0.5498658863691782
0.5498658863691782
0.5498658863691782
0.5498658863691782
0.5498658863691782
0.5498658863691782
0.5498658863691782
0.5498658863691782
0.5498658863691782
0.5498658863691782
0.5498658863691782
0.5498658863691782
0.5498658863691782
0.5498658863691782
0.5498658863691782
0.5498658863691782
0.5498658863691782
0.5498658863691782
0.5498658863691782
0.5498658863691782
0.5498658863691782
0.5498658863691782
0.5498658863691782
0.5498658863691782
0.5498658863691782
0.5498658863691782
0.5498658863691782
0.5498658863691782
0.5498658863691782
0.5498658863691782
0.5498658863691782
0.5498658863691782
0.5498658863691782
0.5498658863691782
0.5498658863691782
0.5498658863691782
0.5498658863691782
0.5498658863691782
0.5498658863691782
0.5498658863691782
0.5498658863691782
0.5498658863691782
0.5498658863691782
0.5498658863691782
0.5498658863691782
0.5498658863691782
0.5498658863691782
0.5498658863691782
0.5498658863691782
0.5498658863691782
0.5498658863691782
0.5498658863691782
0.5498658863691782
0.5498658863691782
0.5498658863691782
0.5498658863691782
0.5498658863691782
0.5498658863691782
0.5498658863691782
0.5498658863691782
0.5498658863691782
0.5498658863691782
0.5498658863691782
0.5498658863691782
0.5498658863691782
0.5498658863691782
0.5498658863691782
0.5498658863691782
0.5498658863691782
0.5498658863691782
0.5498658863691782
0.5498658863691782
0.5498658863691782
0.5498658863691782
0.5498658863691782
0.5498658863691782
0.5498658863691782
0.5498658863691782
0.5498658863691782
0.86382014380853
0.8507709610142722
0.851070541494686
0.8461565147054191
0.8420583435019495
0.8430931982451147
0.8430877806622189
0.8428044013225754
0.842303103290152
0.8410490096745357
0.8356006548501651
0.8216188253757428
0.7969129937619706
0.7687334531947159
0.7422035543148169
0.7173840467689729
0.6972285241451852
0.6795785654208103
0.6598030290484745
0.6384503210565696
0.6172428571127259
0.5955629550546342
0.5748748970096429
0.5561030614172893
0.539493665999553
0.5253913492153636
0.5141871547279584
0.5063523654519916
0.5024380220197363
0.5022833094385114
0.5047563371950384
0.5085469296364659
0.5126393074247076
0.5163826286592937
0.5195161702782242
0.5220913935282617
0.5242467212553127
0.5260760852268814
0.5276736527762412
0.5291022394390371
0.5303806790960094
0.5314996980072305
0.5324484477131249
0.5332444713452201
0.5339175992985649
0.5344777988245594
0.5349355399737977
0.5353183746250184
0.5356465660956805
0.5359316394921173
0.5361894849278498
0.5364311852128655
0.5366578711435374
0.5368690641917119
0.5370656870680214
0.5372495472349962
0.5374245236172152
0.5375942035493161
0.5377588514850388
0.5379171986271146
0.5380689370078887
0.5382143559139935
0.5383539956580453
0.5384891682059095
0.5386213255718807
0.5387494032729091
0.5388703583797386
0.5389829325872163
0.5390874701361482
0.5391843289806154
0.5392753590438116
0.5393637363233844
0.5394509907484909
0.5395371422417173
0.5396222093448945
0.5397058327076129
0.5397865322292265
0.5398625050081486
0.5399331421667407
0.5399986015372195
0.5400593854323464
0.540117054537595
0.5401734964583508
0.5402346756315116
0.5403040489386531
0.540368401547696
0.5404334627525241
0.5405009132922093
0.5405661026973579
0.5406398556370676
0.5407169404033857
0.540791619976187
0.5408618911135338
0.5409254112324972
0.5409819389984901
0.541033247150197
0.5410814805060343
0.5411290438393063
0.5411782550740242
0.5412312652984196
0.5412900289200567
0.5413540768022213
0.5414191402203811
0.541479850174616
0.541533309296801
0.5415787235535331
0.5416170044327316
0.5416521958872714
0.5416909099293431
0.5417375827603276
0.5417915816797919
0.5418506116805913
0.5419136097682756
0.5419789836667924
0.5420438284447245
0.5421068441837719
0.5421685843447769
0.5422295158846927
0.5422897362092783
0.5423492568632119
0.5424080891551532
0.5424662441913398
0.5425237328620677
0.5425805658331294
0.5426367535514475
0.5426923062505399
0.5427472339558298
0.5428015464897952
0.5428552534769665
0.5429083643487843
0.5429608883483154
0.5430128345348303
0.5430642117882517
0.5431150288134768
0.5431652941445752
0.5432150161488695
0.5432642030309
0.5433128628362761
0.5433610034554285
0.5434086326272484
0.5434557579426281
0.5435023868479082
0.5435485266482255
0.5435941845107713
0.5436393674679622
0.5436840824205224
0.5437283361404855
0.5437721352741166
0.5438154863447512
0.5438583957555624
0.5439008697922555
0.543942914625689
0.5439845363144281
0.5440257408072308
0.5440665339455176
0.5441069215122113
0.5441469534818758
0.5442292667615475
0.544291641184187