0.43739331870275544
0.43739331870275544
0.43739331870275544
0.43739331870275544
0.43739331870275544
0.43739331870275544
0.43739331870275544
0.43739331870275544
0.43739331870275544
0.43739331870275544
0.43739331870275544
0.43739331870275544
0.43739331870275544
0.43739331870275544
0.43739331870275544
0.43739331870275544
0.43739331870275544
0.43739331870275544
0.43739331870275544
0.43739331870275544
0.43739331870275544
0.43739331870275544
0.43739331870275544
0.43739331870275544
0.43739331870275544
0.43739331870275544
0.43739331870275544
0.43739331870275544
0.43739331870275544
0.43739331870275544
0.43739331870275544
0.43739331870275544
0.43739331870275544
0.43739331870275544
0.43739331870275544
0.43739331870275544
0.43739331870275544
0.43739331870275544
0.43739331870275544
0.43739331870275544
0.43739331870275544
0.43739331870275544
0.43739331870275544
0.43739331870275544
0.43739331870275544
0.43739331870275544
0.43739331870275544
0.43739331870275544
0.43739331870275544
0.43739331870275544
0.43739331870275544
0.43739331870275544
0.43739331870275544
0.43739331870275544
0.43739331870275544
0.43739331870275544
0.43739331870275544
0.43739331870275544
0.43739331870275544
0.43739331870275544
0.43739331870275544
0.43739331870275544
0.43739331870275544
0.43739331870275544
0.43739331870275544
0.43739331870275544
0.43739331870275544
0.43739331870275544
0.43739331870275544
0.43739331870275544
0.43739331870275544
0.43739331870275544
0.43739331870275544
0.43739331870275544
0.43739331870275544
0.43739331870275544
0.43739331870275544
0.43739331870275544
0.43739331870275544
0.43739331870275544
0.43739331870275544
0.43739331870275544
0.43739331870275544
0.43739331870275544
0.43739331870275544
0.43739331870275544
0.43739331870275544
0.43739331870275544
0.43739331870275544
0.43739331870275544
0.43739331870275544
0.43739331870275544
0.43739331870275544
0.43739331870275544
0.43739331870275544
0.7313885008072598
0.7290949749958777
0.7309880914037805
0.7323714952199362
0.7329109198300273
0.732907891685201
0.7327106522068825
0.7323508108284544
0.7317916682071137
0.7282763982142612
0.7172331271852012
0.6940129766207164
0.6657680035799601
0.6389745146872918
0.6135475331512193
0.593094674649181
0.5756763429328393
0.5563403373689206
0.5354894004920144
0.5148570181900011
0.4935127503830251
0.47267699582011
0.4531152035156022
0.43515218113182474
0.4193183882050995
0.40623846515041584
0.3966730972448238
0.3914452544794298
0.3905670870052371
0.3928204669294735
0.39667286851096173
0.40090721556398723
0.40475543989795515
0.40793295650494876
0.41051571344769955
0.41265978566474604
0.4144692206413536
0.41604287573251764
0.4174455577036684
0.4186973893754713
0.4197904728449706
0.4207152671435219
0.42148977098281337
0.4221436819060691
0.42268717167445446
0.4231307646991205
0.4235014207804628
0.4238189214275421
0.4240945180425313
0.42434363795810226
0.424577027550868
0.4247958033677808
0.42499952531816376
0.42518910388607356
0.42536629889636135
0.4255348615929382
0.4256982564660885
0.4258567441898484
0.4260091093115683
0.4261550620577155
0.42629488713007424
0.4264291097772346
0.42655899576180945
0.426685943962843
0.4268089353500901
0.42692505242440415
0.4270330932914619
0.4271333946909075
0.42722630559550767
0.4273136048477313
0.427398341162756
0.4274819828260745
0.4275645495758984
0.427646059843219
0.4277261701558155
0.4278034639217605
0.4278762163400409
0.42794384692804055
0.4280065094108907
0.4280646868272817
0.4281198745801502
0.42817387959222275
0.42823240812542807
0.42829876621318963
0.4283603114553527
0.4284225224631393
0.42848700912671367
0.4285493219774663
0.42861980850420656
0.42869346586407664
0.42876481123643106
0.42883193272999076
0.4288925953947631
0.42894657172493744
0.42899555697009806
0.42904160042382866
0.4290869983494394
0.42913396299645923
0.4291845462399069
0.4292406113015481
0.4293017085350548
0.42936376454150826
0.4294216590374802
0.42947263139665504
0.42951592744568146
0.4295524184932442
0.42958596068929333
0.4296228563152251
0.4296673319736404
0.4297187822285231
0.4297750177318904
0.429835023764622
0.4298972822815026
0.4299590261792816
0.4300190180391592
0.4300777854972231
0.430135773546485
0.43019307523566797
0.43024970185939226
0.4303056644781562
0.43036097395061246
0.43041564092100204
0.43046967581130646
0.4305230888268974
0.43057588996201757
0.43062808900509664
0.4306796955439114
0.43073071897059245
0.4307811684864835
0.4308310531068593
0.43088038166550513
0.4309291628191638
0.430977405051856
0.43102511667907306
0.4310723058518522
0.4311189805607367
0.4311651486396202
0.43121081776948555
0.43125599548203697
0.4313006891632303
0.4313449060567076
0.43138865326713427
0.43143193776344235
0.43147476638198823
0.4315171458296212
0.43155908268666776
0.43160058340983865
0.43164165433505586
0.43168230168019983
0.4317225315477855
0.43176234992756823
0.43180176269908044
0.43184077563409806
0.43187939439908307
0.4319176245962768
0.4319555107407802
0.43203273005269016
0.43209108187550366