0.17495732748110215
0.17495732748110215
0.17495732748110215
0.17495732748110215
0.17495732748110215
0.17495732748110215
0.17495732748110215
0.17495732748110215
0.17495732748110215
0.17495732748110215
0.17495732748110215
0.17495732748110215
0.17495732748110215
0.17495732748110215
0.17495732748110215
0.17495732748110215
0.17495732748110215
0.17495732748110215
0.17495732748110215
0.17495732748110215
0.17495732748110215
0.17495732748110215
0.17495732748110215
0.17495732748110215
0.17495732748110215
0.17495732748110215
0.17495732748110215
0.17495732748110215
0.17495732748110215
0.17495732748110215
0.17495732748110215
0.17495732748110215
0.17495732748110215
0.17495732748110215
0.17495732748110215
0.17495732748110215
0.17495732748110215
0.17495732748110215
0.17495732748110215
0.17495732748110215
0.17495732748110215
0.17495732748110215
0.17495732748110215
0.17495732748110215
0.17495732748110215
0.17495732748110215
0.17495732748110215
0.17495732748110215
0.17495732748110215
0.17495732748110215
0.17495732748110215
0.17495732748110215
0.17495732748110215
0.17495732748110215
0.17495732748110215
0.17495732748110215
0.17495732748110215
0.17495732748110215
0.17495732748110215
0.17495732748110215
0.17495732748110215
0.17495732748110215
0.17495732748110215
0.17495732748110215
0.17495732748110215
0.17495732748110215
0.17495732748110215
0.17495732748110215
0.17495732748110215
0.17495732748110215
0.17495732748110215
0.17495732748110215
0.17495732748110215
0.17495732748110215
0.17495732748110215
0.17495732748110215
0.17495732748110215
0.17495732748110215
0.17495732748110215
0.17495732748110215
0.17495732748110215
0.17495732748110215
0.17495732748110215
0.17495732748110215
0.17495732748110215
0.17495732748110215
0.17495732748110215
0.17495732748110215
0.17495732748110215
0.17495732748110215
0.17495732748110215
0.17495732748110215
0.17495732748110215
0.17495732748110215
0.17495732748110215
0.17495732748110215
0.17495732748110215
0.17495732748110215
0.17495732748110215
0.17495732748110215
0.17495732748110215
0.17495732748110215
0.17495732748110215
0.17495732748110215
0.17495732748110215
0.32242637157730614
0.469114949877674
0.4686447453474681
0.46885639190803513
0.4283471730509105
0.3755321553131562
0.34716004397943706
0.3144816563834865
0.28141892076127367
0.24974970067377855
0.22048392619810864
0.19471910487976885
0.17353745902870377
0.15716392231181808
0.14547874217367873
0.13833127322522776
0.13520059678651797
0.13519393726388818
0.13727647437290547
0.14044077746753503
0.14394409280573706
0.14728109297820724
0.1501700085165213
0.15259455341037553
0.1546249280035329
0.15632072340275605
0.15774547953715545
0.1589764835739481
0.16006660818348484
0.16103350795604
0.16187305172353017
0.16257979189590965
0.16316910714963828
0.16366483146655175
0.16407556285521296
0.164409907729003
0.164688656316465
0.16492698122150162
0.16513350794172277
0.1653199165151421
0.16549432156800037
0.16565760216058967
0.16580946800337626
0.1659506337827924
0.16608243951784274
0.1662076986599098
0.1663290023346179
0.1664465553432274
0.16655946625200124
0.16666753173699955
0.16677097391502194
0.16687019122286528
0.16696612757092077
0.16705982347452186
0.16715053361086507
0.16723611376274705
0.1673156883124135
0.16738951642082245
0.16745786419520303
0.16752204737636578
0.1675843129312352
0.16764574264674248
0.16770635215299146
0.16776615624852542
0.16782490472415101
0.16788156114235375
0.16793486444039407
0.16798439363853068
0.16803026578133362
0.1680728380227995
0.16811320741663438
0.16815269565739432
0.168195474771747
0.16824396343253045
0.16828891601547935
0.16833433373045892
0.16838139831387833
0.16842685300559335
0.16847825072755318
0.1685319385834031
0.1685839178607863
0.1686327990474531
0.16867695871019783
0.16871623598179963
0.16875186874120363
0.16878535035719577
0.16881835180478644
0.1688524810610369
0.16888922755740754
0.1689299424190217
0.1689742962825579
0.16901932990663526
0.16906132805166452
0.16909829186605918
0.1691296792232494
0.16915612522927626
0.16918042623001062
0.16920714896027567
0.1692393536327751
0.16927659776168402
0.16931729162550047
0.1693606974610885
0.1694057149670244
0.16945034198850484
0.16949368442312795
0.16953612476286828
0.1695779853340843
0.1696193339262385
0.1696601792266671
0.1697005297369406
0.16974039379671602
0.16977977957520485
0.16981869506604352
0.1698571480918879
0.16989514630886526
0.16993269721088955
0.16996980813384643
0.17000648625964876
0.17004273862017116
0.17007857210106658
0.1701139934454673
0.1701490092575767
0.17018362600615367
0.17021785002789291
0.17025168753070863
0.17028514459692123
0.17031822718635004
0.17035094113931704
0.17038329217956372
0.17041528591708344
0.17044692785087479
0.1704782233716159
0.17050917776425967
0.17053979621055892
0.17057008379152128
0.17060004548979213
0.17062968619197283
0.17065901069087752
0.17068802368772162
0.17071672979425345
0.170745133534829
0.17077323934842548
0.170801051590605
0.1708285745354322
0.17085581239067638
0.1708827881378262
0.17093641074487137
0.17097660578271157