0.3249207510363326
0.3249207510363326
0.3249207510363326
0.3249207510363326
0.3249207510363326
0.3249207510363326
0.3249207510363326
0.3249207510363326
0.3249207510363326
0.3249207510363326
0.3249207510363326
0.3249207510363326
0.3249207510363326
0.3249207510363326
0.3249207510363326
0.3249207510363326
0.3249207510363326
0.3249207510363326
0.3249207510363326
0.3249207510363326
0.3249207510363326
0.3249207510363326
0.3249207510363326
0.3249207510363326
0.3249207510363326
0.3249207510363326
0.3249207510363326
0.3249207510363326
0.3249207510363326
0.3249207510363326
0.3249207510363326
0.3249207510363326
0.3249207510363326
0.3249207510363326
0.3249207510363326
0.3249207510363326
0.3249207510363326
0.3249207510363326
0.3249207510363326
0.3249207510363326
0.3249207510363326
0.3249207510363326
0.3249207510363326
0.3249207510363326
0.3249207510363326
0.3249207510363326
0.3249207510363326
0.3249207510363326
0.3249207510363326
0.3249207510363326
0.3249207510363326
0.3249207510363326
0.3249207510363326
0.3249207510363326
0.3249207510363326
0.3249207510363326
0.3249207510363326
0.3249207510363326
0.3249207510363326
0.3249207510363326
0.3249207510363326
0.3249207510363326
0.3249207510363326
0.3249207510363326
0.3249207510363326
0.3249207510363326
0.3249207510363326
0.3249207510363326
0.3249207510363326
0.3249207510363326
0.3249207510363326
0.3249207510363326
0.3249207510363326
0.3249207510363326
0.3249207510363326
0.3249207510363326
0.3249207510363326
0.3249207510363326
0.3249207510363326
0.3249207510363326
0.3249207510363326
0.3249207510363326
0.3249207510363326
0.3249207510363326
0.3249207510363326
0.3249207510363326
0.3249207510363326
0.3249207510363326
0.3249207510363326
0.3249207510363326
0.3249207510363326
0.3249207510363326
0.3249207510363326
0.3249207510363326
0.3249207510363326
0.3249207510363326
0.3249207510363326
0.3249207510363326
0.3249207510363326
0.3249207510363326
0.3249207510363326
0.3249207510363326
0.3249207510363326
0.3249207510363326
0.3249207510363326
0.3957355515586305
0.3947170180019094
0.3936984844451884
0.3926799508884673
0.3916614173317463
0.3906428837750252
0.3896243502183042
0.3886058166615831
0.3875872831048621
0.386568749548141
0.38555021599142003
0.3958800660876759
0.39486153253095485
0.3710199627900124
0.34719034324132086
0.32408581926196006
0.3031220190369403
0.2865460689215192
0.2760998162997817
0.2717040740956094
0.27198293675506374
0.27508303954189445
0.27918462211778167
0.28320025888719164
0.2867987712851268
0.2899204104432858
0.29257675603051486
0.2948674047874272
0.2968968341681471
0.2987000384531367
0.3002690890686502
0.301592741845697
0.30269861585559515
0.30363037652693486
0.30440345780284767
0.30503356949387533
0.3055594746194859
0.3060095201209972
0.30639985266282715
0.30675243123733226
0.3070825126424975
0.3073917174460726
0.30767946628848036
0.3079470839429364
0.3081970896912603
0.30843479879538976
0.3086651058614878
0.3088883862780077
0.3091029401316823
0.3093083722087629
0.30950509513153107
0.30969385935545485
0.3098764534968342
0.3100548463099447
0.31022760874939276
0.31039065353791956
0.31054230606918126
0.31068304998421353
0.31081338673963527
0.31093582120338353
0.3110546315503136
0.3111718765965226
0.31128758514453586
0.31140178364596444
0.31151399079261727
0.3116222242454974
0.3117240737891101
0.3118187321569346
0.3119064193704018
0.31198781648921187
0.31206501902019507
0.3121405609020161
0.31222241881403373
0.31231519272300573
0.3124012274515178
0.3124881754245655
0.31257828290542583
0.31266534630740833
0.31276380225237493
0.3128666579220399
0.31296626011050305
0.31305994242314467
0.313144592099367
0.3132198988335209
0.31328823250356114
0.31335245480977997
0.31341576961567946
0.31348126169755314
0.31355179028736685
0.31362994760717494
0.3137150995030156
0.3138015657324396
0.3138822151782639
0.3139532079289851
0.3140134999643361
0.3140643116974216
0.31411101749213827
0.3141623902219373
0.3142243069045348
0.3142959190804982
0.3143741766262152
0.31445766376861944
0.31454426507513117
0.3146301321260306
0.31471354632823384
0.3147952424351275
0.314875839569796
0.3149554675591009
0.3150341426116337
0.3151118805941276
0.3151886970768312
0.31526460731659106
0.3153396262464974
0.31541376848425734
0.3154870483403072
0.31555947982568205
0.3156310766596467
0.31570185227709785
0.31577181983574426
0.31584099222307344
0.31590938206311164
0.3159770017229849
0.31604386331928797
0.3161099787242663
0.31617535957181736
0.3162400172633196
0.31630396297329383
0.3163672076549003
0.3164297620452799
0.31649163667074404
0.3165528418518149
0.3166133877081266
0.31667328416318813
0.3167325409490121
0.3167911676106148
0.3168491735103934
0.3169065678323791
0.3169633595863764
0.3170195576119899
0.3170751705825368
0.317130207008858
0.3171846752430237
0.31723858348194184
0.3172919397710106
0.317344752110482
0.31739710344742394
0.31750433198375605
0.31758548036922346