0.21244818336990978
0.21244818336990978
0.21244818336990978
0.21244818336990978
0.21244818336990978
0.21244818336990978
0.21244818336990978
0.21244818336990978
0.21244818336990978
0.21244818336990978
0.21244818336990978
0.21244818336990978
0.21244818336990978
0.21244818336990978
0.21244818336990978
0.21244818336990978
0.21244818336990978
0.21244818336990978
0.21244818336990978
0.21244818336990978
0.21244818336990978
0.21244818336990978
0.21244818336990978
0.21244818336990978
0.21244818336990978
0.21244818336990978
0.21244818336990978
0.21244818336990978
0.21244818336990978
0.21244818336990978
0.21244818336990978
0.21244818336990978
0.21244818336990978
0.21244818336990978
0.21244818336990978
0.21244818336990978
0.21244818336990978
0.21244818336990978
0.21244818336990978
0.21244818336990978
0.21244818336990978
0.21244818336990978
0.21244818336990978
0.21244818336990978
0.21244818336990978
0.21244818336990978
0.21244818336990978
0.21244818336990978
0.21244818336990978
0.21244818336990978
0.21244818336990978
0.21244818336990978
0.21244818336990978
0.21244818336990978
0.21244818336990978
0.21244818336990978
0.21244818336990978
0.21244818336990978
0.21244818336990978
0.21244818336990978
0.21244818336990978
0.21244818336990978
0.21244818336990978
0.21244818336990978
0.21244818336990978
0.21244818336990978
0.21244818336990978
0.21244818336990978
0.21244818336990978
0.21244818336990978
0.21244818336990978
0.21244818336990978
0.21244818336990978
0.21244818336990978
0.21244818336990978
0.21244818336990978
0.21244818336990978
0.21244818336990978
0.21244818336990978
0.21244818336990978
0.21244818336990978
0.21244818336990978
0.21244818336990978
0.21244818336990978
0.21244818336990978
0.21244818336990978
0.21244818336990978
0.21244818336990978
0.21244818336990978
0.21244818336990978
0.21244818336990978
0.21244818336990978
0.21244818336990978
0.21244818336990978
0.21244818336990978
0.21244818336990978
0.21244818336990978
0.21244818336990978
0.21244818336990978
0.21244818336990978
0.21244818336990978
0.21244818336990978
0.21244818336990978
0.21244818336990978
0.21244818336990978
0.3957487337520067
0.394756564582038
0.39376439541206937
0.39277222624210073
0.3917800570721321
0.39078788790216346
0.3897957187321948
0.3888035495622262
0.38781138039225754
0.3978960585035584
0.3969038893335898
0.3733222225211743
0.34852754425556
0.3219948305308278
0.2934700050712875
0.26303729597938474
0.23190263353364804
0.20300385333697168
0.17968413164889452
0.16376945513983243
0.15532501779444663
0.15295261269558103
0.1542651756061867
0.15722956620173656
0.16075619952632703
0.16429935334606072
0.1676164871497644
0.17068361525924847
0.17352629911891226
0.17609799257094638
0.17833027367795096
0.18020727566940187
0.18177121912742644
0.18308588198264542
0.18417454878030182
0.18506053121235555
0.18579906424200054
0.18643038848408022
0.18697746799311565
0.18747124641829294
0.1879331575671498
0.18836553297790204
0.18876762992978924
0.18914136039103957
0.1894902980789085
0.1898218963196171
0.19014299482106278
0.19045412852110044
0.19075294851248892
0.19103892450706328
0.1913126493484515
0.1915751852570523
0.19182903296580112
0.19207693161586425
0.1923168989578935
0.19254327519235448
0.19275375577574005
0.19294902856037865
0.19312980777438205
0.19329958263725777
0.19346428840865626
0.1936267786694269
0.19378709508099867
0.19394527509083004
0.19410065142525046
0.1942504817103493
0.1943914374354142
0.19452240974528812
0.19464371048045692
0.19475628986252913
0.1948630511968622
0.1949675095443505
0.19508068582301308
0.19520889753023696
0.19532778254485328
0.1954479044466929
0.19557235828145025
0.19569260224953233
0.19582853702883762
0.19597050075775224
0.19610793629958068
0.1962371683408698
0.19635391338251662
0.1964577547580345
0.19655196742043846
0.19664050132639554
0.19672777459406643
0.1968180383457684
0.19691523004511302
0.19702291261087457
0.1971402003055337
0.19725926438334185
0.19737029088229152
0.19746800263076614
0.19755097254066067
0.19762089147481865
0.1976851628237678
0.1977558538701688
0.19784103796271213
0.19793953913404272
0.19804715834881537
0.19816194315570324
0.19828097985564785
0.19839898007336265
0.19851358598308189
0.19862580870273805
0.1987364993492241
0.19884583694200864
0.19895384449949038
0.19906054454552058
0.1991659591725058
0.19927011001903427
0.19937301825652132
0.19947470460151273
0.1995751893276011
0.1996744922769721
0.19977263287160352
0.1998696301241144
0.1999655026482855
0.20006026866926352
0.20015394603345193
0.20024655221810772
0.20033810434065302
0.20042861916770616
0.20051811312384793
0.2006066023001295
0.2006941024623271
0.20078062905895788
0.20086619722906474
0.20095082180977297
0.2010345173436302
0.20111729808573664
0.20119917801067022
0.20128017081921545
0.20136028994490218
0.20143954856036228
0.2015179595835016
0.20159553568350408
0.20167228928667236
0.20174823258210062
0.2018233775271937
0.2018977358530344
0.20197131906960408
0.20204413847136415
0.20211620540753306
0.20218767301058016
0.20233531909533511
0.20244734436750872