0.09997561570348695
0.09997561570348695
0.09997561570348695
0.09997561570348695
0.09997561570348695
0.09997561570348695
0.09997561570348695
0.09997561570348695
0.09997561570348695
0.09997561570348695
0.09997561570348695
0.09997561570348695
0.09997561570348695
0.09997561570348695
0.09997561570348695
0.09997561570348695
0.09997561570348695
0.09997561570348695
0.09997561570348695
0.09997561570348695
0.09997561570348695
0.09997561570348695
0.09997561570348695
0.09997561570348695
0.09997561570348695
0.09997561570348695
0.09997561570348695
0.09997561570348695
0.09997561570348695
0.09997561570348695
0.09997561570348695
0.09997561570348695
0.09997561570348695
0.09997561570348695
0.09997561570348695
0.09997561570348695
0.09997561570348695
0.09997561570348695
0.09997561570348695
0.09997561570348695
0.09997561570348695
0.09997561570348695
0.09997561570348695
0.09997561570348695
0.09997561570348695
0.09997561570348695
0.09997561570348695
0.09997561570348695
0.09997561570348695
0.09997561570348695
0.09997561570348695
0.09997561570348695
0.09997561570348695
0.09997561570348695
0.09997561570348695
0.09997561570348695
0.09997561570348695
0.09997561570348695
0.09997561570348695
0.09997561570348695
0.09997561570348695
0.09997561570348695
0.09997561570348695
0.09997561570348695
0.09997561570348695
0.09997561570348695
0.09997561570348695
0.09997561570348695
0.09997561570348695
0.09997561570348695
0.09997561570348695
0.09997561570348695
0.09997561570348695
0.09997561570348695
0.09997561570348695
0.09997561570348695
0.09997561570348695
0.09997561570348695
0.09997561570348695
0.09997561570348695
0.09997561570348695
0.09997561570348695
0.09997561570348695
0.09997561570348695
0.09997561570348695
0.09997561570348695
0.09997561570348695
0.09997561570348695
0.09997561570348695
0.09997561570348695
0.09997561570348695
0.09997561570348695
0.09997561570348695
0.09997561570348695
0.09997561570348695
0.09997561570348695
0.09997561570348695
0.09997561570348695
0.09997561570348695
0.09997561570348695
0.09997561570348695
0.09997561570348695
0.09997561570348695
0.09997561570348695
0.09997561570348695
0.3911065854125052
0.3808301195635336
0.370553653714562
0.41617628846362975
0.4058998226146581
0.33925315135187506
0.3253690029028932
0.3062224620862767
0.28507273660074467
0.2640541581743328
0.2423048072717215
0.220323409920181
0.1981229443090911
0.17526247383368682
0.15142775056417296
0.12645167025747112
0.10120811809651847
0.07833524989343427
0.060945707876673916
0.05068462590135886
0.04731117541673896
0.04892548220286391
0.0528811409115057
0.05727069945437918
0.06129193071802658
0.06474373996341448
0.06762548815351471
0.07005917896953412
0.07218579475972903
0.07405821850947886
0.07567709529017635
0.07703583048856139
0.07816613881606121
0.07911504408989062
0.07989996533737503
0.08053810758478613
0.08106959226400828
0.08152360247612872
0.0819167642681426
0.08227140822474815
0.08260300257256586
0.08291325539888822
0.08320165688610576
0.08346960132116438
0.08371966710402562
0.0839572123751759
0.08418715515222347
0.08440988928904053
0.08462373840069887
0.08482832983252159
0.0850240951807652
0.08521179970737508
0.08539323697116424
0.08557037416826002
0.0857418028703209
0.08590348228271644
0.08605377120359087
0.08619316864534937
0.0863221887378795
0.08644332474368438
0.08656081794919274
0.08667670828035584
0.08679102625840679
0.08690380003163728
0.0870145567126474
0.08712134362605001
0.08722178920570828
0.08731510536224535
0.08740151700573978
0.08748170216652656
0.08755773020902907
0.08763209904923336
0.08771265887435126
0.08780392983921143
0.08788854085247427
0.08797401472464988
0.08806256660125106
0.08814809321240563
0.08824477422946003
0.08834573446286237
0.08844345991637009
0.08853534011369252
0.08861833041893913
0.08869213583807184
0.08875908660543569
0.08882199126432638
0.08888398993190089
0.08894810278857562
0.08901712580783666
0.08909359039463455
0.08917686946553832
0.08926140367323127
0.08934022326946683
0.089409582786454
0.08946847109262318
0.08951808757460794
0.08956368436561218
0.08961382598859474
0.08967424407645502
0.08974410309728048
0.08982042006627461
0.08990180830537081
0.08998620135772345
0.09006984745534646
0.09015107375277104
0.09023059789452897
0.0903090240388526
0.0903864795519444
0.09046298113323509
0.09053854511951126
0.09061318753006325
0.09068692405121531
0.09075977002723995
0.09083174046944537
0.09090285006497728
0.09097311318534723
0.09104254389469707
0.09111115595780722
0.09117896284785937
0.09124597775396198
0.09131221358844671
0.0913776829939445
0.09144239835024764
0.09150637178096582
0.09156961515998402
0.09163214011773041
0.09169395804725505
0.09175508011013095
0.09181551724218545
0.09187528015906116
0.09193437936161336
0.09199282514115653
0.09205062758455712
0.09210779657918072
0.092164341817698
0.09222027280275386
0.09227559885150599
0.09233032910003386
0.09238447250762588
0.0924380378609459
0.09249103377808415
0.09254346871249636
0.09259535095683352
0.09264668864678688
0.09269748985345311
0.09274782979471924
0.09284928447867383
0.09292566671437397