0.049987807851743477
0.049987807851743477
0.049987807851743477
0.049987807851743477
0.049987807851743477
0.049987807851743477
0.049987807851743477
0.049987807851743477
0.049987807851743477
0.049987807851743477
0.049987807851743477
0.049987807851743477
0.049987807851743477
0.049987807851743477
0.049987807851743477
0.049987807851743477
0.049987807851743477
0.049987807851743477
0.049987807851743477
0.049987807851743477
0.049987807851743477
0.049987807851743477
0.049987807851743477
0.049987807851743477
0.049987807851743477
0.049987807851743477
0.049987807851743477
0.049987807851743477
0.049987807851743477
0.049987807851743477
0.049987807851743477
0.049987807851743477
0.049987807851743477
0.049987807851743477
0.049987807851743477
0.049987807851743477
0.049987807851743477
0.049987807851743477
0.049987807851743477
0.049987807851743477
0.049987807851743477
0.049987807851743477
0.049987807851743477
0.049987807851743477
0.049987807851743477
0.049987807851743477
0.049987807851743477
0.049987807851743477
0.049987807851743477
0.049987807851743477
0.049987807851743477
0.049987807851743477
0.049987807851743477
0.049987807851743477
0.049987807851743477
0.049987807851743477
0.049987807851743477
0.049987807851743477
0.049987807851743477
0.049987807851743477
0.049987807851743477
0.049987807851743477
0.049987807851743477
0.049987807851743477
0.049987807851743477
0.049987807851743477
0.049987807851743477
0.049987807851743477
0.049987807851743477
0.049987807851743477
0.049987807851743477
0.049987807851743477
0.049987807851743477
0.049987807851743477
0.049987807851743477
0.049987807851743477
0.049987807851743477
0.049987807851743477
0.049987807851743477
0.049987807851743477
0.049987807851743477
0.049987807851743477
0.049987807851743477
0.049987807851743477
0.049987807851743477
0.049987807851743477
0.049987807851743477
0.049987807851743477
0.049987807851743477
0.049987807851743477
0.049987807851743477
0.049987807851743477
0.049987807851743477
0.049987807851743477
0.049987807851743477
0.049987807851743477
0.049987807851743477
0.049987807851743477
0.049987807851743477
0.049987807851743477
0.049987807851743477
0.049987807851743477
0.049987807851743477
0.049987807851743477
0.049987807851743477
0.392112880999953
0.38384900632587704
0.37558513165180096
0.4064555087213739
0.39819163404729796
0.3489423827893211
0.33487171409336025
0.31625613786308626
0.29563525614171693
0.2750436677157658
0.2537171330897098
0.23192775150318742
0.2095060371861248
0.18582994187782384
0.1602213700388516
0.13187991563615384
0.10085607945257077
0.06916308334586282
0.04023723291066181
0.01736203714703219
0.002580419126232164
-0.0042779531263364146
-0.0055073762261515224
-0.0037378000503796305
-0.0006990343761803797
0.0026576241847557636
0.005905707473893712
0.008962173184950711
0.011817845676879574
0.014438373684412004
0.016749815086679803
0.018694187835151393
0.020308540618132448
0.02166173774138122
0.022779708353170197
0.02368779085096137
0.024443542209687558
0.025088721014166787
0.02564716104864037
0.0261506760466603
0.02662125138041113
0.0270613481191124
0.02747028717973074
0.027850084119873636
0.02820443058410002
0.02854093953131584
0.02886657990939409
0.029181914382763158
0.02948458314808941
0.029774071680352038
0.030051001904237012
0.03031646798481355
0.03057301432696488
0.030823420366329984
0.03106569465167161
0.03129413870945716
0.03150644709309877
0.0317033338142991
0.03188553700590677
0.03205658748803894
0.032222473578609606
0.03238607319049211
0.03254743043964756
0.03270658510344357
0.032862868201990886
0.03301352545207467
0.03315521658969309
0.03328683512721928
0.03340870248261438
0.03352178027949068
0.033628989756845556
0.03373386362025463
0.03384746380109235
0.03397612319604579
0.03409539429421435
0.03421587183514549
0.03434066637794328
0.03446120748297729
0.034597441470720164
0.03473967702112632
0.03487733542309843
0.03500674097015641
0.03512361262986993
0.03522754242793888
0.03532181553075728
0.0354103890701811
0.035497685073928115
0.03558795531230127
0.03568513459662978
0.035792779970954286
0.0359099993968188
0.03602896480188941
0.03613987250210024
0.03623745813852605
0.036320305055780516
0.03639010886452351
0.03645426493246659
0.036524818694447764
0.03660982315061287
0.03670809751105383
0.036815445381335604
0.03692991356285133
0.037048592391029506
0.0371662081291064
0.03728041201329055
0.037392213693777404
0.037502462521052465
0.03761133780765344
0.03771886338674643
0.03782506256738702
0.03792995819845443
0.038033572647444086
0.03813592778823291
0.03823704501434608
0.03833694525180406
0.03843564897156379
0.038533176201569014
0.03862954653842629
0.03872477915871461
0.038818892829946855
0.038911905921195505
0.0390038364133902
0.039094701909302615
0.039184519643229415
0.03927330649038116
0.03936107897598792
0.039447853284136664
0.03953364526634215
0.039618470449864746
0.03970234404578396
0.03978528095683306
0.03986729578500456
0.03994840283893805
0.040028616141091405
0.040107949434704054
0.04018641619056404
0.040264029613576974
0.04034080264915205
0.040416747989407725
0.04049187807919982
0.04056620512198081
0.04063974108549659
0.04071249770732607
0.04078448650072805
0.04085571900739279
0.04092634057273245
0.04106968767693142
0.0411778418575293