0.0
0.0
0.0
0.0
0.0
0.0
0.0
0.0
0.0
0.0
0.0
0.0
0.0
0.0
0.0
0.0
0.0
0.0
0.0
0.0
0.0
0.0
0.0
0.0
0.0
0.0
0.0
0.0
0.0
0.0
0.0
0.0
0.0
0.0
0.0
0.0
0.0
0.0
0.0
0.0
0.0
0.0
0.0
0.0
0.0
0.0
0.0
0.0
0.0
0.0
0.0
0.0
0.0
0.0
0.0
0.0
0.0
0.0
0.0
0.0
0.0
0.0
0.0
0.0
0.0
0.0
0.0
0.0
0.0
0.0
0.0
0.0
0.0
0.0
0.0
0.0
0.0
0.0
0.0
0.0
0.0
0.0
0.0
0.0
0.0
0.0
0.0
0.0
0.0
0.0
0.0
0.0
0.0
0.0
0.0
0.0
0.0
0.0
0.0
0.0
0.0
0.0
0.0
0.0
0.0
0.0
0.0
0.1824079657140401
0.3661498125860749
0.3673327868985558
0.30052485918686356
0.22960624076642983
0.21497741546591947
0.19471315305661924
0.1748713154551907
0.1548357729657392
0.1348025154311172
0.11481228205417227
0.09449483369378464
0.0734060406739323
0.05088613549416077
0.02691684851691789
0.0030389207004262175
-0.017989858398661185
-0.03351181835881489
-0.042054215202632195
-0.04423118790127645
-0.04246070272712643
-0.03911959482052274
-0.0355467954331945
-0.032306947809808806
-0.02951768557666523
-0.02708573952070914
-0.02492518240581898
-0.023019791947272772
-0.021380069959247017
-0.020008128928950875
-0.018869237237331138
-0.01791466578214118
-0.01712608184340514
-0.016485643629617464
-0.015952714122080547
-0.015497804921815295
-0.01510411590570726
-0.014749198214714543
-0.014417521348927487
-0.014107344005909628
-0.013819146651213643
-0.013551508815394353
-0.013301832164974492
-0.013064749960751243
-0.012835343024875101
-0.012613210943857034
-0.012400017932120644
-0.012196126976653954
-0.012001099606941512
-0.011814165974737723
-0.011633533883802283
-0.011457240630043941
-0.011286683790714402
-0.011125877344790869
-0.01097644509115181
-0.010837881921198722
-0.0107096687261512
-0.01058932148097691
-0.010472622644591922
-0.01035754446305237
-0.010244055982702172
-0.010132128624483538
-0.010022230856501224
-0.009916298414629487
-0.009816680701923097
-0.009724155112268207
-0.009638494327292246
-0.009559022440137177
-0.009483685718178592
-0.009410007629854
-0.009330212828381867
-0.009239828578598175
-0.00915605849911838
-0.009071456986454507
-0.008983827531876099
-0.008899214775980546
-0.008803592354493794
-0.008703766449515982
-0.00860716863948685
-0.008516375771027818
-0.008434390873949038
-0.008361498838009407
-0.008295392738185026
-0.008233295980465183
-0.008172107435187037
-0.008108847005900532
-0.008040758720669228
-0.007965350482116662
-0.007883246930230126
-0.007799932993535652
-0.007722276545783835
-0.0076539615932720295
-0.007595976045687625
-0.007547132032875492
-0.007502255256719881
-0.007452916760280814
-0.00739348160858766
-0.007324779855328867
-0.007249753432417183
-0.007169772752570136
-0.007086873964420093
-0.007004744950978026
-0.006925027746419232
-0.006847016467294242
-0.006770117582095114
-0.006694205862287195
-0.006619264702624861
-0.006545277865478649
-0.006472229436084387
-0.006400103837206572
-0.006328885837520559
-0.006258560542204972
-0.006189113383830325
-0.006120530113534972
-0.00605279679247861
-0.005985899783562232
-0.005919825743403884
-0.005854561614563991
-0.005790094618008723
-0.005726412245810941
-0.00566350225749801
-0.005601354775096823
-0.005539963034960849
-0.005479318751593354
-0.00541941138491886
-0.005360230700504509
-0.005301766770013927
-0.005244009972370733
-0.005186950995666351
-0.005130580839851184
-0.0050748908202518095
-0.005019872571956796
-0.0049655180551289035
-0.00491181956129072
-0.004858769720643252
-0.004806361510487633
-0.004754588264810344
-0.00470344368510478
-0.004652921852518865
-0.004603017241405105
-0.004553724734361886
-0.004505039638788233
-0.00445695763574161
-0.0044094186877776664
-0.004316470451290468
-0.004247170414124704