-0.049987807851743477
-0.049987807851743477
-0.049987807851743477
-0.049987807851743477
-0.049987807851743477
-0.049987807851743477
-0.049987807851743477
-0.049987807851743477
-0.049987807851743477
-0.049987807851743477
-0.049987807851743477
-0.049987807851743477
-0.049987807851743477
-0.049987807851743477
-0.049987807851743477
-0.049987807851743477
-0.049987807851743477
-0.049987807851743477
-0.049987807851743477
-0.049987807851743477
-0.049987807851743477
-0.049987807851743477
-0.049987807851743477
-0.049987807851743477
-0.049987807851743477
-0.049987807851743477
-0.049987807851743477
-0.049987807851743477
-0.049987807851743477
-0.049987807851743477
-0.049987807851743477
-0.049987807851743477
-0.049987807851743477
-0.049987807851743477
-0.049987807851743477
-0.049987807851743477
-0.049987807851743477
-0.049987807851743477
-0.049987807851743477
-0.049987807851743477
-0.049987807851743477
-0.049987807851743477
-0.049987807851743477
-0.049987807851743477
-0.049987807851743477
-0.049987807851743477
-0.049987807851743477
-0.049987807851743477
-0.049987807851743477
-0.049987807851743477
-0.049987807851743477
-0.049987807851743477
-0.049987807851743477
-0.049987807851743477
-0.049987807851743477
-0.049987807851743477
-0.049987807851743477
-0.049987807851743477
-0.049987807851743477
-0.049987807851743477
-0.049987807851743477
-0.049987807851743477
-0.049987807851743477
-0.049987807851743477
-0.049987807851743477
-0.049987807851743477
-0.049987807851743477
-0.049987807851743477
-0.049987807851743477
-0.049987807851743477
-0.049987807851743477
-0.049987807851743477
-0.049987807851743477
-0.049987807851743477
-0.049987807851743477
-0.049987807851743477
-0.049987807851743477
-0.049987807851743477
-0.049987807851743477
-0.049987807851743477
-0.049987807851743477
-0.049987807851743477
-0.049987807851743477
-0.049987807851743477
-0.049987807851743477
-0.049987807851743477
-0.049987807851743477
-0.049987807851743477
-0.049987807851743477
-0.049987807851743477
-0.049987807851743477
-0.049987807851743477
-0.049987807851743477
-0.049987807851743477
-0.049987807851743477
-0.049987807851743477
-0.049987807851743477
-0.049987807851743477
-0.049987807851743477
-0.049987807851743477
-0.049987807851743477
-0.049987807851743477
-0.049987807851743477
-0.049987807851743477
-0.049987807851743477
-0.049987807851743477
-0.049987807851743477
0.13928792583911745
0.3282317884452518
0.3276359306641138
0.2736410744929728
0.21520467254288358
0.20018583673220616
0.17928409080768679
0.1584620613494573
0.1378096580074958
0.1169438153597406
0.09582995817401066
0.07417498830881755
0.05149859372411705
0.026900695112808376
-0.00014937128846312375
-0.02871607170355947
-0.05623021264346659
-0.07917780159563612
-0.09444263367224123
-0.10132796707968048
-0.10196596274405675
-0.09932927144405454
-0.09556091826781207
-0.09178615698578382
-0.08840572255384702
-0.0854164180963157
-0.0827370615153786
-0.0803620776578979
-0.07832368131200115
-0.07662250410036672
-0.07521285651002116
-0.07403308846604781
-0.07305964886429314
-0.07226983058023959
-0.071613103702004
-0.07105288694212672
-0.07056831860154664
-0.07013167550977514
-0.06972381236721234
-0.06934255219616589
-0.06898844874091645
-0.06865972389311989
-0.06835315668128669
-0.06806213877363951
-0.06778062472421717
-0.06750811617015803
-0.06724664377002651
-0.06699664188577212
-0.06675756314018286
-0.06652845439834329
-0.06630711215805893
-0.06609112972844497
-0.06588221709233363
-0.06568528242210767
-0.06550230507184504
-0.06533265967267352
-0.06517570296364236
-0.06502838785161155
-0.06488555089268463
-0.0647447104255274
-0.0646058274077412
-0.06446886617795486
-0.06433440008732735
-0.06420479655465702
-0.06408292690168024
-0.06396973946241899
-0.0638649541100613
-0.06376774153653117
-0.06367558816502769
-0.06358545980552718
-0.06348784825243922
-0.06337730013984408
-0.0632748384870849
-0.0631713597486123
-0.06306418293438473
-0.06296068517755368
-0.06284372648114186
-0.06272163110726267
-0.06260348382865641
-0.06249243619649289
-0.062392159308063605
-0.06230300011837639
-0.06222213690067899
-0.062146173264602894
-0.06207131564458998
-0.06199391808447083
-0.061910608083941526
-0.06181833700225911
-0.0617178700846743
-0.061615918030606814
-0.061520883085746075
-0.06143727379682937
-0.06136630057163736
-0.06130650933905987
-0.061251565322682805
-0.061191150655135
-0.06111836778496468
-0.06103423051354226
-0.06094233634144294
-0.060844360033579264
-0.0607427934003035
-0.060642151569118646
-0.06054444484609653
-0.06044880828177088
-0.060354514349091976
-0.0602614091124227
-0.060169471723050066
-0.060078681796296135
-0.05998901935627196
-0.05990046485348974
-0.059812999174808174
-0.059726603631581526
-0.059641259948189224
-0.05955695025093008
-0.05947365705726823
-0.05939136326541969
-0.05931005214426485
-0.059229707323574105
-0.059150312784541165
-0.05907185285060643
-0.0589943121785623
-0.058917675749932535
-0.05884192886261272
-0.05876705712276739
-0.05869304643696879
-0.05861988300457274
-0.05854755331032099
-0.05847604411716742
-0.058405342459314696
-0.058335435635454375
-0.05826631120220946
-0.05819795696776617
-0.05813036098568955
-0.05806351154892117
-0.05799739718395
-0.05793200664514672
-0.057867328909262356
-0.057803353170084976
-0.057740068833244756
-0.057677465511165565
-0.05761553301816222
-0.057554261365434706
-0.05749364060849424
-0.05743356691256715
-0.057313567827089684
-0.05722349353335013