-0.09997561570348695
-0.09997561570348695
-0.09997561570348695
-0.09997561570348695
-0.09997561570348695
-0.09997561570348695
-0.09997561570348695
-0.09997561570348695
-0.09997561570348695
-0.09997561570348695
-0.09997561570348695
-0.09997561570348695
-0.09997561570348695
-0.09997561570348695
-0.09997561570348695
-0.09997561570348695
-0.09997561570348695
-0.09997561570348695
-0.09997561570348695
-0.09997561570348695
-0.09997561570348695
-0.09997561570348695
-0.09997561570348695
-0.09997561570348695
-0.09997561570348695
-0.09997561570348695
-0.09997561570348695
-0.09997561570348695
-0.09997561570348695
-0.09997561570348695
-0.09997561570348695
-0.09997561570348695
-0.09997561570348695
-0.09997561570348695
-0.09997561570348695
-0.09997561570348695
-0.09997561570348695
-0.09997561570348695
-0.09997561570348695
-0.09997561570348695
-0.09997561570348695
-0.09997561570348695
-0.09997561570348695
-0.09997561570348695
-0.09997561570348695
-0.09997561570348695
-0.09997561570348695
-0.09997561570348695
-0.09997561570348695
-0.09997561570348695
-0.09997561570348695
-0.09997561570348695
-0.09997561570348695
-0.09997561570348695
-0.09997561570348695
-0.09997561570348695
-0.09997561570348695
-0.09997561570348695
-0.09997561570348695
-0.09997561570348695
-0.09997561570348695
-0.09997561570348695
-0.09997561570348695
-0.09997561570348695
-0.09997561570348695
-0.09997561570348695
-0.09997561570348695
-0.09997561570348695
-0.09997561570348695
-0.09997561570348695
-0.09997561570348695
-0.09997561570348695
-0.09997561570348695
-0.09997561570348695
-0.09997561570348695
-0.09997561570348695
-0.09997561570348695
-0.09997561570348695
-0.09997561570348695
-0.09997561570348695
-0.09997561570348695
-0.09997561570348695
-0.09997561570348695
-0.09997561570348695
-0.09997561570348695
-0.09997561570348695
-0.09997561570348695
-0.09997561570348695
-0.09997561570348695
-0.09997561570348695
-0.09997561570348695
-0.09997561570348695
-0.09997561570348695
-0.09997561570348695
-0.09997561570348695
-0.09997561570348695
-0.09997561570348695
-0.09997561570348695
-0.09997561570348695
-0.09997561570348695
-0.09997561570348695
-0.09997561570348695
-0.09997561570348695
-0.09997561570348695
-0.09997561570348695
-0.09997561570348695
-0.09997561570348695
0.09554740477450538
0.28630694381437943
0.2813684120969981
0.23692218400960946
0.18746655370999682
0.17190473708035403
0.1504049731757054
0.12879956761145195
0.10766680116992317
0.08629618506900116
0.06465412295488598
0.04255874291721168
0.019594291347501736
-0.005170287489627279
-0.032549894878405816
-0.06233152160802441
-0.09277935626455674
-0.12051775129801229
-0.1413894116984878
-0.15309691371239514
-0.15681081928521529
-0.15552375829331883
-0.1519651426292596
-0.14789936742403625
-0.14409334552617742
-0.14067930296964398
-0.13761644800780143
-0.13490725714714963
-0.1325890066909307
-0.13066117945380634
-0.1290670201072101
-0.12773477284871854
-0.1266367111771442
-0.1257465054065236
-0.12500679747544557
-0.12437614805513725
-0.12383091055026746
-0.12333980145121387
-0.12288124719367882
-0.12245276646545239
-0.12205494757407725
-0.12168576205091902
-0.12134156489107578
-0.1210149185836879
-0.12069902982633257
-0.12039333269432223
-0.12010009533902716
-0.11981979473740173
-0.11955180772026791
-0.11929505689312986
-0.1190470661512037
-0.11880513683714072
-0.1185711816209229
-0.11835068864619464
-0.11814586395110499
-0.11795599876305424
-0.11778036403534825
-0.1176155427755638
-0.1174557557200146
-0.11729822635313564
-0.11714291009428773
-0.11698976649405818
-0.11683943651356404
-0.11669456533702899
-0.11655835872359072
-0.11643187239371805
-0.11631478947054003
-0.11620617940968087
-0.11610323138794593
-0.11600255153095101
-0.11589352218337451
-0.1157700681416744
-0.11565565388508631
-0.11554011819228899
-0.11542046962490676
-0.11530493552051885
-0.11517439621651965
-0.1150381463409817
-0.11490632206249657
-0.11478243747959599
-0.11467058307020389
-0.1145711404133482
-0.11448095862096425
-0.11439624756876426
-0.11431277603851248
-0.11422647893938492
-0.11413359762149605
-0.11403073732946328
-0.11391875639792998
-0.11380513692058164
-0.11369924040912366
-0.11360608633676156
-0.11352701839395113
-0.11346041148824643
-0.11339920525499275
-0.11333190759496098
-0.11325084060850127
-0.11315713774027575
-0.11305480800360174
-0.11294571924347746
-0.11283264837234469
-0.11272062167333091
-0.11261187529666955
-0.1125054456298677
-0.11240052254387484
-0.11229693430874027
-0.11219465728783978
-0.11209366837389995
-0.11199394492710008
-0.11189546479422446
-0.11179820631928411
-0.1117021483299116
-0.11160727012419697
-0.11151355145794545
-0.11142097253234157
-0.11132951398200713
-0.11123915686343583
-0.11114988264379105
-0.11106167319005505
-0.11097451075851777
-0.11088837798459211
-0.11080325787293782
-0.11071913378789405
-0.110635989444205
-0.11055380889802441
-0.11047257653819281
-0.11039227707777849
-0.11031289554587337
-0.1102344172796314
-0.11015682791654408
-0.11008011338694595
-0.11000425990673873
-0.10992925397032755
-0.1098550823437669
-0.10978173205810465
-0.10970919040291521
-0.10963744492002098
-0.10956648339739589
-0.10949629386323773
-0.10942686458021184
-0.10935818403985736
-0.10929024095678835
-0.10922302405897527
-0.10915640499080309
-0.10902235437238689
-0.10892149449846396