0.0
0.0
0.0
0.0
0.0
0.0
0.0
0.0
0.0
0.0
0.0
0.0
0.0
0.0
0.0
0.0
0.0
0.0
0.0
0.0
0.0
0.0
0.0
0.0
0.0
0.0
0.0
0.0
0.0
0.0
0.0
0.0
0.0
0.0
0.0
0.0
0.0
0.0
0.0
0.0
0.0
0.0
0.0
0.0
0.0
0.0
0.0
0.0
0.0
0.0
0.0
0.0
0.0
0.0
0.0
0.0
0.0
0.0
0.0
0.0
0.0
0.0
0.0
0.0
0.0
0.0
0.0
0.0
0.0
0.0
0.0
0.0
0.0
0.0
0.0
0.0
0.0
0.0
0.0
0.0
0.0
0.0
0.0
0.0
0.0
0.0
0.0
0.0
0.0
0.0
0.0
0.0
0.0
0.0
0.0
0.0
0.0
0.0
0.0
0.0
0.0
0.0
0.0
0.0
0.0
0.3944520442814746
0.39086649617044195
0.38728094805940927
0.38369539994837654
0.4310704913964469
0.4274849432854142
0.37027945096272435
0.3550925770317134
0.3328174724533238
0.3104993043177388
0.28869026974425754
0.26638916348672814
0.2434854755858229
0.219757083826552
0.1947142938210018
0.16736821329519314
0.13669630314414505
0.1022153443942726
0.06443952287545773
0.025766165103458638
-0.009260683001200531
-0.036331208484989164
-0.054041293283283665
-0.06363516852391493
-0.06745524373451683
-0.06785758358746685
-0.06648707616858451
-0.0641517063335828
-0.06127419417589608
-0.058182927813338114
-0.05515215386142103
-0.05240320195438963
-0.050002847700889586
-0.04792301470304805
-0.046163412023762174
-0.04471008311553071
-0.04349119264267021
-0.04244407563894592
-0.0415333509425464
-0.04070786286831929
-0.039931944511355955
-0.03920277429161656
-0.0385229668687197
-0.03789096018263294
-0.03730157884007124
-0.03674210856871429
-0.03620097115558307
-0.03567722451209443
-0.035174748924188926
-0.0346943624528806
-0.03423500253689005
-0.033794821026526645
-0.033369578168697345
-0.032954680707309336
-0.03255343534384059
-0.03217524161963459
-0.03182387544766785
-0.03149813037295024
-0.031196748579894074
-0.030913859600569804
-0.030639565750931297
-0.030369118350884072
-0.030102441814458203
-0.02983947134655951
-0.029581319376762227
-0.029332533310454156
-0.029098610970660577
-0.028881362906520103
-0.028680246001183463
-0.028493655909937132
-0.028316762907994786
-0.02814370135271549
-0.027956247404892665
-0.027744098845833953
-0.027547422410129307
-0.027348782752679934
-0.027143096305925596
-0.026944375263358467
-0.026719876622297356
-0.026485580899650696
-0.026258887328300506
-0.026045845166796422
-0.025853478634400684
-0.025682434402282794
-0.025527293758969893
-0.025381536925543013
-0.02523788552373274
-0.02508934565953691
-0.024929449041679597
-0.024752367535826547
-0.024559601025582634
-0.024364032932310487
-0.024181762342780466
-0.024021420855457
-0.023885316043285254
-0.023770633546880582
-0.023665201205461006
-0.023549242651835556
-0.023409565048150505
-0.023248126561220772
-0.023071820028206957
-0.0228838624459633
-0.022689042984538776
-0.022496010651649634
-0.02230860816227942
-0.022125176814904446
-0.02194432347674624
-0.021765753269418653
-0.02158942600897573
-0.02141530240759204
-0.021243343967578987
-0.021073513014810086
-0.020905772717402904
-0.020740087062709023
-0.020576420835046072
-0.020414739594145637
-0.02025500965429039
-0.020097198064114252
-0.019941272587043812
-0.019787201682352595
-0.019634954486812184
-0.01948450079691444
-0.019335811051643503
-0.01918885631578071
-0.019043608263722867
-0.018900039163794347
-0.01875812186303616
-0.01861782977245685
-0.01847913685272573
-0.018342017600295968
-0.018206447033941586
-0.01807240068169591
-0.017939854568173708
-0.017808785202266364
-0.01767916956519766
-0.017550985098929495
-0.01742420969490155
-0.017298821683096044
-0.017174799821419562
-0.01705212328538508
-0.01693077165809065
-0.016810724920480524
-0.01669196344187096
-0.016574467967239492
-0.016458218455500884
-0.016342811816084435
-0.016099361217796277
-0.01591350136740847