0.09997561570348695
0.09997561570348695
0.09997561570348695
0.09997561570348695
0.09997561570348695
0.09997561570348695
0.09997561570348695
0.09997561570348695
0.09997561570348695
0.09997561570348695
0.09997561570348695
0.09997561570348695
0.09997561570348695
0.09997561570348695
0.09997561570348695
0.09997561570348695
0.09997561570348695
0.09997561570348695
0.09997561570348695
0.09997561570348695
0.09997561570348695
0.09997561570348695
0.09997561570348695
0.09997561570348695
0.09997561570348695
0.09997561570348695
0.09997561570348695
0.09997561570348695
0.09997561570348695
0.09997561570348695
0.09997561570348695
0.09997561570348695
0.09997561570348695
0.09997561570348695
0.09997561570348695
0.09997561570348695
0.09997561570348695
0.09997561570348695
0.09997561570348695
0.09997561570348695
0.09997561570348695
0.09997561570348695
0.09997561570348695
0.09997561570348695
0.09997561570348695
0.09997561570348695
0.09997561570348695
0.09997561570348695
0.09997561570348695
0.09997561570348695
0.09997561570348695
0.09997561570348695
0.09997561570348695
0.09997561570348695
0.09997561570348695
0.09997561570348695
0.09997561570348695
0.09997561570348695
0.09997561570348695
0.09997561570348695
0.09997561570348695
0.09997561570348695
0.09997561570348695
0.09997561570348695
0.09997561570348695
0.09997561570348695
0.09997561570348695
0.09997561570348695
0.09997561570348695
0.09997561570348695
0.09997561570348695
0.09997561570348695
0.09997561570348695
0.09997561570348695
0.09997561570348695
0.09997561570348695
0.09997561570348695
0.09997561570348695
0.09997561570348695
0.09997561570348695
0.09997561570348695
0.09997561570348695
0.09997561570348695
0.09997561570348695
0.09997561570348695
0.09997561570348695
0.09997561570348695
0.09997561570348695
0.09997561570348695
0.09997561570348695
0.09997561570348695
0.09997561570348695
0.09997561570348695
0.09997561570348695
0.09997561570348695
0.09997561570348695
0.09997561570348695
0.09997561570348695
0.09997561570348695
0.09997561570348695
0.09997561570348695
0.09997561570348695
0.09997561570348695
0.09997561570348695
0.09997561570348695
0.39514176000881657
0.39293564335246783
0.39072952669611904
0.38852341003977026
0.3863172933834215
0.3841111767270727
0.38190506007072395
0.3908153741627405
0.3886092575063917
0.36525748569802335
0.3428220715908274
0.3201487991003808
0.2972848592011937
0.2741173363500336
0.25033514085033765
0.22527559398690894
0.19822864235343468
0.1687392144610848
0.13697108824722454
0.10461859055943917
0.07534513162688289
0.05295964935761582
0.03900442215947936
0.032549198425439296
0.031394722820225096
0.033182235123632775
0.03622829009156042
0.039708352408927394
0.04324444652708909
0.046632823989677996
0.049725427244429576
0.05241149599271461
0.054699088125218454
0.0566519861578913
0.05828031032456277
0.059609278682436206
0.06071654495539297
0.061661781015860784
0.06248002004190084
0.06321786212850394
0.0639074394177403
0.06455234788597503
0.06515160691303684
0.06570817824288605
0.06622748898783598
0.06672069268457154
0.06719797511698994
0.06766014867332387
0.06810376218851472
0.06852806573126319
0.0689339721922137
0.06932309028786804
0.06969914977156083
0.0700662068345696
0.0704213287814674
0.07075617407004703
0.07106737285343229
0.07135597090589302
0.07162305872356795
0.0718738197204169
0.07211702203626608
0.07235687534605123
0.07259344421794717
0.07282678462889253
0.07305590923784194
0.0732767780195735
0.07348450014470836
0.073677457138634
0.07385612166513583
0.07402190894209054
0.07417910372742303
0.07433290704470247
0.07449952471595139
0.07468815700711445
0.07486305396172538
0.07503973144765069
0.07522271689264531
0.07539952088031171
0.07559931259907188
0.07580787944013995
0.07600972740593187
0.07619946468451427
0.07637082282953894
0.07652321216082386
0.07666145132683638
0.07679134411439698
0.0769193747833547
0.0770517777463619
0.07719432260347986
0.07735221551717414
0.07752413250867057
0.07769858927221257
0.07786121855788192
0.07800430806798969
0.07812578651328689
0.07822815279989109
0.07832226303653694
0.07842577466208128
0.07855047870988668
0.07869463729638232
0.07885210093774514
0.07902000331236664
0.07919407231788295
0.07936657915062012
0.07953408557985625
0.07969807201627027
0.07985978281814704
0.08001948062789616
0.08017720034789239
0.08033297611463247
0.08048684139230339
0.08063882894164282
0.08078897080198816
0.08093729831068192
0.08108384212186154
0.08122863222465421
0.08137169796079652
0.0815130680417066
0.08165277056502335
0.08179083303062823
0.08192728235617869
0.08206214489216185
0.08219544643648818
0.08232721224864198
0.08245746706340457
0.0825862351041628
0.08271354009581872
0.08283940527731642
0.08296385341379237
0.08308690680837122
0.0832085873136163
0.08332891634263889
0.08344791487988606
0.08356560349161851
0.08368200233608286
0.08379713117339355
0.08391100937513224
0.08402365593367017
0.08413508947123022
0.0842453282486923
0.08435439017415186
0.0844622928112368
0.08456905338719961
0.08467468880308265
0.08477921647970094
0.08488296339963414
0.08510168206323722
0.08526864297297618