0.14996342355523043
0.14996342355523043
0.14996342355523043
0.14996342355523043
0.14996342355523043
0.14996342355523043
0.14996342355523043
0.14996342355523043
0.14996342355523043
0.14996342355523043
0.14996342355523043
0.14996342355523043
0.14996342355523043
0.14996342355523043
0.14996342355523043
0.14996342355523043
0.14996342355523043
0.14996342355523043
0.14996342355523043
0.14996342355523043
0.14996342355523043
0.14996342355523043
0.14996342355523043
0.14996342355523043
0.14996342355523043
0.14996342355523043
0.14996342355523043
0.14996342355523043
0.14996342355523043
0.14996342355523043
0.14996342355523043
0.14996342355523043
0.14996342355523043
0.14996342355523043
0.14996342355523043
0.14996342355523043
0.14996342355523043
0.14996342355523043
0.14996342355523043
0.14996342355523043
0.14996342355523043
0.14996342355523043
0.14996342355523043
0.14996342355523043
0.14996342355523043
0.14996342355523043
0.14996342355523043
0.14996342355523043
0.14996342355523043
0.14996342355523043
0.14996342355523043
0.14996342355523043
0.14996342355523043
0.14996342355523043
0.14996342355523043
0.14996342355523043
0.14996342355523043
0.14996342355523043
0.14996342355523043
0.14996342355523043
0.14996342355523043
0.14996342355523043
0.14996342355523043
0.14996342355523043
0.14996342355523043
0.14996342355523043
0.14996342355523043
0.14996342355523043
0.14996342355523043
0.14996342355523043
0.14996342355523043
0.14996342355523043
0.14996342355523043
0.14996342355523043
0.14996342355523043
0.14996342355523043
0.14996342355523043
0.14996342355523043
0.14996342355523043
0.14996342355523043
0.14996342355523043
0.14996342355523043
0.14996342355523043
0.14996342355523043
0.14996342355523043
0.14996342355523043
0.14996342355523043
0.14996342355523043
0.14996342355523043
0.14996342355523043
0.14996342355523043
0.14996342355523043
0.14996342355523043
0.14996342355523043
0.14996342355523043
0.14996342355523043
0.14996342355523043
0.14996342355523043
0.14996342355523043
0.14996342355523043
0.14996342355523043
0.14996342355523043
0.14996342355523043
0.14996342355523043
0.14996342355523043
0.3953183054651962
0.3934652797216067
0.39161225397801713
0.38975922823442755
0.38790620249083807
0.3860531767472485
0.38420015100365895
0.3823471252600694
0.38049409951647983
0.38904522170664857
0.387192195963059
0.36450205476342223
0.3417206834699249
0.3187766053920271
0.2954453730086404
0.271263726680548
0.24569069845527072
0.21819729085797537
0.18855312916967018
0.15782959319443127
0.12906941410591824
0.10592140212268722
0.09044743216196452
0.08249920980426931
0.0803352048188534
0.08162990379586468
0.08453967669549747
0.08804668942273311
0.09165486173922247
0.0951111260104546
0.09825819232997626
0.10098837350394643
0.10331456420761578
0.10530035238804505
0.10695624618970082
0.10830942122673495
0.10944131975633767
0.11041097241853973
0.11125114905604941
0.11200898438257481
0.11271743022625139
0.11338014802565502
0.11399610043442623
0.11456830313805702
0.11510231230296766
0.11560957811859565
0.11610056203838984
0.11657608992422022
0.11703260273509733
0.11746931944472819
0.11788717039075261
0.11828780371914585
0.11867505277403403
0.11905308775982962
0.11941888217345156
0.1197638380700731
0.12008447598347063
0.12038186443553336
0.12065712008257715
0.12091557941761436
0.12116627490717749
0.12141354322948708
0.121657450002464
0.12189805179256732
0.12213432879792432
0.12236211285067436
0.12257635767459832
0.12277539069669832
0.12295969599690695
0.12313073090511298
0.12329291371107134
0.12345161141977537
0.12362354506257214
0.12381820289485504
0.12399870302450902
0.12418105773722568
0.12436993349900174
0.12455244951776692
0.12475870971663908
0.1249740451321272
0.12518246153787552
0.12537838887780053
0.12555535131548404
0.12571273656120088
0.12585551797466757
0.1259896880132975
0.12612194350078224
0.12625872465974233
0.12640599308197667
0.12656912878812268
0.12674676528738385
0.1269270376696289
0.12709509975465663
0.12724297899961626
0.12736853136230045
0.1274743374849762
0.12757161748448045
0.12767862234293262
0.12780754067069502
0.12795657873903502
0.12811938296572425
0.12829299241516515
0.1284729912549584
0.12865138870352358
0.12882462921818486
0.1289942428549188
0.12916151584474492
0.12932671935395393
0.12948988905728323
0.12965105985120964
0.12981026595024972
0.1299675408542841
0.13012291732953143
0.13027642742817927
0.13042810250739292
0.13057797324772827
0.1307260696709677
0.13087242115739875
0.13101705646255715
0.13116000373345474
0.1313012905243082
0.1314409438117882
0.1315789900098049
0.1317154549838441
0.1318503640648742
0.13198374206283683
0.13211561327973245
0.13224600152231938
0.1323749301144365
0.13250242190896513
0.13262849929944034
0.13275318423132446
0.13287649821295303
0.13299846232616366
0.13311909723662288
0.1332384232038545
0.13335646009098304
0.13347322737420333
0.13358874415197955
0.13370302915398816
0.13381610074981146
0.13392797695738415
0.13403867545122142
0.13414821357309306
0.1342566092848391
0.13436421713322746
0.13459240743917386
0.13476690449319567