0.09997561570348695
0.09997561570348695
0.09997561570348695
0.09997561570348695
0.09997561570348695
0.09997561570348695
0.09997561570348695
0.09997561570348695
0.09997561570348695
0.09997561570348695
0.09997561570348695
0.09997561570348695
0.09997561570348695
0.09997561570348695
0.09997561570348695
0.09997561570348695
0.09997561570348695
0.09997561570348695
0.09997561570348695
0.09997561570348695
0.09997561570348695
0.09997561570348695
0.09997561570348695
0.09997561570348695
0.09997561570348695
0.09997561570348695
0.09997561570348695
0.09997561570348695
0.09997561570348695
0.09997561570348695
0.09997561570348695
0.09997561570348695
0.09997561570348695
0.09997561570348695
0.09997561570348695
0.09997561570348695
0.09997561570348695
0.09997561570348695
0.09997561570348695
0.09997561570348695
0.09997561570348695
0.09997561570348695
0.09997561570348695
0.09997561570348695
0.09997561570348695
0.09997561570348695
0.09997561570348695
0.09997561570348695
0.09997561570348695
0.09997561570348695
0.09997561570348695
0.09997561570348695
0.09997561570348695
0.09997561570348695
0.09997561570348695
0.09997561570348695
0.09997561570348695
0.09997561570348695
0.09997561570348695
0.09997561570348695
0.09997561570348695
0.09997561570348695
0.09997561570348695
0.09997561570348695
0.09997561570348695
0.09997561570348695
0.09997561570348695
0.09997561570348695
0.09997561570348695
0.09997561570348695
0.09997561570348695
0.09997561570348695
0.09997561570348695
0.09997561570348695
0.09997561570348695
0.09997561570348695
0.09997561570348695
0.09997561570348695
0.09997561570348695
0.09997561570348695
0.09997561570348695
0.09997561570348695
0.09997561570348695
0.09997561570348695
0.09997561570348695
0.09997561570348695
0.09997561570348695
0.09997561570348695
0.09997561570348695
0.09997561570348695
0.09997561570348695
0.09997561570348695
0.09997561570348695
0.09997561570348695
0.09997561570348695
0.09997561570348695
0.09997561570348695
0.09997561570348695
0.09997561570348695
0.09997561570348695
0.09997561570348695
0.09997561570348695
0.09997561570348695
0.09997561570348695
0.09997561570348695
0.09997561570348695
0.09997561570348695
0.09997561570348695
0.09997561570348695
0.09997561570348695
0.19813427059325647
0.28358670963840404
0.25426827066388363
0.22099448691889378
0.18833930764709833
0.15750127569625422
0.12996855258675838
0.10710366634970142
0.08904219394223828
0.07550325793758411
0.06643447203733793
0.06156541746268834
0.06025184219239904
0.0616354615603813
0.06461309134905363
0.06818553854956239
0.07169013619479231
0.07474425810807234
0.07728366367017853
0.07939638027332369
0.08115316705462922
0.08262430960811445
0.0838918891808686
0.08501166501355634
0.08600268457855259
0.08686148634400709
0.08758320254990076
0.08818412421854566
0.088688983653808
0.08910684617200365
0.08944669809287603
0.08972983131342044
0.0899717557678254
0.09018128962247335
0.09037032219347946
0.09054710472191191
0.09071254304055948
0.09086635628140577
0.09100928061890196
0.0911426831803483
0.09126941919985304
0.09139211524800434
0.09151098197915436
0.09162512160605857
0.0917343325407915
0.09183884308425977
0.0919390592215929
0.09203593714392738
0.09213052955018458
0.09222208590022424
0.09230844476507277
0.09238872616528088
0.09246319519965768
0.09253212353567125
0.09259684064336188
0.09265961371493775
0.09272153405311995
0.09278261779457914
0.09284288022086556
0.09290206963104847
0.09295914254657583
0.09301282983980913
0.0930627089914306
0.09310889935066496
0.09315176183280188
0.09319240190758421
0.09323215067468332
0.09327520714973886
0.09332400411148573
0.09336923713655393
0.09341493177712351
0.09346227813380453
0.09350799899344103
0.09355969080175836
0.09361367821946182
0.09366593995798128
0.09371507998681444
0.09375946781792027
0.09379894347426937
0.09383475248493939
0.09386839648089923
0.09390155490379065
0.09393584329050592
0.09397275745818273
0.09401365365626096
0.09405819978057911
0.0941034230140349
0.0941455928823251
0.09418270372357046
0.0942142128946179
0.09424075936321413
0.09426515090704729
0.09429197122262906
0.09432429077675136
0.09436166410181807
0.09440249462221523
0.0944460410039833
0.09449119860511285
0.09453595880159188
0.09457942509037526
0.0946219814506763
0.09466395135862798
0.09470540297060687
0.0947463451679193
0.09478678664001489
0.09482673590858809
0.09486620131920981
0.09490519103637135
0.09494371304826682
0.09498177517142631
0.09501938505520696
0.09505655018614595
0.09509327789217797
0.09512957534672489
0.09516544957266321
0.0952009074461681
0.0952359557004438
0.09527060092934464
0.09530484959088342
0.09533870801063843
0.09537218238505923
0.0954052787846757
0.09543800315721368
0.09547036133061843
0.09550235901599086
0.09553400181043864
0.0955652951998473
0.09559624456157051
0.09562685516704311
0.09565713218432131
0.09568708068055093
0.09571670562436546
0.09574601188821846
0.09577500425064839
0.09580368739848216
0.09583206592898103
0.09586014435192242
0.09588792709162414
0.09591541848892854
0.09594262281627136
0.09596956286787689
0.09602282745786773
0.09606268292309336