0.1999512314069739
0.1999512314069739
0.1999512314069739
0.1999512314069739
0.1999512314069739
0.1999512314069739
0.1999512314069739
0.1999512314069739
0.1999512314069739
0.1999512314069739
0.1999512314069739
0.1999512314069739
0.1999512314069739
0.1999512314069739
0.1999512314069739
0.1999512314069739
0.1999512314069739
0.1999512314069739
0.1999512314069739
0.1999512314069739
0.1999512314069739
0.1999512314069739
0.1999512314069739
0.1999512314069739
0.1999512314069739
0.1999512314069739
0.1999512314069739
0.1999512314069739
0.1999512314069739
0.1999512314069739
0.1999512314069739
0.1999512314069739
0.1999512314069739
0.1999512314069739
0.1999512314069739
0.1999512314069739
0.1999512314069739
0.1999512314069739
0.1999512314069739
0.1999512314069739
0.1999512314069739
0.1999512314069739
0.1999512314069739
0.1999512314069739
0.1999512314069739
0.1999512314069739
0.1999512314069739
0.1999512314069739
0.1999512314069739
0.1999512314069739
0.1999512314069739
0.1999512314069739
0.1999512314069739
0.1999512314069739
0.1999512314069739
0.1999512314069739
0.1999512314069739
0.1999512314069739
0.1999512314069739
0.1999512314069739
0.1999512314069739
0.1999512314069739
0.1999512314069739
0.1999512314069739
0.1999512314069739
0.1999512314069739
0.1999512314069739
0.1999512314069739
0.1999512314069739
0.1999512314069739
0.1999512314069739
0.1999512314069739
0.1999512314069739
0.1999512314069739
0.1999512314069739
0.1999512314069739
0.1999512314069739
0.1999512314069739
0.1999512314069739
0.1999512314069739
0.1999512314069739
0.1999512314069739
0.1999512314069739
0.1999512314069739
0.1999512314069739
0.1999512314069739
0.1999512314069739
0.1999512314069739
0.1999512314069739
0.1999512314069739
0.1999512314069739
0.1999512314069739
0.1999512314069739
0.1999512314069739
0.1999512314069739
0.1999512314069739
0.1999512314069739
0.1999512314069739
0.1999512314069739
0.48469370058442574
0.7704967140892044
0.7715843767548513
0.7713170238039514
0.7695092128813948
0.7657281631878002
0.7588806533791165
0.7470865004770452
0.7338499696726135
0.7210795630522324
0.6457631027708203
0.5729792498817058
0.5595928363535014
0.5390426018390969
0.5152224353128081
0.49188465241804535
0.4696077075653067
0.44675255906189437
0.4236561803506338
0.40020811173539916
0.37623053277469565
0.3513955435561822
0.3251974041497715
0.2969557463680277
0.266086578810414
0.23309444727689865
0.2004583545656361
0.1717758326920401
0.1499119401257233
0.13589214985577713
0.128804326312418
0.12660080684759245
0.12727846998874626
0.12948806079932484
0.1324259626791101
0.13561077662026555
0.1387232242495794
0.14154629163096277
0.14401937773063522
0.14617320521588295
0.14799846715607357
0.1494995756088907
0.1507691782214312
0.15187236545401672
0.1528348346549565
0.15371041934289964
0.15453690913308182
0.15531644102113196
0.15604565257668968
0.15672669461433786
0.15736526765231662
0.15797477778050062
0.1585676755035118
0.15914450350544074
0.1597003616691709
0.1602334477812749
0.1607439159016243
0.16123339249334545
0.1617065583138938
0.16216849051536542
0.16261547681708766
0.1630370180477846
0.16342886677366486
0.16379232403243982
0.16412875862243748
0.16444469713103016
0.1647511692389737
0.1650534670437932
0.16535167029433395
0.16564584564472884
0.16593473982961437
0.1662132537987019
0.1664752215251316
0.16671859935062094
0.16694397868604616
0.16715314495634404
0.1673515020385955
0.16754563267241618
0.1677559761555657
0.16799406237164705
0.1682148663197912
0.16843795813951823
0.168669014428651
0.16889234971053024
0.16914472189164742
0.16940818487777098
0.16966318674506364
0.16990290905522565
0.17011943408637664
0.1703120179995964
0.17048674597972224
0.1706509510732691
0.17081282815869148
0.1709802588187136
0.17116053976098244
0.17136024814409268
0.17157769881746032
0.17179836557885408
0.1720040836363984
0.17218509857282693
0.1723387888781288
0.17246832303096393
0.17258744613375698
0.17271849626105895
0.17287638052187837
0.17305889928278562
0.17325827960862072
0.17347089602841181
0.17369133802044467
0.17390982568628688
0.1741220102904263
0.17432976480113405
0.17453466295346887
0.17473703629586657
0.17493692823423979
0.1751343812292031
0.17532943691368164
0.17552213605269562
0.17571251851988456
0.17590062332134593
0.17608648861872112
0.17627015175155225
0.17645164925894086
0.17663101690053107
0.17680828967683915
0.1769835018489595
0.17715668695766407
0.1773278778419155
0.17749710665682084
0.17766440489103974
0.17782980338366883
0.1779933323406232
0.1781550213505242
0.17831489940011813
0.1784729948892395
0.17862933564533356
0.17878394893755611
0.1789368614904595
0.17908809949728244
0.17923768863285872
0.17938565406615303
0.17953202047243788
0.17967681204512498
0.17982005250726096
0.1799617651226998
0.18010197270695982
0.18024069763777983
0.18037796186537924
0.18051378692245457
0.18064819394020482
0.18078120547162502
0.18091337131120333
0.18119978041679066
0.18142018359817697