0.29992684711046086
0.29992684711046086
0.29992684711046086
0.29992684711046086
0.29992684711046086
0.29992684711046086
0.29992684711046086
0.29992684711046086
0.29992684711046086
0.29992684711046086
0.29992684711046086
0.29992684711046086
0.29992684711046086
0.29992684711046086
0.29992684711046086
0.29992684711046086
0.29992684711046086
0.29992684711046086
0.29992684711046086
0.29992684711046086
0.29992684711046086
0.29992684711046086
0.29992684711046086
0.29992684711046086
0.29992684711046086
0.29992684711046086
0.29992684711046086
0.29992684711046086
0.29992684711046086
0.29992684711046086
0.29992684711046086
0.29992684711046086
0.29992684711046086
0.29992684711046086
0.29992684711046086
0.29992684711046086
0.29992684711046086
0.29992684711046086
0.29992684711046086
0.29992684711046086
0.29992684711046086
0.29992684711046086
0.29992684711046086
0.29992684711046086
0.29992684711046086
0.29992684711046086
0.29992684711046086
0.29992684711046086
0.29992684711046086
0.29992684711046086
0.29992684711046086
0.29992684711046086
0.29992684711046086
0.29992684711046086
0.29992684711046086
0.29992684711046086
0.29992684711046086
0.29992684711046086
0.29992684711046086
0.29992684711046086
0.29992684711046086
0.29992684711046086
0.29992684711046086
0.29992684711046086
0.29992684711046086
0.29992684711046086
0.29992684711046086
0.29992684711046086
0.29992684711046086
0.29992684711046086
0.29992684711046086
0.29992684711046086
0.29992684711046086
0.29992684711046086
0.29992684711046086
0.29992684711046086
0.29992684711046086
0.29992684711046086
0.29992684711046086
0.29992684711046086
0.29992684711046086
0.29992684711046086
0.29992684711046086
0.29992684711046086
0.29992684711046086
0.29992684711046086
0.29992684711046086
0.29992684711046086
0.29992684711046086
0.29992684711046086
0.29992684711046086
0.29992684711046086
0.29992684711046086
0.29992684711046086
0.29992684711046086
0.29992684711046086
0.29992684711046086
0.29992684711046086
0.29992684711046086
0.5583875894414845
0.818336322940715
0.8198650721738971
0.8194694104840605
0.8182887397743326
0.8151458968647547
0.8091960253542989
0.8017382392939945
0.7893747939881253
0.7093457404489039
0.6305260809956208
0.6132739493128883
0.5939238315273366
0.5730946050677308
0.5489063669587089
0.5253893529353888
0.5032875015132756
0.48082282412108573
0.4585473932903546
0.4364299319142803
0.41447625220853795
0.3925654859961126
0.37037432523584063
0.34736428814490866
0.3230337621599764
0.2977741566161601
0.273538840946789
0.2531336909856488
0.23879243896603836
0.23118697196489496
0.22926911005280753
0.2310060339176086
0.2344927220079081
0.23853148761569015
0.2424930662155294
0.24611629622467152
0.24930473760124744
0.25201016887195654
0.25428181899322794
0.2562047505576646
0.2578005353339002
0.25910199056876887
0.2601886898440305
0.2611180231142008
0.26192347147837297
0.2626506386447203
0.2633310030252923
0.2639679757031928
0.2645604581809418
0.2651112562488767
0.26562563632367314
0.26611456844020537
0.26658810054566856
0.26704700287027877
0.2674878118411151
0.2679097420781383
0.2683136624420815
0.2687011389594954
0.26907585746237156
0.26944183940116
0.26979614092683885
0.270130411467499
0.2704412504758243
0.2707296656342993
0.2709967139774541
0.27124755247359317
0.2714909362710339
0.27173107092447407
0.2719680171901023
0.27220182733683035
0.27243150752023065
0.27265300032641165
0.2728613889831853
0.27305503474147025
0.27323439698805024
0.27340088359723796
0.2735587879626669
0.27371332977850954
0.2738807976973721
0.2740704521458402
0.27424635258367386
0.27442410940099365
0.2746082649552893
0.27478626226592545
0.27498747163721654
0.27519759525127513
0.27540102671851346
0.27559232128438566
0.2757651436345541
0.27591888183356367
0.27605838301645785
0.2761894950989732
0.27631875951362855
0.2764524716419013
0.2765964638169314
0.2767560052498584
0.2769297704792016
0.27710615917784215
0.27727064117949834
0.2774154026701832
0.2775383316402407
0.2776419431408084
0.27773721761149234
0.27784203096788823
0.2779683308720567
0.27811437135130684
0.2782739367223586
0.27844413358499037
0.2786206392336455
0.27879561945376646
0.278965584334632
0.2791320319572799
0.2792962225354317
0.2794584207841487
0.27961866039379785
0.27977697433437926
0.27993339494859254
0.2800879539182944
0.2802406822443622
0.280391610264579
0.280540767670958
0.28068818352653385
0.28083388628163936
0.28097790378968207
0.2811202633224406
0.281260991584899
0.28140011472963505
0.28153765837077477
0.2816736475975297
0.2818081069873342
0.2819410606185942
0.28207253208305866
0.2822025444978296
0.28233112051702297
0.2824582823430884
0.28258405173780493
0.28270845003296047
0.28283149814072034
0.28295321656370637
0.2830736254047899
0.2831927443766025
0.28331059281078447
0.28342718966697317
0.28354255354154106
0.28365670267609105
0.28376965496571477
0.28388142796702703
0.28399203890598007
0.28410150468547074
0.2842098418953512
0.2843170677498817
0.28442353434635487
0.2846512637589131
0.28482586391243375