0.3999024628139478
0.3999024628139478
0.3999024628139478
0.3999024628139478
0.3999024628139478
0.3999024628139478
0.3999024628139478
0.3999024628139478
0.3999024628139478
0.3999024628139478
0.3999024628139478
0.3999024628139478
0.3999024628139478
0.3999024628139478
0.3999024628139478
0.3999024628139478
0.3999024628139478
0.3999024628139478
0.3999024628139478
0.3999024628139478
0.3999024628139478
0.3999024628139478
0.3999024628139478
0.3999024628139478
0.3999024628139478
0.3999024628139478
0.3999024628139478
0.3999024628139478
0.3999024628139478
0.3999024628139478
0.3999024628139478
0.3999024628139478
0.3999024628139478
0.3999024628139478
0.3999024628139478
0.3999024628139478
0.3999024628139478
0.3999024628139478
0.3999024628139478
0.3999024628139478
0.3999024628139478
0.3999024628139478
0.3999024628139478
0.3999024628139478
0.3999024628139478
0.3999024628139478
0.3999024628139478
0.3999024628139478
0.3999024628139478
0.3999024628139478
0.3999024628139478
0.3999024628139478
0.3999024628139478
0.3999024628139478
0.3999024628139478
0.3999024628139478
0.3999024628139478
0.3999024628139478
0.3999024628139478
0.3999024628139478
0.3999024628139478
0.3999024628139478
0.3999024628139478
0.3999024628139478
0.3999024628139478
0.3999024628139478
0.3999024628139478
0.3999024628139478
0.3999024628139478
0.3999024628139478
0.3999024628139478
0.3999024628139478
0.3999024628139478
0.3999024628139478
0.3999024628139478
0.3999024628139478
0.3999024628139478
0.3999024628139478
0.3999024628139478
0.3999024628139478
0.3999024628139478
0.3999024628139478
0.3999024628139478
0.3999024628139478
0.3999024628139478
0.3999024628139478
0.3999024628139478
0.3999024628139478
0.3999024628139478
0.3999024628139478
0.3999024628139478
0.3999024628139478
0.3999024628139478
0.3999024628139478
0.3999024628139478
0.3999024628139478
0.3999024628139478
0.3999024628139478
0.3999024628139478
0.5959435627549823
0.7933062923071496
0.7947114039816239
0.7950553305479475
0.7946039239386353
0.7898834376504373
0.7757390462104301
0.7454182059872769
0.7065309818614719
0.6741089582890384
0.6463990051346038
0.6220230332067491
0.6022946447096688
0.5816008671285708
0.557494107401816
0.5343229163251015
0.513180127150157
0.49225672008191157
0.47239593625518805
0.4536171446800258
0.4360329815715749
0.4197146514673872
0.40450358239505824
0.38997950812176074
0.37576013891572835
0.3621441409399613
0.35040287802534253
0.3421767017697823
0.3384802065176604
0.339104209408982
0.34269121105742495
0.3475154097388533
0.3523333438309091
0.3565955705132513
0.36016772593441604
0.3630922912638581
0.3654688352541988
0.3673932737498149
0.3689611692338366
0.3702604699139196
0.37132779554372575
0.3721934778904752
0.37291468681775997
0.3735316107032951
0.37406673276232927
0.374550207454303
0.3750029269056234
0.37542710147477565
0.3758219281000923
0.37618921274364125
0.3765324057973445
0.3768587918428705
0.3771750738291486
0.37748175760046254
0.37777650594459966
0.3780587718258823
0.3783291171410814
0.37858857012780267
0.3788395852888844
0.3790848592844782
0.37932241922038723
0.37954664498530133
0.37975523183860926
0.37994883917409106
0.3801281552075657
0.3802966252768043
0.3804601296497341
0.380621496834358
0.3807807658848692
0.3809379717673329
0.38109244870209236
0.38124146564396466
0.38138170472852306
0.3815120535342953
0.38163281330236987
0.38174492211039923
0.38185126535580927
0.38195534108400087
0.38206813314540145
0.3821959470059102
0.3823144966440444
0.3824343195590949
0.3825584958146464
0.3826785089695035
0.3828142254883955
0.38295600861002765
0.38309331636477073
0.3832224704260685
0.38333918034158887
0.38344301891756927
0.38353725233748137
0.3836258259964167
0.3837131577472108
0.3838035021257544
0.38390080361294276
0.3840086355864487
0.3841261189243028
0.38424541646649035
0.38435669252827487
0.3844546496093184
0.38453784683176573
0.38460797107076306
0.384672442508893
0.38474336624077865
0.38482884775516246
0.3849277157438873
0.38503576402205897
0.3851510392229931
0.38527062005613044
0.3853891955550923
0.38550439480997833
0.38561723170856266
0.38572856033796366
0.38583855956811397
0.38594725148831066
0.38605465772480385
0.38616079950312865
0.38626569762446983
0.3863693724511046
0.3864718439176984
0.38657313154225803
0.38667325443675327
0.3867722313174198
0.386870080514752
0.3869668199831986
0.3870624673105725
0.38715703972718063
0.38725055411468357
0.3873430270147009
0.3874344746371656
0.3875249128684304
0.38761435727914484
0.3877028231319064
0.3877903253886925
0.38787687871807974
0.38796249750225686
0.38804719584384517
0.3881309875725234
0.3882138862514679
0.38829590518361257
0.388377057417739
0.3884573557543962
0.3885368127516544
0.3886154407307074
0.3886932517813191
0.38877025776712126
0.38884647033077147
0.3889219008989693
0.38899656068733957
0.3890704607057349
0.38914361204813264
0.38921617599020464
0.38936823603651594
0.38948412205289756