0.5500182882223847
0.5500182882223847
0.5500182882223847
0.5500182882223847
0.5500182882223847
0.5500182882223847
0.5500182882223847
0.5500182882223847
0.5500182882223847
0.5500182882223847
0.5500182882223847
0.5500182882223847
0.5500182882223847
0.5500182882223847
0.5500182882223847
0.5500182882223847
0.5500182882223847
0.5500182882223847
0.5500182882223847
0.5500182882223847
0.5500182882223847
0.5500182882223847
0.5500182882223847
0.5500182882223847
0.5500182882223847
0.5500182882223847
0.5500182882223847
0.5500182882223847
0.5500182882223847
0.5500182882223847
0.5500182882223847
0.5500182882223847
0.5500182882223847
0.5500182882223847
0.5500182882223847
0.5500182882223847
0.5500182882223847
0.5500182882223847
0.5500182882223847
0.5500182882223847
0.5500182882223847
0.5500182882223847
0.5500182882223847
0.5500182882223847
0.5500182882223847
0.5500182882223847
0.5500182882223847
0.5500182882223847
0.5500182882223847
0.5500182882223847
0.5500182882223847
0.5500182882223847
0.5500182882223847
0.5500182882223847
0.5500182882223847
0.5500182882223847
0.5500182882223847
0.5500182882223847
0.5500182882223847
0.5500182882223847
0.5500182882223847
0.5500182882223847
0.5500182882223847
0.5500182882223847
0.5500182882223847
0.5500182882223847
0.5500182882223847
0.5500182882223847
0.5500182882223847
0.5500182882223847
0.5500182882223847
0.5500182882223847
0.5500182882223847
0.5500182882223847
0.5500182882223847
0.5500182882223847
0.5500182882223847
0.5500182882223847
0.5500182882223847
0.5500182882223847
0.5500182882223847
0.5500182882223847
0.5500182882223847
0.5500182882223847
0.5500182882223847
0.5500182882223847
0.5500182882223847
0.5500182882223847
0.5500182882223847
0.5500182882223847
0.5500182882223847
0.5500182882223847
0.5500182882223847
0.5500182882223847
0.5500182882223847
0.5500182882223847
0.5500182882223847
0.5500182882223847
0.5500182882223847
0.6868341138360965
0.6866991244753344
0.6865641351145725
0.6864291457538104
0.6862941563930485
0.6861591670322864
0.6860241776715243
0.6858891883107624
0.6857541989500003
0.6856192095892384
0.6854842202284763
0.6853492308677143
0.6852142415069522
0.6850792521461903
0.6849442627854283
0.6848092734246662
0.6846742840639042
0.6953118338949296
0.6951768445341675
0.6736168301893778
0.652395269764543
0.631545153249339
0.6108278772101121
0.5897325349302145
0.5676804512867608
0.5447086928805238
0.5220761665568361
0.5019853648113977
0.48668767425403914
0.47747912402520654
0.47404321287801654
0.47478282900367685
0.4778487117846115
0.48185159318519766
0.48594633367085915
0.4897415782855816
0.49309078106626547
0.4959414105350395
0.4983350972514269
0.5003646649052653
0.5020609629809254
0.5034474973870133
0.5046099003676061
0.5056096329778823
0.5064806201864243
0.5072713548605696
0.5080156884976907
0.508716274392432
0.5093705424643038
0.5099800794184497
0.5105498728309148
0.5110919818116635
0.5116174776934495
0.5121271685852591
0.5126171675471554
0.5130865559919964
0.5135362551320011
0.5139679693755359
0.5143857721349869
0.5147941158971552
0.5151896871273638
0.5155631334164235
0.5159106157709092
0.5162332159052254
0.5165320801783557
0.5168129521617213
0.5170856118410381
0.5173547579497151
0.5176204539660176
0.5178827530321439
0.5181405320674655
0.5183892272669088
0.5186233058647116
0.5188409102476106
0.5190425389770144
0.5192297612783796
0.5194073945508317
0.5195813138777696
0.5197698491537497
0.5199834043843112
0.5201815537282202
0.5203818802472848
0.5205894729050105
0.5207902251846956
0.5210172297890283
0.5212543753809995
0.5214840605463626
0.5217001238203354
0.521895394220794
0.5220691626942977
0.5222268910785499
0.5223751809118222
0.5225214258266706
0.5226727487520515
0.5228357565540085
0.5230164220673634
0.5232132529724831
0.5234131169413168
0.5235995494078871
0.5237636798684058
0.5239030957101116
0.5240206377584329
0.5241287579337728
0.5242477371105925
0.5243911376932577
0.5245569926271312
0.5247382633922193
0.5249316765588419
0.5251323277518676
0.5253313174363474
0.5255246769080677
0.5257141051945484
0.5259010323665625
0.5260857572256294
0.5262683159550687
0.5264487439869732
0.5266270761058505
0.5268033464082227
0.5269775882774987
0.5271498344022114
0.5273201167937018
0.5274884668032676
0.5276549151387999
0.5278194918809267
0.5279822264986733
0.5281431478646623
0.5283022842698659
0.5284596634379253
0.5286153125390558
0.5287692582035493
0.5289215265348841
0.5290721431224594
0.5292211330539662
0.5293685209274064
0.5295143308627712
0.5296585865133907
0.5298013110769628
0.5299425273062766
0.5300822575196356
0.5302205236109931
0.5303573470598084
0.5304927489406306
0.5306267499324213
0.5307593703276248
0.5308906300409926
0.5310205486181672
0.531149145244036
0.5312764387508637
0.5314024476262236
0.5315271900255572
0.5316506852797773
0.531773422002495
0.5320438910100074
0.5322530617191502