0.7001341136308218
0.7001341136308218
0.7001341136308218
0.7001341136308218
0.7001341136308218
0.7001341136308218
0.7001341136308218
0.7001341136308218
0.7001341136308218
0.7001341136308218
0.7001341136308218
0.7001341136308218
0.7001341136308218
0.7001341136308218
0.7001341136308218
0.7001341136308218
0.7001341136308218
0.7001341136308218
0.7001341136308218
0.7001341136308218
0.7001341136308218
0.7001341136308218
0.7001341136308218
0.7001341136308218
0.7001341136308218
0.7001341136308218
0.7001341136308218
0.7001341136308218
0.7001341136308218
0.7001341136308218
0.7001341136308218
0.7001341136308218
0.7001341136308218
0.7001341136308218
0.7001341136308218
0.7001341136308218
0.7001341136308218
0.7001341136308218
0.7001341136308218
0.7001341136308218
0.7001341136308218
0.7001341136308218
0.7001341136308218
0.7001341136308218
0.7001341136308218
0.7001341136308218
0.7001341136308218
0.7001341136308218
0.7001341136308218
0.7001341136308218
0.7001341136308218
0.7001341136308218
0.7001341136308218
0.7001341136308218
0.7001341136308218
0.7001341136308218
0.7001341136308218
0.7001341136308218
0.7001341136308218
0.7001341136308218
0.7001341136308218
0.7001341136308218
0.7001341136308218
0.7001341136308218
0.7001341136308218
0.7001341136308218
0.7001341136308218
0.7001341136308218
0.7001341136308218
0.7001341136308218
0.7001341136308218
0.7001341136308218
0.7001341136308218
0.7001341136308218
0.7001341136308218
0.7001341136308218
0.7001341136308218
0.7001341136308218
0.7001341136308218
0.7001341136308218
0.7001341136308218
0.7001341136308218
0.7001341136308218
0.7001341136308218
0.7001341136308218
0.7001341136308218
0.7001341136308218
0.7001341136308218
0.7001341136308218
0.7001341136308218
0.7001341136308218
0.7001341136308218
1.2064897499036755
1.1812660584220194
1.1730534338274299
1.1730640909727295
1.1650480336574964
1.1564661358148673
1.1553166290298436
1.1540432225830908
1.1524369145949904
1.1506760632174788
1.1491578781644471
1.144275516954758
1.1313186570248475
1.1067712363375863
1.0695423231734096
1.0293682636999177
0.9981002347693633
0.9724577716699577
0.9502122306650146
0.932194662206506
0.912895285595398
0.8897294161726295
0.8670129356858105
0.8459382889095896
0.8246426325471538
0.8041229542151227
0.7842086611748117
0.7649944723978505
0.7466026086254615
0.7288562734119081
0.7113189785328143
0.6934828547242403
0.6753401732282615
0.6578555737889044
0.6427637807960004
0.6318500966729549
0.6261190305632908
0.6252345228197228
0.6277101244619036
0.6318609083767152
0.6364675348265657
0.6408223580377025
0.6446549256227859
0.6479182319035325
0.6506360948364901
0.6528870743613536
0.6547679080208172
0.6563225784296626
0.6575896828841142
0.658648878415878
0.6595564680951774
0.6603447619597199
0.6610579604304808
0.6617266103745315
0.662353820535014
0.6629382847575215
0.6634825570783781
0.6639916582742463
0.6644763094309395
0.6649463833245973
0.665402582175174
0.6658413985936179
0.6662619800640587
0.6666651238637366
0.6670523314028872
0.667427236018271
0.6677938249961229
0.6681491143457293
0.6684846797246146
0.6687970417423451
0.6690871461593971
0.6693559968645147
0.6696087391117936
0.6698541657727904
0.6700965044455821
0.6703358095758926
0.6705721271822122
0.670804444550244
0.671028643858797
0.671239726200504
0.671436004008961
0.671617915387081
0.6717868646088351
0.6719471912105414
0.6721041866115142
0.6722744070939849
0.6724672879400008
0.6726462852958573
0.6728272942980283
0.6730149160338231
0.6731963820350252
0.6734016410006495
0.6736161367302892
0.6738239447979643
0.6740194835063197
0.6741962484351881
0.6743535817179204
0.6744964173797116
0.674630726583266
0.6747632033699617
0.6749003012687868
0.6750480110081559
0.6752117568157349
0.6753902012576803
0.6755714456767711
0.6757405530457964
0.6758894643010399
0.6760159758991499
0.6761226506652952
0.6762207793678797
0.6763287732518907
0.676458957773974
0.6766095599681939
0.6767741968967899
0.6769499044492745
0.6771322347148127
0.6773131004993663
0.6774888902623809
0.6776611458097811
0.6778311660291706
0.6779992214014253
0.6781653435763667
0.6783295635604952
0.6784919118100164
0.6786524181927861
0.678811111964149
0.6789680217822903
0.6791231757231285
0.6792766012947741
0.6794283254515617
0.6795783746076699
0.6797267746503483
0.6798735509527608
0.6800187283864568
0.6801623313334856
0.6803043836981683
0.6804449089185297
0.6805839299774087
0.6807214694132581
0.6808575493306387
0.6809921914104228
0.6811254169197104
0.6812572467214743
0.6813877012839388
0.6815168006897009
0.6816445646446029
0.6817710124863628
0.6818961631929706
0.6820200353908591
0.6821426473628577
0.6822640170559285
0.6823841620887
0.682503099758803
0.6826208470500074
0.6827374206391749
0.682852836903041
0.682967111928248
0.6830802626775808
0.6831927018356255
0.6834409805628896
0.6836331166853857