0.7001341136308218
0.7001341136308218
0.7001341136308218
0.7001341136308218
0.7001341136308218
0.7001341136308218
0.7001341136308218
0.7001341136308218
0.7001341136308218
0.7001341136308218
0.7001341136308218
0.7001341136308218
0.7001341136308218
0.7001341136308218
0.7001341136308218
0.7001341136308218
0.7001341136308218
0.7001341136308218
0.7001341136308218
0.7001341136308218
0.7001341136308218
0.7001341136308218
0.7001341136308218
0.7001341136308218
0.7001341136308218
0.7001341136308218
0.7001341136308218
0.7001341136308218
0.7001341136308218
0.7001341136308218
0.7001341136308218
0.7001341136308218
0.7001341136308218
0.7001341136308218
0.7001341136308218
0.7001341136308218
0.7001341136308218
0.7001341136308218
0.7001341136308218
0.7001341136308218
0.7001341136308218
0.7001341136308218
0.7001341136308218
0.7001341136308218
0.7001341136308218
0.7001341136308218
0.7001341136308218
0.7001341136308218
0.7001341136308218
0.7001341136308218
0.7001341136308218
0.7001341136308218
0.7001341136308218
0.7001341136308218
0.7001341136308218
0.7001341136308218
0.7001341136308218
0.7001341136308218
0.7001341136308218
0.7001341136308218
0.7001341136308218
0.7001341136308218
0.7001341136308218
0.7001341136308218
0.7001341136308218
0.7001341136308218
0.7001341136308218
0.7001341136308218
0.7001341136308218
0.7001341136308218
0.7001341136308218
0.7001341136308218
0.7001341136308218
0.7001341136308218
0.7001341136308218
0.7001341136308218
0.7001341136308218
0.7001341136308218
0.7001341136308218
0.7001341136308218
0.7001341136308218
0.7001341136308218
0.7001341136308218
0.7001341136308218
0.7001341136308218
0.7001341136308218
0.7001341136308218
0.7001341136308218
0.7001341136308218
0.7001341136308218
0.7001341136308218
1.288584116087511
1.26443817470052
1.245508976535933
1.2364690059855792
1.235728369731162
1.228780621754868
1.2209061910156027
1.2192262546863901
1.2178283462697381
1.2163277443730132
1.2150762269097402
1.2133153924516038
1.2066335605041376
1.1919027689118264
1.1663177138783019
1.1288980179553847
1.0892310110232237
1.0585997460227876
1.0342210047823763
1.0134340944430624
0.9963458963716892
0.9779362202350816
0.9556234507917788
0.9329130884116897
0.9110737868860616
0.8887730926880081
0.8668042832780387
0.8449151655384816
0.8232001773126222
0.8017852772657043
0.7804739195815434
0.7587598597751469
0.7359728763748757
0.7118797392682571
0.6872413728104346
0.6638302075214394
0.6439873802654744
0.6297461903650509
0.6217216685229329
0.6189552207026027
0.6197869544509321
0.6226045097124099
0.6261946763913787
0.6298499976781441
0.6332318736815917
0.6361904868672154
0.6387180333229224
0.6408822795071462
0.6427022463126656
0.6441973025558515
0.6454529600596052
0.6465442447795192
0.6475071004570431
0.6483860171507162
0.6492192157999991
0.6500082549892475
0.6507489741395499
0.6514429655600854
0.6520956036555868
0.6527204557728402
0.6533302634928887
0.6539253654838458
0.6545003682197951
0.6550535736637463
0.6555856290899847
0.656098225901573
0.656596046582249
0.6570843043288733
0.6575586927979308
0.6580074594593722
0.6584256269092518
0.6588143085575656
0.6591747430869103
0.6595138708733134
0.6598435418423295
0.6601692213169893
0.66049079918823
0.6608083349775579
0.6611204595554566
0.6614216397938851
0.6617051730711933
0.6619688025051044
0.6622131231379939
0.6624400329596692
0.6626553659463003
0.6628662623837437
0.6630949352045253
0.6633539230958226
0.6635942978218762
0.6638373725713332
0.664089278869611
0.6643329872981852
0.6646085849214493
0.6648965230997058
0.6651754516974363
0.665437878410413
0.6656750911844863
0.665886225018211
0.6660779076784226
0.6662581566120845
0.6664359556176248
0.6666199638236415
0.6668182176164604
0.6670379769244706
0.6672774193593399
0.6675205715583247
0.6677474100249129
0.6679471390842359
0.6681168168591202
0.6682599040549632
0.668391564579739
0.6685364822378127
0.6687111571582566
0.6689131980846778
0.6691340482532494
0.6693697267440978
0.6696142589960828
0.6698568082436885
0.6700925425588306
0.6703235298175944
0.6705515102328276
0.6707768464367033
0.6709995812587438
0.6712197566512875
0.6714374138145324
0.6716525931460889
0.6718653342091944
0.6720756757538092
0.6722836557370812
0.6724893113431974
0.672692679002647
0.6728937944109171
0.6730926925466431
0.6732894076892201
0.6734839734359065
0.6736764227184334
0.6738667878191315
0.6740551003865972
0.6742413914509132
0.6744256914384325
0.6746080301861447
0.6747884369556413
0.6749669404466857
0.6751435688104038
0.6753183496621101
0.6754913100937786
0.6756624766861709
0.6758318755206293
0.675999532190548
0.6761654718125353
0.6763297190372727
0.676492298060077
0.6766532326311857
0.6768125460657645
0.6769702612536465
0.677126400668817
0.6772809863786934
0.6774340400647046
0.6775855859510272
0.6777363938015805
0.678078901257808
0.6783460002257126