0.7001341136308218
0.7001341136308218
0.7001341136308218
0.7001341136308218
0.7001341136308218
0.7001341136308218
0.7001341136308218
0.7001341136308218
0.7001341136308218
0.7001341136308218
0.7001341136308218
0.7001341136308218
0.7001341136308218
0.7001341136308218
0.7001341136308218
0.7001341136308218
0.7001341136308218
0.7001341136308218
0.7001341136308218
0.7001341136308218
0.7001341136308218
0.7001341136308218
0.7001341136308218
0.7001341136308218
0.7001341136308218
0.7001341136308218
0.7001341136308218
0.7001341136308218
0.7001341136308218
0.7001341136308218
0.7001341136308218
0.7001341136308218
0.7001341136308218
0.7001341136308218
0.7001341136308218
0.7001341136308218
0.7001341136308218
0.7001341136308218
0.7001341136308218
0.7001341136308218
0.7001341136308218
0.7001341136308218
0.7001341136308218
0.7001341136308218
0.7001341136308218
0.7001341136308218
0.7001341136308218
0.7001341136308218
0.7001341136308218
0.7001341136308218
0.7001341136308218
0.7001341136308218
0.7001341136308218
0.7001341136308218
0.7001341136308218
0.7001341136308218
0.7001341136308218
0.7001341136308218
0.7001341136308218
0.7001341136308218
0.7001341136308218
0.7001341136308218
0.7001341136308218
0.7001341136308218
0.7001341136308218
0.7001341136308218
0.7001341136308218
0.7001341136308218
0.7001341136308218
0.7001341136308218
0.7001341136308218
0.7001341136308218
0.7001341136308218
0.7001341136308218
0.7001341136308218
0.7001341136308218
0.7001341136308218
0.7001341136308218
0.7001341136308218
0.7001341136308218
0.7001341136308218
0.7001341136308218
0.7001341136308218
0.7001341136308218
0.7001341136308218
0.7001341136308218
0.7001341136308218
0.7001341136308218
0.7001341136308218
0.7001341136308218
0.7001341136308218
0.9610901392676457
1.212627131524207
1.1910649505059467
1.1775501191803808
1.1763027013876337
1.1684511538016922
1.1600290556540476
1.1587024135551467
1.157358124170422
1.1557190238955517
1.1539251204726846
1.152362760581453
1.147349033522452
1.1339803083401487
1.108361732795703
1.0688528124397143
1.025431412491173
0.9916763658200289
0.9660525082715264
0.9452126069710689
0.9286777711228429
0.9114374985619468
0.8905186714818043
0.8687857910804849
0.8478807218429005
0.8270093370698545
0.8068370083885019
0.7871716408381265
0.7681902621107776
0.7501084896784144
0.7328184365572642
0.7159340383205358
0.6988999762714122
0.6814760156614782
0.6642160098745983
0.6484911465051885
0.6360961512006161
0.6284789531481417
0.6258874094186381
0.6272627650130419
0.6309771655132835
0.6355843595087259
0.6401204277553795
0.6441524872093302
0.647570971201655
0.6503801235115739
0.6526821476065588
0.654597966149918
0.6561720343871199
0.6574496543378182
0.6585163033888403
0.6594315924885711
0.6602282919953674
0.6609505121795908
0.6616281472505862
0.6622637571813658
0.6628560356792635
0.6634075791062187
0.6639234790816689
0.6644146010134645
0.664890949110739
0.66535323492961
0.6657979049218262
0.6662240956696944
0.6666326154046546
0.6670249859964031
0.6674048894255943
0.6677763655260968
0.6681363900804523
0.668476427085482
0.6687929513363894
0.6690869212921332
0.6693593546892823
0.6696154657572725
0.6698641641582536
0.6701097334692608
0.6703522288881557
0.6705916969740374
0.6708271112528602
0.6710542989448255
0.671268194796044
0.6714670889172084
0.6716514253175035
0.6718226272288742
0.6719850921319489
0.6721441829602707
0.6723166762434375
0.6725121293749642
0.6726935152971868
0.6728769403970002
0.6730670656758061
0.6732509557992689
0.673458955661537
0.6736763147601582
0.6738868969447366
0.6740850458815654
0.6742641706514639
0.6744236049180191
0.674568348606757
0.6747044526563942
0.674838700524185
0.6749776319704027
0.675127317813858
0.6752932544128191
0.675474085829903
0.6756577541522478
0.6758291230039609
0.6759800257789331
0.6761082296090696
0.6762163320716871
0.6763157754875951
0.6764252172317476
0.6765571469951958
0.6767097679276887
0.6768766119726649
0.6770546753591734
0.6772394504453508
0.6774227419425388
0.6776008901855753
0.6777754576194365
0.6779477604837648
0.6781180728694437
0.6782864268460939
0.6784528538310525
0.6786173846836613
0.6787800496667179
0.6789408784220047
0.6790998999858621
0.6792571428042956
0.6794126347476407
0.6795664031247955
0.6797184746970361
0.6798688756914325
0.6800176318138739
0.680164768261719
0.6803103097360829
0.6804542804537727
0.6805967041588884
0.6807376041340877
0.680877003211536
0.6810149237835542
0.6811513878129641
0.6812864168431444
0.6814200320078138
0.6815522540405426
0.681683103284
0.681812599698952
0.6819407628730157
0.6820676120291725
0.6821931660340551
0.6823174434060094
0.6824404623229426
0.6825622406299633
0.6826827958468161
0.6828021451751217
0.6829203055054259
0.6830372934240762
0.6831531252235322
0.6832678181140664
0.6833817950147075
0.6836331793247089
0.6838276507360525