0.7001341136308218
0.7001341136308218
0.7001341136308218
0.7001341136308218
0.7001341136308218
0.7001341136308218
0.7001341136308218
0.7001341136308218
0.7001341136308218
0.7001341136308218
0.7001341136308218
0.7001341136308218
0.7001341136308218
0.7001341136308218
0.7001341136308218
0.7001341136308218
0.7001341136308218
0.7001341136308218
0.7001341136308218
0.7001341136308218
0.7001341136308218
0.7001341136308218
0.7001341136308218
0.7001341136308218
0.7001341136308218
0.7001341136308218
0.7001341136308218
0.7001341136308218
0.7001341136308218
0.7001341136308218
0.7001341136308218
0.7001341136308218
0.7001341136308218
0.7001341136308218
0.7001341136308218
0.7001341136308218
0.7001341136308218
0.7001341136308218
0.7001341136308218
0.7001341136308218
0.7001341136308218
0.7001341136308218
0.7001341136308218
0.7001341136308218
0.7001341136308218
0.7001341136308218
0.7001341136308218
0.7001341136308218
0.7001341136308218
0.7001341136308218
0.7001341136308218
0.7001341136308218
0.7001341136308218
0.7001341136308218
0.7001341136308218
0.7001341136308218
0.7001341136308218
0.7001341136308218
0.7001341136308218
0.7001341136308218
0.7001341136308218
0.7001341136308218
0.7001341136308218
0.7001341136308218
0.7001341136308218
0.7001341136308218
0.7001341136308218
0.7001341136308218
0.7001341136308218
0.7001341136308218
0.7001341136308218
0.7001341136308218
0.7001341136308218
0.7001341136308218
0.7001341136308218
0.7001341136308218
0.7001341136308218
0.7001341136308218
0.7001341136308218
0.7001341136308218
0.7001341136308218
0.7001341136308218
0.7001341136308218
0.7001341136308218
0.7001341136308218
0.7001341136308218
0.7001341136308218
0.7001341136308218
0.7001341136308218
0.7001341136308218
0.7001341136308218
1.3322019056217926
1.3167900565005888
1.3017457899344174
1.292381212032137
1.2906396479794047
1.2842163670330944
1.2770172789995637
1.2751482426147907
1.2735446910498553
1.2717444772901092
1.27005875223848
1.267644735913923
1.2600625372226588
1.244105738732097
1.2170864042722704
1.178344064109043
1.1373804981317774
1.1056360249344717
1.0817037690219515
1.0622305231715345
1.046184313431102
1.0292805286006648
1.0087876185953955
0.9867833742471566
0.9647815238591809
0.9423000232291748
0.9196826181162184
0.896728060539994
0.8736121535723441
0.8505015687045844
0.8272104155825405
0.8032601383508234
0.7779154601667223
0.7506594132612344
0.7217524524530915
0.692532541195147
0.6654170048437963
0.6431829944524697
0.6275563310127984
0.6185522401525078
0.6149131648507088
0.6148528240325309
0.6167185162982335
0.6193909868230753
0.6222498549330558
0.6249192900009274
0.6272777593102127
0.6293578647925554
0.6311356309046546
0.6326034019819765
0.633842761832942
0.6349184327132752
0.6358636192444637
0.6367374613048161
0.6375832414941683
0.6383997594374672
0.6391777599261083
0.639913575995719
0.6406096422321758
0.6412812183571951
0.6419532788660888
0.6426256573072594
0.6432808601453467
0.6439158251963571
0.6445305274033933
0.645126355964761
0.6457085602339782
0.6462831717427288
0.6468443712122086
0.6473769386961891
0.6478740804992208
0.6483367003538055
0.6487659437582302
0.649170176516264
0.6495641638494204
0.6499549766556026
0.6503425607425969
0.6507268496284512
0.651105948617387
0.6514726292499237
0.6518181342551362
0.6521393686315186
0.6524369035730267
0.6527130068954928
0.6529750082463818
0.6532320077999415
0.6535123578686693
0.6538320734707711
0.6541288778245472
0.6544282477702413
0.6547374699823639
0.65503691551703
0.6553787619017987
0.6557378968004101
0.6560865993777448
0.6564150398861995
0.656711758834008
0.6569754439597849
0.6572145261601591
0.6574393023812631
0.6576613826105894
0.6578918997533044
0.6581406402905036
0.6584163393282235
0.6587166760022231
0.6590216053516377
0.6593060361325439
0.6595564503913812
0.6597691772197919
0.659948584990225
0.6601137107375482
0.6602954887093703
0.6605145663743331
0.6607679288101117
0.6610448531275303
0.6613403413549083
0.6616468918917183
0.6619509311763515
0.6622464164452534
0.6625359401856453
0.6628216817512532
0.6631040956146007
0.6633832359712176
0.6636591558986472
0.6639319075135596
0.6642015419092612
0.6644681091166408
0.6647316581312607
0.6649922369396281
0.665249892544676
0.6655046709904798
0.6657566173862367
0.6660057759295345
0.6662521899289325
0.6664959018258813
0.6667369532159974
0.6669753848697212
0.6672112367523798
0.6674445480436647
0.6676753571565536
0.6679037017556947
0.6681296187752638
0.6683531444363199
0.6685743142636692
0.6687931631022564
0.6690097251331014
0.6692240338887906
0.6694361222685407
0.6696460225528472
0.669853766417733
0.6700593849486051
0.6702629086537367
0.6704643674773857
0.6706637908125582
0.6708612075134311
0.6710566459074426
0.6712501338072089
0.6714416985517978
0.6716313730260394
0.6718204184151654
0.6722626370844517
0.6726101798653592