0.7001341136308218
0.7001341136308218
0.7001341136308218
0.7001341136308218
0.7001341136308218
0.7001341136308218
0.7001341136308218
0.7001341136308218
0.7001341136308218
0.7001341136308218
0.7001341136308218
0.7001341136308218
0.7001341136308218
0.7001341136308218
0.7001341136308218
0.7001341136308218
0.7001341136308218
0.7001341136308218
0.7001341136308218
0.7001341136308218
0.7001341136308218
0.7001341136308218
0.7001341136308218
0.7001341136308218
0.7001341136308218
0.7001341136308218
0.7001341136308218
0.7001341136308218
0.7001341136308218
0.7001341136308218
0.7001341136308218
0.7001341136308218
0.7001341136308218
0.7001341136308218
0.7001341136308218
0.7001341136308218
0.7001341136308218
0.7001341136308218
0.7001341136308218
0.7001341136308218
0.7001341136308218
0.7001341136308218
0.7001341136308218
0.7001341136308218
0.7001341136308218
0.7001341136308218
0.7001341136308218
0.7001341136308218
0.7001341136308218
0.7001341136308218
0.7001341136308218
0.7001341136308218
0.7001341136308218
0.7001341136308218
0.7001341136308218
0.7001341136308218
0.7001341136308218
0.7001341136308218
0.7001341136308218
0.7001341136308218
0.7001341136308218
0.7001341136308218
0.7001341136308218
0.7001341136308218
0.7001341136308218
0.7001341136308218
0.7001341136308218
0.7001341136308218
0.7001341136308218
0.7001341136308218
0.7001341136308218
0.7001341136308218
0.7001341136308218
0.7001341136308218
0.7001341136308218
0.7001341136308218
0.7001341136308218
0.7001341136308218
0.7001341136308218
0.7001341136308218
0.7001341136308218
0.7001341136308218
0.7001341136308218
0.7001341136308218
0.7001341136308218
0.7001341136308218
0.7001341136308218
0.7001341136308218
0.7001341136308218
0.7001341136308218
0.7001341136308218
1.2934235885027716
1.277456864713658
1.2602587095875846
1.248913143641258
1.246894618155158
1.2396767861361497
1.2320477235218372
1.2305329396243467
1.228952680809742
1.2269619706845636
1.224707461025773
1.2224879008322365
1.2164456370283379
1.2015202896007244
1.1741466865859882
1.1334021903234106
1.0891488987083515
1.0545900341190397
1.0293025730178613
1.0094034476860339
0.9934692285436051
0.9772135547688509
0.9575307629080281
0.9360502624313229
0.9145303407407406
0.8927589947865318
0.8709644404481597
0.8490893738738606
0.8273950653765262
0.806099567330186
0.7851125992990927
0.7640883946146516
0.7423877016343624
0.7195154362714226
0.6956224372924745
0.6717443065510057
0.6498973887752996
0.6324990514978485
0.6211329933223725
0.6158045118496788
0.6152602698182953
0.6177162701886644
0.6215146448268339
0.625588319310033
0.6293879358137596
0.6326645812233135
0.6354132565302136
0.6377308757945496
0.6396533140598447
0.641220376924663
0.642531077225779
0.643666383592233
0.6446664750861774
0.6455791727887757
0.646444667879109
0.6472645954109945
0.6480345770958013
0.6487562108929635
0.6494350420496925
0.6500851776225515
0.6507198735082035
0.6513394501087174
0.6519382505297336
0.6525144774739186
0.6530687852780964
0.6536029230185564
0.6541217645987326
0.6546307367133587
0.655125332256186
0.6555932778770853
0.6560293715937994
0.6564347676326919
0.6568107533097439
0.6571643998003659
0.6575078504327111
0.6578469477615231
0.6581817692525939
0.6585123764862723
0.658837342584908
0.6591509067114817
0.6594460928877565
0.6597205532955813
0.6599749087036287
0.6602111372064695
0.660435313445617
0.660654876569556
0.6608929475717374
0.661162557505805
0.6614127948148293
0.6616658416235225
0.6619280733176945
0.662181781190981
0.6624686746387981
0.6627684027833126
0.6630587456392728
0.6633319044200626
0.663578813951985
0.6637985771649223
0.6639980940721067
0.6641857106805319
0.6643707780794678
0.6645623089716411
0.6647686674433183
0.6649974065491667
0.6652466245467531
0.6654996945186998
0.6657357789101995
0.6659436447689261
0.6661202330488994
0.6662691496527468
0.6664061796473398
0.6665570103443675
0.6667388083003213
0.6669490822864338
0.6671789274905237
0.6674241997089524
0.6676786794989095
0.6679310907043815
0.6681764068449393
0.6684167799843251
0.6686540208411044
0.6688885067937566
0.669120282497292
0.6693493916914436
0.6695758773308323
0.6697997815325673
0.6700211455432695
0.6702400097611075
0.6704564137571726
0.6706703962962143
0.6708819953567605
0.671091248150644
0.6712981911419517
0.6715028600654204
0.6717052899442976
0.6719055151076819
0.6721035692073659
0.6722994852341916
0.6724932955339401
0.6726850318227683
0.6728747252022064
0.6730624061737366
0.6732481046529587
0.6734318499833604
0.6736136709497055
0.6737935957910496
0.6739716522133973
0.6741478674020133
0.674322268033395
0.6744948802869203
0.6746657298561786
0.6748348419599969
0.6750022413531717
0.6751679523369093
0.6753319987689904
0.6754944040736678
0.6756551912513545
0.6758143829017612
0.6759720045657017
0.6761289001872853
0.6764882362576947
0.6767690986260121