0.6499939039258718
0.6499939039258718
0.6499939039258718
0.6499939039258718
0.6499939039258718
0.6499939039258718
0.6499939039258718
0.6499939039258718
0.6499939039258718
0.6499939039258718
0.6499939039258718
0.6499939039258718
0.6499939039258718
0.6499939039258718
0.6499939039258718
0.6499939039258718
0.6499939039258718
0.6499939039258718
0.6499939039258718
0.6499939039258718
0.6499939039258718
0.6499939039258718
0.6499939039258718
0.6499939039258718
0.6499939039258718
0.6499939039258718
0.6499939039258718
0.6499939039258718
0.6499939039258718
0.6499939039258718
0.6499939039258718
0.6499939039258718
0.6499939039258718
0.6499939039258718
0.6499939039258718
0.6499939039258718
0.6499939039258718
0.6499939039258718
0.6499939039258718
0.6499939039258718
0.6499939039258718
0.6499939039258718
0.6499939039258718
0.6499939039258718
0.6499939039258718
0.6499939039258718
0.6499939039258718
0.6499939039258718
0.6499939039258718
0.6499939039258718
0.6499939039258718
0.6499939039258718
0.6499939039258718
0.6499939039258718
0.6499939039258718
0.6499939039258718
0.6499939039258718
0.6499939039258718
0.6499939039258718
0.6499939039258718
0.6499939039258718
0.6499939039258718
0.6499939039258718
0.6499939039258718
0.6499939039258718
0.6499939039258718
0.6499939039258718
0.6499939039258718
0.6499939039258718
0.6499939039258718
0.6499939039258718
0.6499939039258718
0.6499939039258718
0.6499939039258718
0.6499939039258718
0.6499939039258718
0.6499939039258718
0.6499939039258718
0.6499939039258718
0.6499939039258718
0.6499939039258718
0.6499939039258718
0.6499939039258718
0.6499939039258718
0.6499939039258718
0.6499939039258718
0.6499939039258718
0.6499939039258718
0.6499939039258718
0.6499939039258718
0.6499939039258718
1.2952722331877458
1.2804284501163608
1.2647771527484062
1.2555509131819527
1.2564202368027395
1.2587376433783233
1.259152125030174
1.2546067982808626
1.247399692321691
1.244294740293232
1.234850157114911
1.2249365701717647
1.2190089834494973
1.2033291279833176
1.1758756665943628
1.13502645367618
1.090523422929077
1.0556841957036787
1.0305551456768196
1.010991932094285
0.9952959040011843
0.9794720979690175
0.9603164728265259
0.9390099272993403
0.9173323223108685
0.8951595544840031
0.8725459513321053
0.8495269588450669
0.8263609921003763
0.8032604003480099
0.7801428948601585
0.7566785895643744
0.7322063204367484
0.7060930039133906
0.6781847387038389
0.6491977404108336
0.6210604469858503
0.5965384422551685
0.5780075582888189
0.5664062924543809
0.5610588022741643
0.5602761866842718
0.5621473044460421
0.5651870321659986
0.5685032945189668
0.571582325388484
0.5742625756569262
0.5765787552171839
0.5785248047985507
0.5801166412589733
0.5814523568915639
0.582606108795316
0.5836167219591673
0.5845493305464733
0.5854498109425501
0.5863147572896668
0.5871334539667159
0.5879046369826422
0.5886332656441162
0.5893456272066713
0.5900572095536458
0.5907575010859412
0.5914387767651132
0.5920980494450458
0.5927354210231202
0.5933524262948064
0.5939545169904217
0.5945479108113267
0.5951267373824263
0.5956755880970142
0.5961876642341699
0.5966639934697962
0.5971058393032345
0.5975218022420816
0.5979269588876286
0.5983285261421978
0.5987264697029624
0.5991207417679139
0.5995094337941076
0.5998852177451637
0.6002392251696702
0.6005683518411025
0.6008732173703386
0.6011561629063946
0.6014246676425068
0.6016880007113721
0.6019749824941609
0.6023018407503073
0.6026053049368238
0.602912860305926
0.6032319808902935
0.6035408268347746
0.6038908952181985
0.6042565236128068
0.6046106357678909
0.6049437239333337
0.6052447600416611
0.6055126775545547
0.6057559015061993
0.6059846145839844
0.6062102177300286
0.6064436947404532
0.606695234292066
0.6069740156632011
0.6072776847999721
0.6075859706719209
0.6078735085865499
0.6081266396441918
0.6083416609595371
0.608522995466954
0.6086898892785557
0.6088736063493743
0.6090950078573347
0.6093510400114814
0.6096308614723167
0.6099294168625664
0.610239122735202
0.6105462652819145
0.6108447418317549
0.6111371727696597
0.6114257603329727
0.6117109642696543
0.6119928400130221
0.612271441845778
0.6125468230593651
0.6128190358915506
0.6130881314876873
0.6133541599287393
0.613617170258451
0.6138772105096986
0.6141343277300435
0.6143885680065204
0.6146399764896855
0.6148885974169498
0.6151344741352243
0.6153776491228959
0.6156181640111629
0.6158560596047473
0.6160913759020086
0.6163241521144722
0.6165544266858025
0.6167822373102321
0.6170076209504631
0.6172306138550652
0.6174512515753823
0.6176695689819627
0.6178856002805317
0.6180993790275218
0.618310938145171
0.6185203099362027
0.6187275260981067
0.61893261773703
0.6191356153812859
0.6193365489945006
0.6195354479884059
0.6197323412352858
0.6199272570802488
0.6201202233838816
0.6203112737078382
0.6205016949079654
0.6209486372537433
0.6213002095022938