0.024993903925871738
0.024993903925871738
0.024993903925871738
0.024993903925871738
0.024993903925871738
0.024993903925871738
0.024993903925871738
0.024993903925871738
0.024993903925871738
0.024993903925871738
0.024993903925871738
0.024993903925871738
0.024993903925871738
0.024993903925871738
0.024993903925871738
0.024993903925871738
0.024993903925871738
0.024993903925871738
0.024993903925871738
0.024993903925871738
0.024993903925871738
0.024993903925871738
0.024993903925871738
0.024993903925871738
0.024993903925871738
0.024993903925871738
0.024993903925871738
0.024993903925871738
0.024993903925871738
0.024993903925871738
0.024993903925871738
0.024993903925871738
0.024993903925871738
0.024993903925871738
0.024993903925871738
0.024993903925871738
0.024993903925871738
0.024993903925871738
0.024993903925871738
0.024993903925871738
0.024993903925871738
0.024993903925871738
0.024993903925871738
0.024993903925871738
0.024993903925871738
0.024993903925871738
0.024993903925871738
0.024993903925871738
0.024993903925871738
0.024993903925871738
0.024993903925871738
0.024993903925871738
0.024993903925871738
0.024993903925871738
0.024993903925871738
0.024993903925871738
0.024993903925871738
0.024993903925871738
0.024993903925871738
0.024993903925871738
0.024993903925871738
0.024993903925871738
0.024993903925871738
0.024993903925871738
0.024993903925871738
0.024993903925871738
0.024993903925871738
0.024993903925871738
0.024993903925871738
0.024993903925871738
0.024993903925871738
0.024993903925871738
0.024993903925871738
0.024993903925871738
0.024993903925871738
0.024993903925871738
0.024993903925871738
0.024993903925871738
0.024993903925871738
0.024993903925871738
0.024993903925871738
0.024993903925871738
0.024993903925871738
0.024993903925871738
0.024993903925871738
0.024993903925871738
0.024993903925871738
0.024993903925871738
0.024993903925871738
0.024993903925871738
0.024993903925871738
0.024993903925871738
0.024993903925871738
0.024993903925871738
0.024993903925871738
0.024993903925871738
0.024993903925871738
0.024993903925871738
0.024993903925871738
0.024993903925871738
0.024993903925871738
0.024993903925871738
0.024993903925871738
0.024993903925871738
0.024993903925871738
0.024993903925871738
0.024993903925871738
0.17072100099435805
0.3164986274557881
0.3162899401329988
0.27829976665757883
0.2273029119003005
0.19771989783196803
0.16461826300633825
0.1312645523753631
0.09893158623440594
0.06948781346014975
0.04462934301212983
0.024380415746087278
0.008291423139051499
-0.003542430916364206
-0.011116209453065365
-0.014671104819520955
-0.014695597107079142
-0.012299686676219071
-0.008770120859714195
-0.005032895118856309
-0.0016834877697569223
0.001084124880978296
0.0033700755143437483
0.005261750758688941
0.006840216514767614
0.008196234617016115
0.009390998704520412
0.010445898442498866
0.011358146758500873
0.012123386248389142
0.012759559667355522
0.013293333313639341
0.013734639417299896
0.014093228476408357
0.014391743528816989
0.014646646306479813
0.014867297838677004
0.015066261462619121
0.015252245970627673
0.015426220657618991
0.01558790498319905
0.01573808650636631
0.01587821343954675
0.016011293429812654
0.016140089714351977
0.016264827204802476
0.01638456783263774
0.016499104516326732
0.016608680927444372
0.016713726557871386
0.016815246745976772
0.016914346663483557
0.017010242004126916
0.017100672064968223
0.017184719411841062
0.017262665550738174
0.01733479845823592
0.01740251226855037
0.017468180743761316
0.017532946209974906
0.017596825966493576
0.017659836381041835
0.017721714689754794
0.017781370800556293
0.01783747950866131
0.017889600894145805
0.01793786129038287
0.01798263922779729
0.018025090610105363
0.018066606631788037
0.018111572283672203
0.01816252577157805
0.018209752239343388
0.018257453815841526
0.018306873841171342
0.018354591186033872
0.018408532525352225
0.018464860911904676
0.018519380558327456
0.01857063622144127
0.018616928954011222
0.01865809384486726
0.018695431245633984
0.01873050783496176
0.018765074953984925
0.018800816668329542
0.018839291581381076
0.018881912072252746
0.01892833053580388
0.018975448370972522
0.019019379336637318
0.01905803553744477
0.019090853547289552
0.019118500482677256
0.01914390147731025
0.01917182977041819
0.01920548148745825
0.019244391246628453
0.019286895452083716
0.01933222120104537
0.019379217847609972
0.01942579476606275
0.019471019412062404
0.01951529171966636
0.01955894848674687
0.019602060811968233
0.019644638119084665
0.019686689626130946
0.01972822437069864
0.01976925120143845
0.019809778773111728
0.019849815551761005
0.019889369819719768
0.019928449680463686
0.019967063063311738
0.0200052177279839
0.0200429212690154
0.020080181120035054
0.020117004557916193
0.020153398706800982
0.02018937054200219
0.02022492689378684
0.020260074451047924
0.02029481976486512
0.020329169251962473
0.020363129198063032
0.020396705761141373
0.020429904974585508
0.02046273275026643
0.020495194881514398
0.020527297046013512
0.02055904480861369
0.020590443624056473
0.020621498839628924
0.020652215697741103
0.020682599338428073
0.020712654801785288
0.020742387030332918
0.02077180087131357
0.020800901078931386
0.020829692316523638
0.02085817915868525
0.02088636610781823
0.020914277365776432
0.020969212073866504
0.021010254584564122