0.5998536942209217
0.5998536942209217
0.5998536942209217
0.5998536942209217
0.5998536942209217
0.5998536942209217
0.5998536942209217
0.5998536942209217
0.5998536942209217
0.5998536942209217
0.5998536942209217
0.5998536942209217
0.5998536942209217
0.5998536942209217
0.5998536942209217
0.5998536942209217
0.5998536942209217
0.5998536942209217
0.5998536942209217
0.5998536942209217
0.5998536942209217
0.5998536942209217
0.5998536942209217
0.5998536942209217
0.5998536942209217
0.5998536942209217
0.5998536942209217
0.5998536942209217
0.5998536942209217
0.5998536942209217
0.5998536942209217
0.5998536942209217
0.5998536942209217
0.5998536942209217
0.5998536942209217
0.5998536942209217
0.5998536942209217
0.5998536942209217
0.5998536942209217
0.5998536942209217
0.5998536942209217
0.5998536942209217
0.5998536942209217
0.5998536942209217
0.5998536942209217
0.5998536942209217
0.5998536942209217
0.5998536942209217
0.5998536942209217
0.5998536942209217
0.5998536942209217
0.5998536942209217
0.5998536942209217
0.5998536942209217
0.5998536942209217
0.5998536942209217
0.5998536942209217
0.5998536942209217
0.5998536942209217
0.5998536942209217
0.5998536942209217
0.5998536942209217
0.5998536942209217
0.5998536942209217
0.5998536942209217
0.5998536942209217
0.5998536942209217
0.5998536942209217
0.5998536942209217
0.5998536942209217
0.5998536942209217
0.5998536942209217
0.5998536942209217
0.5998536942209217
0.5998536942209217
0.5998536942209217
0.5998536942209217
0.5998536942209217
0.5998536942209217
0.5998536942209217
0.5998536942209217
0.5998536942209217
0.5998536942209217
0.5998536942209217
0.5998536942209217
0.5998536942209217
0.5998536942209217
0.5998536942209217
0.5998536942209217
0.5998536942209217
0.5998536942209217
0.5998536942209217
1.1674575420623392
1.1504863440380289
1.135397101814172
1.1334160955933785
1.1356195633006643
1.1360115587795403
1.1320204646525056
1.1244639041053284
1.1207339351823853
1.1135009352606442
1.1060472065891571
1.1015122074663712
1.0879524613234808
1.0619065646446497
1.0191897731517559
0.9695806695349771
0.9299578177715406
0.9021560106837129
0.8813193209188503
0.8653837422493651
0.8501306359187698
0.8317718649520648
0.8111215488288129
0.7902050382288901
0.7690574565529015
0.747678045426462
0.7262957077918141
0.7052649136716235
0.6848703024144195
0.6651716532843112
0.6460144953413508
0.626905982852853
0.6073592983600923
0.5872070459360325
0.5668886422628853
0.547806777833188
0.5320625843949275
0.5214425998505688
0.5165366290805719
0.5165749242059848
0.5198689751172308
0.5246081219151383
0.5295277213515869
0.5339637138041914
0.5376646708725638
0.5406679233718036
0.5431138900501656
0.5450931593624772
0.5466856166444894
0.5480013847439357
0.5491211469310958
0.5500903432702123
0.5509674079042323
0.551791659204946
0.5525669493414563
0.5532914934625782
0.5539681872378509
0.5546020699259594
0.5552053699642011
0.5557902447987529
0.5563575863067186
0.5569030676606129
0.5574256624581647
0.5579263907571451
0.5584071470314323
0.5588724627607117
0.5593272844332243
0.5597679112936126
0.5601839263019507
0.5605710511364507
0.5609304840563835
0.5612635008280807
0.5615765006864298
0.5618803741686068
0.5621803518541643
0.5624765037757241
0.5627688873244946
0.5630562465094152
0.5633334914657714
0.5635944552126803
0.5638370659440951
0.5640618775868212
0.5642706402626964
0.564468724929348
0.5646626930883542
0.5648729796693491
0.565111146317531
0.5653321567793556
0.5655556132989378
0.5657871728789093
0.5660111423848099
0.5662643974763709
0.5665289665730914
0.5667852227836755
0.5670262888128993
0.5672441654878059
0.5674380629837389
0.5676140741597183
0.5677795647769358
0.5679427851048319
0.5681116843421995
0.5682936368731536
0.5684953055490444
0.5687150186068443
0.5689381165575497
0.5691462250713736
0.5693294435534858
0.5694850789753777
0.5696163069032788
0.5697370334754189
0.5698698978853384
0.5700300341934491
0.5702152453575807
0.5704176772748509
0.5706336757200107
0.5708577627765244
0.5710800033221451
0.5712959680864614
0.5715075537331803
0.5717163563177913
0.5719227090478803
0.5721266519851668
0.572328224363195
0.5725274647026938
0.5727244107661283
0.5729190995293353
0.5731115672015813
0.5733018492450143
0.5734899803935282
0.573675994671064
0.5738599254093698
0.5740418052652322
0.574221666237199
0.5743995396818132
0.5745754563293725
0.5747494462992307
0.574921539114659
0.5750917637172744
0.5752601484810583
0.5754267212259757
0.5755915092312064
0.5757545392480014
0.5759158375121795
0.5760754297562741
0.5762333412213391
0.5763895966684279
0.5765442203897561
0.5766972362195567
0.5768486675446397
0.5769985373146588
0.5771468680521036
0.5772936818620217
0.5774390004414777
0.5775828450887582
0.5777252367123303
0.5778661958395951
0.5780057426332604
0.5781438990769271
0.578281296531118
0.5785903972776556
0.5788308342019385