0.5498658863691782
0.5498658863691782
0.5498658863691782
0.5498658863691782
0.5498658863691782
0.5498658863691782
0.5498658863691782
0.5498658863691782
0.5498658863691782
0.5498658863691782
0.5498658863691782
0.5498658863691782
0.5498658863691782
0.5498658863691782
0.5498658863691782
0.5498658863691782
0.5498658863691782
0.5498658863691782
0.5498658863691782
0.5498658863691782
0.5498658863691782
0.5498658863691782
0.5498658863691782
0.5498658863691782
0.5498658863691782
0.5498658863691782
0.5498658863691782
0.5498658863691782
0.5498658863691782
0.5498658863691782
0.5498658863691782
0.5498658863691782
0.5498658863691782
0.5498658863691782
0.5498658863691782
0.5498658863691782
0.5498658863691782
0.5498658863691782
0.5498658863691782
0.5498658863691782
0.5498658863691782
0.5498658863691782
0.5498658863691782
0.5498658863691782
0.5498658863691782
0.5498658863691782
0.5498658863691782
0.5498658863691782
0.5498658863691782
0.5498658863691782
0.5498658863691782
0.5498658863691782
0.5498658863691782
0.5498658863691782
0.5498658863691782
0.5498658863691782
0.5498658863691782
0.5498658863691782
0.5498658863691782
0.5498658863691782
0.5498658863691782
0.5498658863691782
0.5498658863691782
0.5498658863691782
0.5498658863691782
0.5498658863691782
0.5498658863691782
0.5498658863691782
0.5498658863691782
0.5498658863691782
0.5498658863691782
0.5498658863691782
0.5498658863691782
0.5498658863691782
0.5498658863691782
0.5498658863691782
0.5498658863691782
0.5498658863691782
0.5498658863691782
0.5498658863691782
0.5498658863691782
0.5498658863691782
0.5498658863691782
0.5498658863691782
0.5498658863691782
0.5498658863691782
0.5498658863691782
0.5498658863691782
0.5498658863691782
0.5498658863691782
0.5498658863691782
0.5498658863691782
0.5498658863691782
0.5498658863691782
0.5498658863691782
0.5498658863691782
0.5498658863691782
0.5498658863691782
0.5498658863691782
0.6735173074258108
0.6731680306316006
0.6728187538373902
0.6724694770431799
0.6721202002489697
0.6717709234547593
0.671421646660549
0.6710723698663388
0.6707230930721284
0.6703738162779181
0.6700245394837079
0.6696752626894975
0.6693259858952872
0.6689767091010769
0.6686274323068666
0.6682781555126562
0.667928878718446
0.6675796019242357
0.6672303251300253
0.677423340524633
0.6770740637304228
0.65587647566564
0.63522194961655
0.6150305647859052
0.5948633339998558
0.5741874208529297
0.5526905228972835
0.5305931864494987
0.5090018755242981
0.4899271262842356
0.4755135304695678
0.4669942755343447
0.4642111063419273
0.4657409719076421
0.46965494537426544
0.4743754236279557
0.4789255204644759
0.4828462056395676
0.4860676659223052
0.4886974002623662
0.49081668778197296
0.4925050898986504
0.4939017542229328
0.49509538968630074
0.4961261024371525
0.49705840659263123
0.4979353822390654
0.49876125320665665
0.4995339913616573
0.5002564850746746
0.5009348220837789
0.5015831741619549
0.5022147299671303
0.5028300118881958
0.5034237205534643
0.5039936673762174
0.504539907841529
0.5050642618140905
0.5055716830548814
0.5060675652475536
0.5065478750830034
0.5070012739778488
0.5074231182448835
0.5078147281019493
0.5081775107873848
0.5085184514712863
0.50884941406007
0.5091760937820126
0.5094985683936241
0.5098169007646575
0.5101297221084767
0.5104314936492244
0.5107155106369202
0.5109795260578026
0.5112241494327595
0.5114512928965899
0.511666805035056
0.5118778367512961
0.5121066101901862
0.5123656558120168
0.5126060330247239
0.5128490497668478
0.5131008471234281
0.5133443927751676
0.5136197415417941
0.5139073477934019
0.5141858831152578
0.5144478755046694
0.5146846417025174
0.5148953344218455
0.5150865807603241
0.5152663881452596
0.515443721754088
0.5156272171238633
0.5158248827993371
0.5160439473603292
0.5162825822875347
0.5165248609500074
0.5167508354126223
0.5169497640294455
0.5171187323486431
0.5172611996586293
0.5173922715600835
0.5175365212908344
0.5177103647042031
0.5179114083383488
0.5181311242188059
0.5183655410814657
0.5186087087603829
0.5188498482259544
0.519084157828981
0.5193136967005639
0.5195401967127428
0.5197640198969721
0.5199852103680188
0.5202038113207724
0.5204198651560287
0.5206334134319249
0.5208444968339144
0.5210531551972079
0.5212594275285302
0.5214633520272193
0.521664966105687
0.5218643064092673
0.5220614088354699
0.5222563085526618
0.5224490400181973
0.5226396369960119
0.5228281325737042
0.5230145591791159
0.5231989485964338
0.5233813319818236
0.5235617398786131
0.523740202232046
0.5239167484036124
0.524091407184971
0.5242642068114801
0.524435174975349
0.5246043388384193
0.5247717250445915
0.5249373597319084
0.5251012685443023
0.5252634766430188
0.5254240087177312
0.5255828889973518
0.5257401412605468
0.525895788845968
0.5260498546622131
0.5262023611975591
0.526353330540276
0.5265027871681648
0.5266514753666197
0.5269878324489685
0.5272498548505483