0.4998780785174347
0.4998780785174347
0.4998780785174347
0.4998780785174347
0.4998780785174347
0.4998780785174347
0.4998780785174347
0.4998780785174347
0.4998780785174347
0.4998780785174347
0.4998780785174347
0.4998780785174347
0.4998780785174347
0.4998780785174347
0.4998780785174347
0.4998780785174347
0.4998780785174347
0.4998780785174347
0.4998780785174347
0.4998780785174347
0.4998780785174347
0.4998780785174347
0.4998780785174347
0.4998780785174347
0.4998780785174347
0.4998780785174347
0.4998780785174347
0.4998780785174347
0.4998780785174347
0.4998780785174347
0.4998780785174347
0.4998780785174347
0.4998780785174347
0.4998780785174347
0.4998780785174347
0.4998780785174347
0.4998780785174347
0.4998780785174347
0.4998780785174347
0.4998780785174347
0.4998780785174347
0.4998780785174347
0.4998780785174347
0.4998780785174347
0.4998780785174347
0.4998780785174347
0.4998780785174347
0.4998780785174347
0.4998780785174347
0.4998780785174347
0.4998780785174347
0.4998780785174347
0.4998780785174347
0.4998780785174347
0.4998780785174347
0.4998780785174347
0.4998780785174347
0.4998780785174347
0.4998780785174347
0.4998780785174347
0.4998780785174347
0.4998780785174347
0.4998780785174347
0.4998780785174347
0.4998780785174347
0.4998780785174347
0.4998780785174347
0.4998780785174347
0.4998780785174347
0.4998780785174347
0.4998780785174347
0.4998780785174347
0.4998780785174347
0.4998780785174347
0.4998780785174347
0.4998780785174347
0.4998780785174347
0.4998780785174347
0.4998780785174347
0.4998780785174347
0.4998780785174347
0.4998780785174347
0.4998780785174347
0.4998780785174347
0.4998780785174347
0.4998780785174347
0.4998780785174347
0.4998780785174347
0.4998780785174347
0.4998780785174347
0.4998780785174347
0.4998780785174347
0.4998780785174347
0.4998780785174347
0.4998780785174347
0.4998780785174347
0.4998780785174347
0.4998780785174347
0.4998780785174347
0.6719898985373813
0.6718512793826656
0.6717126602279497
0.6715740410732339
0.6714354219185181
0.6712968027638023
0.6711581836090865
0.6710195644543706
0.6708809452996549
0.670742326144939
0.6706037069902233
0.6704650878355074
0.6703264686807916
0.6701878495260758
0.67004923037136
0.6699106112166442
0.6802587280850131
0.6801201089302973
0.6589109028143135
0.6375785041036818
0.6164282589333375
0.5957600134766529
0.5757549254329907
0.5564398909616263
0.537474767238801
0.518391862631162
0.49882562196466995
0.47877747788257896
0.45903689446857
0.44129480166462753
0.42760086228431404
0.4193554009540793
0.4166881922298221
0.41839089577277655
0.4225655491359993
0.4275800364841361
0.43238300090404824
0.4364738157909859
0.43978943329359066
0.4424554327417042
0.4445810662557187
0.44626654496321605
0.4476421939991685
0.4488011497833658
0.44979713779644126
0.45069447153110265
0.4515355364301975
0.4523254938868947
0.45306330095838787
0.45375223328782577
0.4543983692078465
0.4550142980923254
0.455611426222542
0.4561904396123483
0.4567469460584307
0.4572799226775103
0.457790432560767
0.45828042771402766
0.45875454289644646
0.45921782816351364
0.45966652405012465
0.46009004008956167
0.46048404284546385
0.4608497733079401
0.4611885494593265
0.46150689684585855
0.4618159002850285
0.46212088202888124
0.4624219154756487
0.4627190609205739
0.46301104395317927
0.46329269705858656
0.46355776282617456
0.46380414605509934
0.4640324182128125
0.4642443643939683
0.46444544317430003
0.4646423198292787
0.4648557312188567
0.46509739553638607
0.46532162111068065
0.46554829036937007
0.4657831462929579
0.4660102715225253
0.46626705137802216
0.4665352548471505
0.4667949849794991
0.46703927734577777
0.4672600355493338
0.46745647022536707
0.4676347624889129
0.4678023788967508
0.467967677819341
0.4681387090234105
0.4683229364267919
0.4685270991439282
0.46874949607531813
0.4689752839268905
0.4691858698621655
0.469371244125533
0.4695286923133174
0.4696614361689134
0.4697835479608937
0.46991792560813617
0.4700798685724116
0.47026714611194553
0.4704718086046201
0.47069015476985243
0.47091664214188944
0.4711412280170958
0.4713594383278791
0.4715731918070093
0.4717841023957515
0.4719925077729782
0.47219844941635325
0.4724019679348347
0.47260310318623644
0.47280189423237007
0.47299837931144195
0.4731925958593092
0.47338458053008525
0.4735743692161162
0.4737619970673578
0.47394749851016693
0.4741309072655261
0.4743122563667287
0.47449157817653875
0.4746689044038451
0.47484426611982367
0.475017693773626
0.47518921720761365
0.47535886567215047
0.47552666783996644
0.4756926518201109
0.47585684517150695
0.47601927491611795
0.4761799675517443
0.47633894906445795
0.4764962449406852
0.47665188017895643
0.476805879301328
0.47695826636448546
0.47710906497054195
0.47725829827754096
0.47740598900967124
0.47755215946720286
0.4776968315361577
0.4778400266977162
0.4779817660373983
0.478122070261931
0.4782609618943644
0.4783990722096091
0.47870781790813927
0.47894754902494263