0.3999024628139478
0.3999024628139478
0.3999024628139478
0.3999024628139478
0.3999024628139478
0.3999024628139478
0.3999024628139478
0.3999024628139478
0.3999024628139478
0.3999024628139478
0.3999024628139478
0.3999024628139478
0.3999024628139478
0.3999024628139478
0.3999024628139478
0.3999024628139478
0.3999024628139478
0.3999024628139478
0.3999024628139478
0.3999024628139478
0.3999024628139478
0.3999024628139478
0.3999024628139478
0.3999024628139478
0.3999024628139478
0.3999024628139478
0.3999024628139478
0.3999024628139478
0.3999024628139478
0.3999024628139478
0.3999024628139478
0.3999024628139478
0.3999024628139478
0.3999024628139478
0.3999024628139478
0.3999024628139478
0.3999024628139478
0.3999024628139478
0.3999024628139478
0.3999024628139478
0.3999024628139478
0.3999024628139478
0.3999024628139478
0.3999024628139478
0.3999024628139478
0.3999024628139478
0.3999024628139478
0.3999024628139478
0.3999024628139478
0.3999024628139478
0.3999024628139478
0.3999024628139478
0.3999024628139478
0.3999024628139478
0.3999024628139478
0.3999024628139478
0.3999024628139478
0.3999024628139478
0.3999024628139478
0.3999024628139478
0.3999024628139478
0.3999024628139478
0.3999024628139478
0.3999024628139478
0.3999024628139478
0.3999024628139478
0.3999024628139478
0.3999024628139478
0.3999024628139478
0.3999024628139478
0.3999024628139478
0.3999024628139478
0.3999024628139478
0.3999024628139478
0.3999024628139478
0.3999024628139478
0.3999024628139478
0.3999024628139478
0.3999024628139478
0.3999024628139478
0.3999024628139478
0.3999024628139478
0.3999024628139478
0.3999024628139478
0.3999024628139478
0.3999024628139478
0.3999024628139478
0.3999024628139478
0.3999024628139478
0.3999024628139478
0.3999024628139478
0.7927012326509935
1.1798908650632451
1.1651494915874272
1.1503299433279657
1.1461368021483866
1.1485826822661007
1.1492316498432766
1.1436649706853053
1.130569926929776
1.1237260213482863
1.123068340643192
1.1206803452704108
1.1159566020040117
1.1028399623514027
1.077170456766903
1.0360084688054962
0.9887553380800405
0.9512261274115466
0.9255574560252098
0.9065441620950265
0.89174193368522
0.8777323803336862
0.860941228159533
0.8415649285799969
0.8213591425355511
0.8001687590422119
0.7776612940919639
0.754197293955359
0.7298575553313723
0.7047774843947014
0.6790395847933985
0.6525757954985396
0.6249414877564874
0.5954853693262572
0.5634685627930525
0.5283142029449968
0.49029633661194927
0.45104108651234465
0.4133745634754815
0.3805615240366338
0.3550716201885189
0.33756102525780807
0.32690894684932026
0.3212584149274684
0.31871922665203667
0.31774450381657293
0.3174517056359616
0.3174367463767267
0.3174307219154018
0.317290846887343
0.3170641274537014
0.3168004923493226
0.31651131101300867
0.31626335085839385
0.31612056785509757
0.31605868482403054
0.31604388481359025
0.31606974932766296
0.31613291826689527
0.31624474999132723
0.3164247318909814
0.3166691909375927
0.31695781250247435
0.31727713280528724
0.31762263861012063
0.3179925576211462
0.31839208046140466
0.31882605553313037
0.31928293535207186
0.3197369221563211
0.3201709738005307
0.32057854437894817
0.32095642012248526
0.32131513835843317
0.32167719891685187
0.3220536499890947
0.3224427218825461
0.32284488970757974
0.3232564535948288
0.32366460502676886
0.3240534254092877
0.3244149450513343
0.3247484827120737
0.3250563724109383
0.32534968347107074
0.3256432928192654
0.325984392499038
0.3264011080917715
0.32679007933454307
0.3271438287330428
0.3274717003922787
0.32778604891331464
0.3281759782288891
0.3286025710606142
0.3290407819187393
0.3294748413690105
0.3298638522467161
0.33020325686035057
0.33050515298662986
0.3307854298635291
0.3310627555432373
0.33135595145698793
0.3316831055777494
0.33206115699619443
0.3324875667777627
0.33292852968399855
0.33334020033710465
0.3336976752578724
0.333992802917251
0.33423133491070645
0.334444823164757
0.33468634540490405
0.3349924745676478
0.33535937716247877
0.33576954135649895
0.3362148996610166
0.3366828959538004
0.33715021214041196
0.3376061312097589
0.3380547733531494
0.3384996435401362
0.3389413315136143
0.3393797584428888
0.339814857621503
0.34024657407640624
0.3406748638461845
0.3410996933424968
0.34152103886935836
0.34193888618611346
0.3423532301141472
0.34276407418740606
0.34317143034684583
0.3435753186789847
0.34397576719878553
0.3443728116765896
0.3447664954532772
0.3451568639232423
0.34554344442236995
0.3459257233044537
0.34630371561214246
0.3466774889786952
0.34704710965702446
0.3474126425543751
0.34777415126596156
0.34813169810760214
0.3484853441473932
0.3488351492364463
0.34918117203872234
0.3495234700599974
0.3498620996759889
0.3501971161596671
0.35052857370778034
0.35085652546662405
0.3511810235570729
0.3515021190989065
0.35181986223446127
0.3521343021534713
0.3524454873455347
0.3527534942712467
0.35306203068036157
0.35383631031592017
0.354455275521384