0.29992684711046086
0.29992684711046086
0.29992684711046086
0.29992684711046086
0.29992684711046086
0.29992684711046086
0.29992684711046086
0.29992684711046086
0.29992684711046086
0.29992684711046086
0.29992684711046086
0.29992684711046086
0.29992684711046086
0.29992684711046086
0.29992684711046086
0.29992684711046086
0.29992684711046086
0.29992684711046086
0.29992684711046086
0.29992684711046086
0.29992684711046086
0.29992684711046086
0.29992684711046086
0.29992684711046086
0.29992684711046086
0.29992684711046086
0.29992684711046086
0.29992684711046086
0.29992684711046086
0.29992684711046086
0.29992684711046086
0.29992684711046086
0.29992684711046086
0.29992684711046086
0.29992684711046086
0.29992684711046086
0.29992684711046086
0.29992684711046086
0.29992684711046086
0.29992684711046086
0.29992684711046086
0.29992684711046086
0.29992684711046086
0.29992684711046086
0.29992684711046086
0.29992684711046086
0.29992684711046086
0.29992684711046086
0.29992684711046086
0.29992684711046086
0.29992684711046086
0.29992684711046086
0.29992684711046086
0.29992684711046086
0.29992684711046086
0.29992684711046086
0.29992684711046086
0.29992684711046086
0.29992684711046086
0.29992684711046086
0.29992684711046086
0.29992684711046086
0.29992684711046086
0.29992684711046086
0.29992684711046086
0.29992684711046086
0.29992684711046086
0.29992684711046086
0.29992684711046086
0.29992684711046086
0.29992684711046086
0.29992684711046086
0.29992684711046086
0.29992684711046086
0.29992684711046086
0.29992684711046086
0.29992684711046086
0.29992684711046086
0.29992684711046086
0.29992684711046086
0.29992684711046086
0.29992684711046086
0.29992684711046086
0.29992684711046086
0.29992684711046086
0.29992684711046086
0.29992684711046086
0.29992684711046086
0.29992684711046086
0.29992684711046086
0.29992684711046086
0.29992684711046086
0.29992684711046086
0.29992684711046086
0.29992684711046086
0.29992684711046086
0.29992684711046086
0.29992684711046086
0.29992684711046086
0.663882791103081
0.662803314474548
0.6617238378460149
0.6606443612174817
0.6595648845889486
0.6584854079604154
0.6574059313318823
0.6563264547033492
0.6552469780748161
0.6541675014462831
0.65308802481775
0.6520085481892168
0.6509290715606837
0.6498495949321506
0.6487701183036174
0.6476906416750843
0.6466111650465511
0.6455316884180181
0.6556776194256169
0.6545981427970837
0.6306617260925518
0.6059489564276712
0.5805981103992841
0.5546167809095297
0.5276825905810694
0.49924816843575465
0.46861288637952986
0.43509548167493467
0.39862415471403884
0.3602797261827649
0.32242320111393324
0.28824924779631816
0.2606431248547126
0.24094878340013232
0.22859323584582586
0.22191380424213253
0.21893502124347092
0.21789812858339835
0.21773092447546666
0.21790401931596276
0.21808276297493495
0.21810996542532318
0.21803258286616228
0.21789524368751972
0.21771653946311648
0.21757813592060354
0.2175253674042626
0.2175399992053671
0.21760125041187878
0.2176988456484346
0.21783006637117303
0.21800658546854007
0.21824783183756385
0.21854642439939181
0.21888224509146587
0.21924570963981288
0.2196324350179622
0.2200407461192178
0.22047585823851207
0.2209451930053395
0.22143744733271103
0.22192222538110223
0.22238044138291607
0.22280954344121123
0.22320904803533798
0.22358834794554322
0.22396960064430954
0.2243636413974815
0.22476873638782396
0.22518535557554636
0.22560988988611347
0.22602984739112691
0.22642976460182568
0.22680201774619696
0.22714716767339055
0.22746766353694287
0.22777235097015708
0.22807469710546863
0.22842068055754022
0.22883747500533752
0.22922497115514134
0.22958028174268802
0.2299123034653781
0.2302298761132467
0.23064181921576116
0.23111169423802408
0.2315740595435994
0.23201187046808985
0.23240479329868063
0.23274866710737047
0.23305552092100995
0.2333409929608597
0.23362335030095932
0.23392090967709162
0.23425119873017702
0.23463054630454022
0.23505627867758677
0.23549537279621263
0.23590522238083916
0.23626179577112022
0.236557394143661
0.2367978397250144
0.23701397514963568
0.23725742553712054
0.23756359556109558
0.23792856519155753
0.23833517847354885
0.23877550827861987
0.23923729161389878
0.23969787448934837
0.24014690157955149
0.24058842233604266
0.24102587440904993
0.2414598610870307
0.24189033623364048
0.2423172652831987
0.2427406249294684
0.24316040250296017
0.24357659543898863
0.24398921090863618
0.24439826550209603
0.2448037849647376
0.24520580398581054
0.24560436599098417
0.2459995183368669
0.24639086863188703
0.24677785684282033
0.2471603755184038
0.247538497289243
0.24791229325923664
0.2482818330450785
0.24864718481453957
0.24900841532357704
0.24936558995231445
0.24971877273992754
0.25006802641847764
0.2504134124457325
0.2507549910370031
0.25109282119603354
0.25142696074498067
0.2517574663535072
0.252084393567025
0.2524077968341157
0.25272772953315564
0.25304424399817
0.2533573915439458
0.2536672224904278
0.2539737861864307
0.2542771310341932
0.2545773047063163
0.2548743792715101
0.25517172408395955
0.255907147514121
0.25649300072864734