0.1999512314069739
0.1999512314069739
0.1999512314069739
0.1999512314069739
0.1999512314069739
0.1999512314069739
0.1999512314069739
0.1999512314069739
0.1999512314069739
0.1999512314069739
0.1999512314069739
0.1999512314069739
0.1999512314069739
0.1999512314069739
0.1999512314069739
0.1999512314069739
0.1999512314069739
0.1999512314069739
0.1999512314069739
0.1999512314069739
0.1999512314069739
0.1999512314069739
0.1999512314069739
0.1999512314069739
0.1999512314069739
0.1999512314069739
0.1999512314069739
0.1999512314069739
0.1999512314069739
0.1999512314069739
0.1999512314069739
0.1999512314069739
0.1999512314069739
0.1999512314069739
0.1999512314069739
0.1999512314069739
0.1999512314069739
0.1999512314069739
0.1999512314069739
0.1999512314069739
0.1999512314069739
0.1999512314069739
0.1999512314069739
0.1999512314069739
0.1999512314069739
0.1999512314069739
0.1999512314069739
0.1999512314069739
0.1999512314069739
0.1999512314069739
0.1999512314069739
0.1999512314069739
0.1999512314069739
0.1999512314069739
0.1999512314069739
0.1999512314069739
0.1999512314069739
0.1999512314069739
0.1999512314069739
0.1999512314069739
0.1999512314069739
0.1999512314069739
0.1999512314069739
0.1999512314069739
0.1999512314069739
0.1999512314069739
0.1999512314069739
0.1999512314069739
0.1999512314069739
0.1999512314069739
0.1999512314069739
0.1999512314069739
0.1999512314069739
0.1999512314069739
0.1999512314069739
0.1999512314069739
0.1999512314069739
0.1999512314069739
0.1999512314069739
0.1999512314069739
0.1999512314069739
0.1999512314069739
0.1999512314069739
0.1999512314069739
0.1999512314069739
0.1999512314069739
0.1999512314069739
0.1999512314069739
0.1999512314069739
0.1999512314069739
0.1999512314069739
0.1999512314069739
0.1999512314069739
0.1999512314069739
0.1999512314069739
0.1999512314069739
0.1999512314069739
0.1999512314069739
0.1999512314069739
0.6624884224375391
0.6599919914877468
0.6574955605379545
0.6549991295881623
0.6525026986383701
0.6500062676885778
0.6475098367387855
0.6450134057889932
0.642516974839201
0.7319036572133449
0.7294072262635526
0.6363205272936875
0.6300055596788195
0.6167032439395078
0.6009513350479956
0.5823115661515635
0.5628284159628527
0.5425744319729555
0.5210121730112534
0.4986117290825558
0.4753758068304651
0.4515111791799432
0.4272392561093473
0.40267391915637296
0.37766257688985594
0.3518381864103054
0.3246254640171681
0.2953841865684327
0.26389166045954326
0.2308188174577418
0.19794905413842734
0.16803560046745447
0.14390605427896463
0.1271434254449978
0.11753116886932846
0.11354282611696298
0.11314901866181326
0.1145179265422861
0.11646625008427847
0.11844115447632964
0.1201575343376583
0.12150592671227256
0.12257443489007025
0.12345473827904951
0.12419556570228518
0.12487882552624441
0.12556087040607655
0.1262415972693146
0.12690854880241342
0.12755787540824925
0.12819069896620616
0.1288202519661431
0.12946398673547
0.13011985367515588
0.13077497531122384
0.13142465090963806
0.1320671490559645
0.13270165969976577
0.13333374476463333
0.13396817223043855
0.13459428309135235
0.13519089894143155
0.13574789246709373
0.1362761288272204
0.13677651030196747
0.13724883141425426
0.13771186029009364
0.1381745653881058
0.1386366416714363
0.1390977741666014
0.13955525972466887
0.13999943134890047
0.1404185726686168
0.14080830213770434
0.14116904621607584
0.14150348530122148
0.1418209210913587
0.1421331275289267
0.14247679184691442
0.14287267553642946
0.1432405141824028
0.1436070149015859
0.14398115707289827
0.14434361883787872
0.14476235947835236
0.14520517182680936
0.14563598382203435
0.14604184797630226
0.14640764521062255
0.1467313458363958
0.14702355909050435
0.14729738753985833
0.14756769643523604
0.1478489895346321
0.14815486176591974
0.14849768178110823
0.14887466151664241
0.14925932810044873
0.14961829816226613
0.14993337605348722
0.1501993782125769
0.15042178250053728
0.15062558206803878
0.1508516897759019
0.15112755504339537
0.15144809030974649
0.1517981500275608
0.15217134735018012
0.15255814890149055
0.15294143384059333
0.15331362129184256
0.15367799837991425
0.15403731917750985
0.1543921651598067
0.15474261433665493
0.1550887429865767
0.15543062586498102
0.15576833613674068
0.1561019453382374
0.15643152342191058
0.15675713879935393
0.15707885838301994
0.15739674762658307
0.15771087056401256
0.15802128984739816
0.15832806678358036
0.1586312613696278
0.15893093232719913
0.15922713713583903
0.15951993206523774
0.1598093722064967
0.16009551150243595
0.16037840277697313
0.16065809776361106
0.16093464713306538
0.16120810052005818
0.1614785065493124
0.16174591286077156
0.16201036613407005
0.16227191211228298
0.16253059562497796
0.16278646061059543
0.16303955013817528
0.1632899064284591
0.16353757087438037
0.16378258406096868
0.16402498578468794
0.1642648150722258
0.16450211019916317
0.16473690877484326
0.16496925881397562
0.16520105825789944
0.1657453702282593
0.16617345297955746