0.09997561570348695
0.09997561570348695
0.09997561570348695
0.09997561570348695
0.09997561570348695
0.09997561570348695
0.09997561570348695
0.09997561570348695
0.09997561570348695
0.09997561570348695
0.09997561570348695
0.09997561570348695
0.09997561570348695
0.09997561570348695
0.09997561570348695
0.09997561570348695
0.09997561570348695
0.09997561570348695
0.09997561570348695
0.09997561570348695
0.09997561570348695
0.09997561570348695
0.09997561570348695
0.09997561570348695
0.09997561570348695
0.09997561570348695
0.09997561570348695
0.09997561570348695
0.09997561570348695
0.09997561570348695
0.09997561570348695
0.09997561570348695
0.09997561570348695
0.09997561570348695
0.09997561570348695
0.09997561570348695
0.09997561570348695
0.09997561570348695
0.09997561570348695
0.09997561570348695
0.09997561570348695
0.09997561570348695
0.09997561570348695
0.09997561570348695
0.09997561570348695
0.09997561570348695
0.09997561570348695
0.09997561570348695
0.09997561570348695
0.09997561570348695
0.09997561570348695
0.09997561570348695
0.09997561570348695
0.09997561570348695
0.09997561570348695
0.09997561570348695
0.09997561570348695
0.09997561570348695
0.09997561570348695
0.09997561570348695
0.09997561570348695
0.09997561570348695
0.09997561570348695
0.09997561570348695
0.09997561570348695
0.09997561570348695
0.09997561570348695
0.09997561570348695
0.09997561570348695
0.09997561570348695
0.09997561570348695
0.09997561570348695
0.09997561570348695
0.09997561570348695
0.09997561570348695
0.09997561570348695
0.09997561570348695
0.09997561570348695
0.09997561570348695
0.09997561570348695
0.09997561570348695
0.09997561570348695
0.09997561570348695
0.09997561570348695
0.09997561570348695
0.09997561570348695
0.09997561570348695
0.09997561570348695
0.09997561570348695
0.09997561570348695
0.09997561570348695
0.09997561570348695
0.09997561570348695
0.09997561570348695
0.09997561570348695
0.09997561570348695
0.09997561570348695
0.09997561570348695
0.09997561570348695
0.6595120285794762
0.6517565514968433
0.6440010744142104
0.6362455973315775
0.6284901202489446
0.6207346431663117
0.6129791660836788
0.6052236890010458
0.5974682119184129
0.6568388270668382
0.6490833499842052
0.5765681593192564
0.568861358043165
0.55596143790612
0.5407152023057822
0.5224381506015263
0.5032754566261255
0.4834288612510585
0.4622212646852351
0.4400947508691622
0.41697284459961487
0.3930401110833443
0.36850860856594575
0.34350791690250587
0.3179402989349824
0.2915249791796592
0.2637463296543356
0.2339157476431823
0.20158411843766294
0.16696604926636088
0.13132667367348455
0.09714831189325651
0.06750526021247788
0.044773389309592015
0.029637077137025958
0.02119512847683941
0.017578313408553592
0.0167613495240459
0.01727578442930694
0.018273736709355892
0.019253233373938305
0.019990999608823168
0.02053344738042856
0.020940992402108838
0.02123900618931923
0.02151230466946158
0.021826108350780193
0.02217930762981929
0.022557654892818968
0.02294748213762471
0.023342075693508713
0.02376074276104706
0.024221582512768014
0.024718551115547827
0.02523981398015257
0.025776187489594926
0.02631918812604489
0.02686654519441095
0.02742351647406499
0.027997150715938834
0.02857835512191803
0.02914226324788899
0.0296737073503896
0.030171434208264125
0.030636015851088716
0.031076924172215692
0.031514863639856505
0.03195877093465066
0.03240603023807903
0.03285604162815309
0.03330548530077987
0.03374307956216288
0.03415522286958289
0.034547225554000194
0.034919493949158775
0.03526438783838998
0.03559212597808198
0.03591595815943677
0.0362774801544829
0.0367006474044595
0.03709475865112649
0.0374793905078214
0.03786437041185481
0.0382378035720396
0.03867736339625866
0.03914729518996912
0.03960652396005576
0.04004004944429024
0.04043022089644838
0.040774128490932815
0.041083295631758554
0.041372243196738656
0.04165763384405213
0.041955897877563986
0.042282555217317996
0.04265184355787216
0.04306085315029845
0.04347968072723368
0.04387031882014364
0.044211775981490786
0.04449777435882746
0.0447341305504127
0.04494887614081117
0.04518827203862047
0.04548363752361645
0.04583101281627039
0.04621475804184699
0.04662761833499246
0.04705853395618481
0.047487316677229996
0.04790489858441743
0.04831505875180925
0.04872099037446048
0.049122612444846
0.04951922518036861
0.04991087074642658
0.050297636556030534
0.05067960812324429
0.051056869024120155
0.051429500950745444
0.05179758376349625
0.05216119554156501
0.05252041263182855
0.05287530969612403
0.05322595975698702
0.05357243424191255
0.05391480302619639
0.054253134474405884
0.05458749548053449
0.05491795150688622
0.0552445666217371
0.05556740353581885
0.055886523637667496
0.05620198702787954
0.056513852552310284
0.05682217783425608
0.057127019305656945
0.05742843223734967
0.05772647076841236
0.058021187934623464
0.05831263569607342
0.05860086496395395
0.05888592562655498
0.05916786657449874
0.05944673572522946
0.05972258004679348
0.05999544558092745
0.060265377465484826
0.06053241995697073
0.060796616561272054
0.06105802610557104
0.0613190990016132
0.061940194980347765
0.06243023537820943