0.09997561570348695
0.09997561570348695
0.09997561570348695
0.09997561570348695
0.09997561570348695
0.09997561570348695
0.09997561570348695
0.09997561570348695
0.09997561570348695
0.09997561570348695
0.09997561570348695
0.09997561570348695
0.09997561570348695
0.09997561570348695
0.09997561570348695
0.09997561570348695
0.09997561570348695
0.09997561570348695
0.09997561570348695
0.09997561570348695
0.09997561570348695
0.09997561570348695
0.09997561570348695
0.09997561570348695
0.09997561570348695
0.09997561570348695
0.09997561570348695
0.09997561570348695
0.09997561570348695
0.09997561570348695
0.09997561570348695
0.09997561570348695
0.09997561570348695
0.09997561570348695
0.09997561570348695
0.09997561570348695
0.09997561570348695
0.09997561570348695
0.09997561570348695
0.09997561570348695
0.09997561570348695
0.09997561570348695
0.09997561570348695
0.09997561570348695
0.09997561570348695
0.09997561570348695
0.09997561570348695
0.09997561570348695
0.09997561570348695
0.09997561570348695
0.09997561570348695
0.09997561570348695
0.09997561570348695
0.09997561570348695
0.09997561570348695
0.09997561570348695
0.09997561570348695
0.09997561570348695
0.09997561570348695
0.09997561570348695
0.09997561570348695
0.09997561570348695
0.09997561570348695
0.09997561570348695
0.09997561570348695
0.09997561570348695
0.09997561570348695
0.09997561570348695
0.09997561570348695
0.09997561570348695
0.09997561570348695
0.09997561570348695
0.09997561570348695
0.09997561570348695
0.09997561570348695
0.09997561570348695
0.09997561570348695
0.09997561570348695
0.09997561570348695
0.09997561570348695
0.09997561570348695
0.09997561570348695
0.09997561570348695
0.09997561570348695
0.09997561570348695
0.09997561570348695
0.09997561570348695
0.09997561570348695
0.09997561570348695
0.09997561570348695
0.09997561570348695
0.09997561570348695
0.09997561570348695
0.09997561570348695
0.09997561570348695
0.09997561570348695
0.09997561570348695
0.09997561570348695
0.09997561570348695
0.6590957247469702
0.6584986990244575
0.6579016733019447
0.6573046475794322
0.6567076218569194
0.6561105961344067
0.655513570411894
0.6549165446893812
0.6543195189668685
0.6537224932443557
0.653125467521843
0.6525284417993302
0.6519314160768175
0.6595257008653688
0.658928675142856
0.6407143720084361
0.6216469558466498
0.6019618890326772
0.5808888767438147
0.5587985678642433
0.5355336987039945
0.5112402049351117
0.486063780871897
0.46007805506099325
0.43320023528649804
0.4052039551801582
0.3756225229452758
0.3437800073008865
0.30910271601815426
0.2714330514964169
0.2314326477359407
0.19100271045381406
0.15305283349555626
0.1204480463409549
0.09491937308844606
0.07663913243656756
0.06444614957918965
0.05654655880823073
0.05135200379550969
0.04771093950889188
0.04477777469266714
0.04209618098121565
0.039551270658661986
0.0370974029075421
0.034695434178498574
0.03242415874153298
0.03035000754534728
0.0284481137198051
0.02669157577477671
0.02506425773026505
0.023557465904931296
0.022186257873391513
0.020971776671036613
0.01990955960334645
0.018978838746794346
0.018155907443053676
0.017431957863237313
0.016810418075261013
0.016287048137831606
0.01587170845917768
0.015558919073308919
0.015301351439065358
0.01507009476374671
0.014852929332748788
0.014633900277489287
0.014427082309446726
0.014259754602431618
0.014141548190285513
0.014072059327472297
0.014055798854960277
0.01408820499011515
0.014147126644777186
0.014209522388488549
0.014263284888630545
0.014304582939593524
0.014333737938905633
0.014361366592708646
0.014404823100828634
0.014527424784704868
0.014772240600745279
0.015007729361242228
0.015096784996695811
0.015045798398877375
0.014992015066742359
0.015063219814075823
0.01521797142159137
0.015399447661637422
0.015583020869451347
0.015731242316583793
0.015831812454102978
0.01589293837634148
0.01592959416536871
0.015964719342606626
0.01602388692799467
0.016133528518918305
0.01632061939217383
0.016587080650314723
0.01689313431036016
0.01717875316291767
0.017403599019957416
0.017551079534628256
0.017623094416749863
0.017657868163753976
0.017724219397952934
0.017875341995813476
0.01811539148975244
0.018424381325167827
0.018791796835271712
0.019204798529431633
0.01963241065074811
0.02005500914631314
0.020475055340912485
0.020896457527101953
0.02131923660452001
0.021742496477842932
0.022165698681073154
0.022610041051346508
0.023076690394525146
0.023545302217740482
0.02401544781373971
0.024486723484567763
0.024958749612872866
0.025431169740119886
0.025903649654220595
0.02637587648886347
0.02684755783660625
0.02731842087758002
0.027788211525456796
0.028256693592146165
0.028723647972501654
0.02918887185014979
0.02965217792539926
0.030113393666039323
0.03057236058169449
0.031028933522279034
0.03148298000098032
0.0319343795420845
0.03238302305386481
0.03282881222666839
0.0332716589562469
0.0337114847923114
0.034148220412228925
0.03458180511972214
0.03501218636838471
0.035439319309783224
0.03586316636588455
0.03628369682552618
0.03670088646473507
0.0371147172007768
0.0375251776785363
0.03793234481021107
0.038343747029148056
0.039444065237258345
0.04033576163593293