0.09997561570348695
0.09997561570348695
0.09997561570348695
0.09997561570348695
0.09997561570348695
0.09997561570348695
0.09997561570348695
0.09997561570348695
0.09997561570348695
0.09997561570348695
0.09997561570348695
0.09997561570348695
0.09997561570348695
0.09997561570348695
0.09997561570348695
0.09997561570348695
0.09997561570348695
0.09997561570348695
0.09997561570348695
0.09997561570348695
0.09997561570348695
0.09997561570348695
0.09997561570348695
0.09997561570348695
0.09997561570348695
0.09997561570348695
0.09997561570348695
0.09997561570348695
0.09997561570348695
0.09997561570348695
0.09997561570348695
0.09997561570348695
0.09997561570348695
0.09997561570348695
0.09997561570348695
0.09997561570348695
0.09997561570348695
0.09997561570348695
0.09997561570348695
0.09997561570348695
0.09997561570348695
0.09997561570348695
0.09997561570348695
0.09997561570348695
0.09997561570348695
0.09997561570348695
0.09997561570348695
0.09997561570348695
0.09997561570348695
0.09997561570348695
0.09997561570348695
0.09997561570348695
0.09997561570348695
0.09997561570348695
0.09997561570348695
0.09997561570348695
0.09997561570348695
0.09997561570348695
0.09997561570348695
0.09997561570348695
0.09997561570348695
0.09997561570348695
0.09997561570348695
0.09997561570348695
0.09997561570348695
0.09997561570348695
0.09997561570348695
0.09997561570348695
0.09997561570348695
0.09997561570348695
0.09997561570348695
0.09997561570348695
0.09997561570348695
0.09997561570348695
0.09997561570348695
0.09997561570348695
0.09997561570348695
0.09997561570348695
0.09997561570348695
0.09997561570348695
0.09997561570348695
0.09997561570348695
0.09997561570348695
0.09997561570348695
0.09997561570348695
0.09997561570348695
0.09997561570348695
0.09997561570348695
0.09997561570348695
0.09997561570348695
0.09997561570348695
0.09997561570348695
0.09997561570348695
0.09997561570348695
0.09997561570348695
0.09997561570348695
0.09997561570348695
0.09997561570348695
0.6530123566982422
0.6442356810692227
0.6354590054402034
0.6266823298111839
0.6179056541821644
0.6091289785531449
0.6003523029241253
0.591575627295106
0.5827989516660865
0.574022276037067
0.6401428502463764
0.6313661746173569
0.5507044074055084
0.542951215671115
0.5297940114732449
0.5143418467277991
0.49539185257865787
0.47558290086599103
0.4555319903550686
0.434245990765786
0.4121838330495607
0.3891756856723709
0.3654491069585452
0.34123354966602776
0.3166977373352559
0.29192802460582773
0.26688369333078427
0.24128190407320144
0.2146492538406099
0.18655487571908286
0.15682674750081466
0.12592476646631162
0.0953202424406196
0.06732038759374598
0.044341888440640964
0.027892095178080056
0.018051895114815364
0.013609123718591742
0.012691184678238654
0.013642432657710424
0.01534081272619442
0.017072077434807598
0.01851508557365239
0.019664614329799546
0.02056283115204488
0.021267164430921637
0.02189459427666479
0.022510067783004517
0.023114172867775673
0.023707524078580844
0.024289930084383238
0.024864984708710514
0.025450301635490058
0.02605921678680273
0.026686395351864733
0.02731976148119125
0.027953226234114614
0.02858302028410037
0.02920848371397916
0.029835899314457348
0.030472111218298126
0.031106729780569553
0.03171608112572283
0.03228695486528993
0.032817989123546665
0.03330930731233378
0.03377152302518999
0.03423562552335063
0.0347115394169219
0.03518831955653784
0.03566554724146925
0.03614024326009163
0.03660195824743123
0.037038011879485244
0.037443555449142296
0.03781890207196742
0.038166797425609855
0.03849709842991572
0.038822380446007665
0.039181879051768786
0.03959786256576642
0.0399846023096288
0.04036793053063542
0.04075730091470037
0.04113466700518259
0.04157291614878561
0.04203776234208639
0.04249054690324122
0.0429173204431747
0.043301770564059205
0.04364156840388839
0.04394793101124156
0.04423478601353942
0.044517982752940666
0.0448130290896635
0.04513449164797739
0.04549564629446573
0.045893566047270296
0.046299973837843955
0.04667915337183132
0.04701157672547124
0.04729161263534948
0.04752502630771399
0.04773845453387787
0.047975577105635325
0.048265827157495556
0.04860534085503726
0.0489778839810015
0.049375043452529466
0.04978659130929003
0.05019431487208598
0.050590160706666276
0.05097762997616412
0.051359653646926906
0.051736852294106794
0.05210931127364654
0.05247711401664329
0.052840342253612727
0.05319907594585066
0.05355339324810465
0.05390337055876809
0.05424908256841604
0.05459060230674412
0.05492800118797353
0.05526134905478125
0.055590714220808246
0.05591616351180034
0.05623776230543415
0.05655557456987731
0.056869662901123996
0.05718008855915707
0.05748691150298052
0.057790190424555854
0.05808998278168692
0.058386344829894854
0.05867933165331157
0.05896899719463006
0.05925539428414689
0.05953857466792373
0.059818589035105896
0.060095487044423856
0.06036931734990153
0.06064012762580434
0.0609079645908554
0.0611728740317376
0.06143490082590647
0.06169408896374756
0.06195048157008992
0.06220412092510047
0.062455048485127784
0.0627033049867371
0.06294894360484088
0.06319409903975609
0.0637722743522294
0.06422746730876372