0.09997561570348695
0.09997561570348695
0.09997561570348695
0.09997561570348695
0.09997561570348695
0.09997561570348695
0.09997561570348695
0.09997561570348695
0.09997561570348695
0.09997561570348695
0.09997561570348695
0.09997561570348695
0.09997561570348695
0.09997561570348695
0.09997561570348695
0.09997561570348695
0.09997561570348695
0.09997561570348695
0.09997561570348695
0.09997561570348695
0.09997561570348695
0.09997561570348695
0.09997561570348695
0.09997561570348695
0.09997561570348695
0.09997561570348695
0.09997561570348695
0.09997561570348695
0.09997561570348695
0.09997561570348695
0.09997561570348695
0.09997561570348695
0.09997561570348695
0.09997561570348695
0.09997561570348695
0.09997561570348695
0.09997561570348695
0.09997561570348695
0.09997561570348695
0.09997561570348695
0.09997561570348695
0.09997561570348695
0.09997561570348695
0.09997561570348695
0.09997561570348695
0.09997561570348695
0.09997561570348695
0.09997561570348695
0.09997561570348695
0.09997561570348695
0.09997561570348695
0.09997561570348695
0.09997561570348695
0.09997561570348695
0.09997561570348695
0.09997561570348695
0.09997561570348695
0.09997561570348695
0.09997561570348695
0.09997561570348695
0.09997561570348695
0.09997561570348695
0.09997561570348695
0.09997561570348695
0.09997561570348695
0.09997561570348695
0.09997561570348695
0.09997561570348695
0.09997561570348695
0.09997561570348695
0.09997561570348695
0.09997561570348695
0.09997561570348695
0.09997561570348695
0.09997561570348695
0.09997561570348695
0.09997561570348695
0.09997561570348695
0.09997561570348695
0.09997561570348695
0.09997561570348695
0.09997561570348695
0.09997561570348695
0.09997561570348695
0.09997561570348695
0.09997561570348695
0.09997561570348695
0.09997561570348695
0.09997561570348695
0.09997561570348695
0.09997561570348695
0.09997561570348695
0.09997561570348695
0.09997561570348695
0.09997561570348695
0.9169953834180435
0.9198469244219725
0.9204298478824051
0.9175154033550577
0.9046280426293014
0.896183053548463
0.897896082349599
0.8973129758643927
0.895945028377221
0.8917546948544925
0.8804189491294085
0.8595703124244345
0.8315527551436532
0.7907252443396215
0.698527272917064
0.6309637837782234
0.6236350324118001
0.6107294794804612
0.5954687161924586
0.5766043032028705
0.5569074250474977
0.5371147968269552
0.5160752563440807
0.49418430877101654
0.4712226357898443
0.4473754481652578
0.422801895260497
0.39761748981534856
0.37188507158602574
0.3455676609765214
0.3184301380138607
0.2900424437900139
0.25991622510450746
0.227682127449581
0.19344058225746358
0.15821095544127667
0.12401252475602859
0.0933849606999661
0.06849648109431955
0.05037194883330559
0.03856708062109199
0.031600260459434926
0.02783554010639472
0.02592804947689137
0.02484600154639821
0.0239680674126847
0.023104721538699413
0.022200920813648606
0.02124340186079582
0.020320487605414994
0.019503571512454465
0.018786088806523382
0.018158330431171377
0.01761488049575405
0.01714468004827413
0.01676449940684538
0.016490995741090975
0.016313884140574275
0.01621298178706926
0.01617749116535222
0.01620068096605015
0.016278376490515833
0.01641452720126496
0.016616385482286
0.016868797982125316
0.017132620987338087
0.017386739974602106
0.017629018945903796
0.017852752579223308
0.018065444629794702
0.018294286648653235
0.01855173569745977
0.018837103807441247
0.019149676385945058
0.01948263430496805
0.01982249078969861
0.020149297223716667
0.02045179596152863
0.02072826555083912
0.020981655427744828
0.021223781685557996
0.021470048401291242
0.021773720831301302
0.02216783071595424
0.022537614243810677
0.02284555446005404
0.02310433731445366
0.023357363517894247
0.02370552005604759
0.024109711105423093
0.02451733911907711
0.024908321795215682
0.025258018310430008
0.02555567430724176
0.025811329889934898
0.026041688736701152
0.02626697315364307
0.026508100405412127
0.026785535919654657
0.027118864069919757
0.027506275941864666
0.027932275696214537
0.02834900471517393
0.02870745186342688
0.028997260365693334
0.029223698207103188
0.029421395315401833
0.029649948729316866
0.029951257043643265
0.03032194461823806
0.030742930763278886
0.03120551621878004
0.0316958603926078
0.03218775900335341
0.03266892182533482
0.03314376291930404
0.03361607026072061
0.03408637846847856
0.03455447786268934
0.03502017796495721
0.03548330677737471
0.03594370968225741
0.03640124842727438
0.03685580028196739
0.037307257238258396
0.037755525255436184
0.03820052355000397
0.03864218393069313
0.03908045017888101
0.03951527747460831
0.03994663186834829
0.04037448979868058
0.040798837656024156
0.04121967139258581
0.04163699617873101
0.04205082610602501
0.04246118393724613
0.042868100903416584
0.043271616517192635
0.043671775538529134
0.0440683554276981
0.044460795252237284
0.04484881497073262
0.04523248464329738
0.04561187289313201
0.04598704694281158
0.04635807264947983
0.046725014538988974
0.047087935839026096
0.04744689851125544
0.04780196328251568
0.04815318967512899
0.048500636039345346
0.04884435992240638
0.0491844565194412
0.04952544041300916
0.05038126963004334
0.051065273064112925