-0.049987807851743477
-0.049987807851743477
-0.049987807851743477
-0.049987807851743477
-0.049987807851743477
-0.049987807851743477
-0.049987807851743477
-0.049987807851743477
-0.049987807851743477
-0.049987807851743477
-0.049987807851743477
-0.049987807851743477
-0.049987807851743477
-0.049987807851743477
-0.049987807851743477
-0.049987807851743477
-0.049987807851743477
-0.049987807851743477
-0.049987807851743477
-0.049987807851743477
-0.049987807851743477
-0.049987807851743477
-0.049987807851743477
-0.049987807851743477
-0.049987807851743477
-0.049987807851743477
-0.049987807851743477
-0.049987807851743477
-0.049987807851743477
-0.049987807851743477
-0.049987807851743477
-0.049987807851743477
-0.049987807851743477
-0.049987807851743477
-0.049987807851743477
-0.049987807851743477
-0.049987807851743477
-0.049987807851743477
-0.049987807851743477
-0.049987807851743477
-0.049987807851743477
-0.049987807851743477
-0.049987807851743477
-0.049987807851743477
-0.049987807851743477
-0.049987807851743477
-0.049987807851743477
-0.049987807851743477
-0.049987807851743477
-0.049987807851743477
-0.049987807851743477
-0.049987807851743477
-0.049987807851743477
-0.049987807851743477
-0.049987807851743477
-0.049987807851743477
-0.049987807851743477
-0.049987807851743477
-0.049987807851743477
-0.049987807851743477
-0.049987807851743477
-0.049987807851743477
-0.049987807851743477
-0.049987807851743477
-0.049987807851743477
-0.049987807851743477
-0.049987807851743477
-0.049987807851743477
-0.049987807851743477
-0.049987807851743477
-0.049987807851743477
-0.049987807851743477
-0.049987807851743477
-0.049987807851743477
-0.049987807851743477
-0.049987807851743477
-0.049987807851743477
-0.049987807851743477
-0.049987807851743477
-0.049987807851743477
-0.049987807851743477
-0.049987807851743477
-0.049987807851743477
-0.049987807851743477
-0.049987807851743477
-0.049987807851743477
-0.049987807851743477
-0.049987807851743477
-0.049987807851743477
-0.049987807851743477
-0.049987807851743477
-0.049987807851743477
-0.049987807851743477
-0.049987807851743477
-0.049987807851743477
-0.049987807851743477
-0.049987807851743477
-0.049987807851743477
-0.049987807851743477
-0.049987807851743477
-0.049987807851743477
-0.049987807851743477
-0.049987807851743477
-0.049987807851743477
-0.049987807851743477
-0.049987807851743477
-0.049987807851743477
-0.049987807851743477
-0.049987807851743477
-0.049987807851743477
-0.049987807851743477
0.03824687896466697
0.11301187229848003
0.08263270135771394
0.04883409351202808
0.015899395418319612
-0.013643725910839594
-0.037585277126627376
-0.05600306233342642
-0.06974121304573264
-0.07911816126877144
-0.08443853072055715
-0.08615998677856782
-0.08491657075721312
-0.08186297307175547
-0.07822063906827156
-0.07479629433023002
-0.07193210050073981
-0.06959517362320564
-0.06767631997566534
-0.06609460006715381
-0.06477868131580508
-0.063651061915555
-0.06265974801354265
-0.0617862314501498
-0.061032192429433224
-0.06040067505662303
-0.059876398032972816
-0.059437022697109904
-0.05907411926923342
-0.058779487446163764
-0.05853438907475536
-0.0583252235610425
-0.05814425994419589
-0.05798116065607492
-0.05782876468638817
-0.05768626505745186
-0.05755388111929924
-0.0574309581727723
-0.057316302931221114
-0.05720744802234898
-0.05710212815922852
-0.057000156088115234
-0.05690229597864602
-0.05680871398562856
-0.056719207927397236
-0.05663342434912974
-0.05655053999778745
-0.056469650306452984
-0.0563913933958142
-0.056317612274693535
-0.056249052876554434
-0.05618548258136388
-0.05612666419063969
-0.05607145911036279
-0.056017930447372216
-0.055965146134436566
-0.05591309175591472
-0.05586175358991505
-0.05581134514065764
-0.05576275376391934
-0.055717058113486456
-0.055674615387188514
-0.05563532156459591
-0.05559886759997387
-0.05556431176713647
-0.055530521950342554
-0.055493929052326835
-0.055452465550036106
-0.055414040310093754
-0.05537523410847631
-0.055335033274507034
-0.0552962243143815
-0.05525235781231472
-0.05520655531330251
-0.05516222941748958
-0.05512056235996396
-0.055082934315988624
-0.055049478243977185
-0.055019136236031024
-0.054990634474646666
-0.05496254957774968
-0.05493351330785942
-0.054902259858840424
-0.0548676423780243
-0.054829943668169595
-0.05479168073102644
-0.0547560094672814
-0.054724624368671176
-0.054697981769850273
-0.054675539410160096
-0.05465492255681778
-0.05463225660394319
-0.054604947541412735
-0.054573373963559185
-0.05453888710762775
-0.05450211492338439
-0.054463991388131267
-0.05442621282590962
-0.05438953564666835
-0.05435363516763167
-0.05431823800915178
-0.054283286355955224
-0.05424877242543277
-0.05421468860645892
-0.05418102743873285
-0.05414778161951303
-0.05411494400747682
-0.05408250761837771
-0.05405046562084201
-0.05401881133229877
-0.053987538215034964
-0.053956639872375395
-0.053926110044981684
-0.05389594260726224
-0.05386613156389594
-0.053836671046461476
-0.0538075553101702
-0.053778778730696225
-0.05375033580110064
-0.05372222112885436
-0.05369442943294353
-0.053666955541062905
-0.05363979438689445
-0.053612941007465026
-0.053586390540580425
-0.053560138222334935
-0.053534179384695485
-0.053508509453151526
-0.05348312394443597
-0.053458018464311835
-0.05343318870541933
-0.05340863044518682
-0.05338433954380048
-0.05336031194222987
-0.053336543660307684
-0.05331303079486813
-0.053289769517934155
-0.05326675607494821
-0.05324398677557604
-0.0532214453511157
-0.05317752905161703
-0.05314483010499782