0.09997561570348695
0.09997561570348695
0.09997561570348695
0.09997561570348695
0.09997561570348695
0.09997561570348695
0.09997561570348695
0.09997561570348695
0.09997561570348695
0.09997561570348695
0.09997561570348695
0.09997561570348695
0.09997561570348695
0.09997561570348695
0.09997561570348695
0.09997561570348695
0.09997561570348695
0.09997561570348695
0.09997561570348695
0.09997561570348695
0.09997561570348695
0.09997561570348695
0.09997561570348695
0.09997561570348695
0.09997561570348695
0.09997561570348695
0.09997561570348695
0.09997561570348695
0.09997561570348695
0.09997561570348695
0.09997561570348695
0.09997561570348695
0.09997561570348695
0.09997561570348695
0.09997561570348695
0.09997561570348695
0.09997561570348695
0.09997561570348695
0.09997561570348695
0.09997561570348695
0.09997561570348695
0.09997561570348695
0.09997561570348695
0.09997561570348695
0.09997561570348695
0.09997561570348695
0.09997561570348695
0.09997561570348695
0.09997561570348695
0.09997561570348695
0.09997561570348695
0.09997561570348695
0.09997561570348695
0.09997561570348695
0.09997561570348695
0.09997561570348695
0.09997561570348695
0.09997561570348695
0.09997561570348695
0.09997561570348695
0.09997561570348695
0.09997561570348695
0.09997561570348695
0.09997561570348695
0.09997561570348695
0.09997561570348695
0.09997561570348695
0.09997561570348695
0.09997561570348695
0.09997561570348695
0.09997561570348695
0.09997561570348695
0.09997561570348695
0.09997561570348695
0.09997561570348695
0.09997561570348695
0.09997561570348695
0.09997561570348695
0.09997561570348695
0.09997561570348695
0.09997561570348695
0.09997561570348695
0.09997561570348695
0.09997561570348695
0.09997561570348695
0.09997561570348695
0.09997561570348695
0.09997561570348695
0.09997561570348695
0.09997561570348695
0.09997561570348695
0.09997561570348695
0.09997561570348695
0.09997561570348695
0.09997561570348695
0.884760498863977
0.8884193103380411
0.8890253400554078
0.8867550171958292
0.874016674038907
0.8650342713962802
0.866691135532198
0.8661307529013442
0.8650473393419986
0.8614903034633903
0.8510262264183692
0.8312314049207663
0.8047746270564673
0.7655111862452377
0.66635131157857
0.5914476538824298
0.5843463782405893
0.5716397421567623
0.5563096621765826
0.5368950520172537
0.5168804998214289
0.4971186119007552
0.476197841207946
0.4545453502669708
0.43192003892368785
0.4085215339431219
0.38449986545933973
0.35997910914786807
0.3350762075292126
0.30984348317985283
0.2841462964133747
0.25765012613767596
0.22994734503014275
0.20065173619453208
0.16971635119687728
0.13784437609448158
0.1066683151919367
0.07845196315063879
0.05535233537807932
0.038625467056568386
0.028095548066239207
0.02242548007611539
0.019988297725338666
0.019384796777097646
0.019519186559739887
0.019754101368270438
0.01989661539074955
0.019895125077631748
0.019762212424990933
0.01960156977644084
0.019482923378839112
0.019407477170128862
0.0193687733810321
0.019366394245219742
0.019401855487960196
0.019492861312383203
0.019653208378180798
0.019879424123894596
0.02015483998566786
0.020466714917741713
0.02080765780287125
0.021174363841293287
0.02157078235405624
0.022003713134200298
0.02246169021233463
0.022916757266897514
0.023352213879782757
0.02376276396074667
0.024143895141568394
0.024506022867053223
0.024871665579442703
0.02525183917159829
0.025645872823055915
0.026053056905697536
0.026469628696751124
0.02688271925275737
0.027276369450161597
0.027642595608155796
0.027980733835037463
0.028294206693524726
0.028594116347526677
0.02889426815494639
0.029240633515853653
0.029660100727570027
0.030050598964129482
0.03040733653901112
0.030739386133607327
0.031057138113533556
0.03144954203187783
0.03189966440475439
0.032362801250274964
0.03280165785958283
0.03319537203121875
0.03353952951350386
0.03384623605735143
0.034131317015358265
0.03441331071658554
0.03471085589626893
0.035041819572200816
0.03542288001581667
0.035851397812688146
0.03629383540133929
0.036706852109014976
0.037065947889748097
0.037363214400066125
0.037604471497663494
0.03782096421771092
0.03806508481396026
0.03837281479043314
0.0387402250907129
0.039149928514166044
0.03959388544031078
0.04005965942192086
0.040524274910485436
0.040977218732360876
0.04142258000418936
0.041863830388340906
0.04230157193003231
0.042735750320290256
0.04316632423032146
0.04359326493227561
0.04401655561217538
0.044436190782218554
0.04485217586552087
0.045264526841613806
0.04567326995319915
0.046078441474086185
0.04648008747498794
0.046878257664574485
0.04727243907501494
0.047662033729486575
0.048047019645833744
0.04842747352615978
0.04880347042138572
0.04917508377499663
0.04954238546541395
0.04990544584703377
0.05026433378998435
0.05061911671865177
0.05096986064901449
0.05131663022482952
0.051659488752711924
0.05199849823615027
0.05233371940849002
0.05266521176492395
0.05299303359352597
0.053317242005358645
0.053637892963687095
0.053955041312331475
0.054268740803187165
0.05457904412294029
0.05488600291901763
0.055189667826263944
0.05549008868152233
0.0557873390632046
0.05608471121384001
0.056809511651291805
0.05738478471288466