0.1999512314069739
0.1999512314069739
0.1999512314069739
0.1999512314069739
0.1999512314069739
0.1999512314069739
0.1999512314069739
0.1999512314069739
0.1999512314069739
0.1999512314069739
0.1999512314069739
0.1999512314069739
0.1999512314069739
0.1999512314069739
0.1999512314069739
0.1999512314069739
0.1999512314069739
0.1999512314069739
0.1999512314069739
0.1999512314069739
0.1999512314069739
0.1999512314069739
0.1999512314069739
0.1999512314069739
0.1999512314069739
0.1999512314069739
0.1999512314069739
0.1999512314069739
0.1999512314069739
0.1999512314069739
0.1999512314069739
0.1999512314069739
0.1999512314069739
0.1999512314069739
0.1999512314069739
0.1999512314069739
0.1999512314069739
0.1999512314069739
0.1999512314069739
0.1999512314069739
0.1999512314069739
0.1999512314069739
0.1999512314069739
0.1999512314069739
0.1999512314069739
0.1999512314069739
0.1999512314069739
0.1999512314069739
0.1999512314069739
0.1999512314069739
0.1999512314069739
0.1999512314069739
0.1999512314069739
0.1999512314069739
0.1999512314069739
0.1999512314069739
0.1999512314069739
0.1999512314069739
0.1999512314069739
0.1999512314069739
0.1999512314069739
0.1999512314069739
0.1999512314069739
0.1999512314069739
0.1999512314069739
0.1999512314069739
0.1999512314069739
0.1999512314069739
0.1999512314069739
0.1999512314069739
0.1999512314069739
0.1999512314069739
0.1999512314069739
0.1999512314069739
0.1999512314069739
0.1999512314069739
0.1999512314069739
0.1999512314069739
0.1999512314069739
0.1999512314069739
0.1999512314069739
0.1999512314069739
0.1999512314069739
0.1999512314069739
0.1999512314069739
0.1999512314069739
0.1999512314069739
0.1999512314069739
0.1999512314069739
0.1999512314069739
0.1999512314069739
0.1999512314069739
0.6334200405792142
1.060543204878718
1.0438293913428733
1.0342363937174897
1.0358094811319254
1.0363897438196843
1.0330404567068578
1.0251180425050732
1.0216070198799976
1.0229018897353281
1.0214600106371194
1.0171482428867664
1.0095657686964077
0.9965645034185884
0.9764975619854546
0.9501023247615498
0.9121611270277964
0.804935668564743
0.7220631960298878
0.7169041189910795
0.7041136587742272
0.6885490472636103
0.6687765859894633
0.6484226762110957
0.628461135831046
0.6074440882186602
0.5857548085662482
0.563130318445347
0.5397482715974864
0.5157109309193019
0.4911038406523133
0.46604535090420407
0.440603323498176
0.4146850808327064
0.38801544898317897
0.36022743591455353
0.3309152542731776
0.2998793809950614
0.26754211487424284
0.2351786669421999
0.20481597618872172
0.17867895856524674
0.15839716858109265
0.14431019714577953
0.1354923538351035
0.13051578746749193
0.12793998251582328
0.12653101392730048
0.1255311652442218
0.12461689217494054
0.12364721544515545
0.12259296671479747
0.1215482726719167
0.12058791701622995
0.11971088449490919
0.11891046808572658
0.1181966494362986
0.11756750539795868
0.11703170621610004
0.11661012348106092
0.11629116027849828
0.11605498192388575
0.11589289632289057
0.11579479755002609
0.11575602763432735
0.11578028294832998
0.11587021252053009
0.11601277802439902
0.11617986705972105
0.11635169309561577
0.11651631051409683
0.11666265155872224
0.1168033943958221
0.11696340440018183
0.1171526767490273
0.11737319071548302
0.11762424494557233
0.11789890543615023
0.11818469797433229
0.11846237114925395
0.11872014943185316
0.11895601457317484
0.11917151243077073
0.11937724706609332
0.11958888534185153
0.1198612106097231
0.12022888054094671
0.12057536027084914
0.12084638844988482
0.12105095354385342
0.12124801249276673
0.12154670689312208
0.12190591451605381
0.12226914726770122
0.12261750913270253
0.12292497011339731
0.12318179780166749
0.12340001064339823
0.12359676674451714
0.12379313567043171
0.12401126563515541
0.12427308642895774
0.12459777142155104
0.12498203831102461
0.12538746525593802
0.12576234684276721
0.12607576069667947
0.12631589531845522
0.1264869908845373
0.12662414626665253
0.1268105300445862
0.12709184642394156
0.12744559826762225
0.12785250809076654
0.12830389175514412
0.1287856821001928
0.12927079534471086
0.12974635529981204
0.13021681072152835
0.13068601046987405
0.13115444414301736
0.13162183094163893
0.13208791092792127
0.13255244432101498
0.13301521038286468
0.13347600637594714
0.13393464668412125
0.13439096196481504
0.13484479833339058
0.13529601658037993
0.13574449142213652
0.13619011078534526
0.13663277512571603
0.1370723967810904
0.13750889935912347
0.13794221715962685
0.13837229463160738
0.138799085864992
0.13922255411700035
0.13964267137310482
0.14005941794251153
0.1404727820880901
0.14088275969069286
0.14128935394783404
0.14169257510671407
0.14209244023161183
0.1424889730057347
0.14288220356752557
0.1432721683700614
0.1436589089597965
0.14404236302034856
0.1444220656479399
0.14479766748775524
0.1451692308684719
0.14553681689327014
0.1459004854734277
0.14626029577653898
0.14661635147932894
0.14697372873418757
0.14788513582044693
0.14861627339601757