0.29992684711046086
0.29992684711046086
0.29992684711046086
0.29992684711046086
0.29992684711046086
0.29992684711046086
0.29992684711046086
0.29992684711046086
0.29992684711046086
0.29992684711046086
0.29992684711046086
0.29992684711046086
0.29992684711046086
0.29992684711046086
0.29992684711046086
0.29992684711046086
0.29992684711046086
0.29992684711046086
0.29992684711046086
0.29992684711046086
0.29992684711046086
0.29992684711046086
0.29992684711046086
0.29992684711046086
0.29992684711046086
0.29992684711046086
0.29992684711046086
0.29992684711046086
0.29992684711046086
0.29992684711046086
0.29992684711046086
0.29992684711046086
0.29992684711046086
0.29992684711046086
0.29992684711046086
0.29992684711046086
0.29992684711046086
0.29992684711046086
0.29992684711046086
0.29992684711046086
0.29992684711046086
0.29992684711046086
0.29992684711046086
0.29992684711046086
0.29992684711046086
0.29992684711046086
0.29992684711046086
0.29992684711046086
0.29992684711046086
0.29992684711046086
0.29992684711046086
0.29992684711046086
0.29992684711046086
0.29992684711046086
0.29992684711046086
0.29992684711046086
0.29992684711046086
0.29992684711046086
0.29992684711046086
0.29992684711046086
0.29992684711046086
0.29992684711046086
0.29992684711046086
0.29992684711046086
0.29992684711046086
0.29992684711046086
0.29992684711046086
0.29992684711046086
0.29992684711046086
0.29992684711046086
0.29992684711046086
0.29992684711046086
0.29992684711046086
0.29992684711046086
0.29992684711046086
0.29992684711046086
0.29992684711046086
0.29992684711046086
0.29992684711046086
0.29992684711046086
0.29992684711046086
0.29992684711046086
0.29992684711046086
0.29992684711046086
0.29992684711046086
0.29992684711046086
0.29992684711046086
0.29992684711046086
0.29992684711046086
0.29992684711046086
0.29992684711046086
0.7386946027669434
1.1716445099225423
1.1575467799951709
1.1421510303937192
1.137205050281036
1.14047985819703
1.1412719537385387
1.136464572762397
1.1268522598662458
1.1233576782708636
1.1249934180653651
1.1238353572548583
1.1191245216451917
1.10989631078144
1.095624774652314
1.0722415217019603
1.0262564672826924
0.9184499595501201
0.8391389842339934
0.8279215078191176
0.8131150966497505
0.8001008838772383
0.7844433637516128
0.7647294161303202
0.744141537353304
0.7238322337051208
0.7026824124072626
0.6809327886703025
0.6583372834072396
0.6350662707290398
0.6111966546182714
0.5868031354486967
0.562018933053871
0.5369367889967025
0.5115145518115207
0.48555038595771555
0.45874263558467604
0.4307084137138449
0.4011906165019437
0.3704216037140045
0.33935963918697404
0.309697445654535
0.2835109559861742
0.2625422630004253
0.2474359072290822
0.237615999687167
0.23187577963791056
0.2288157377183791
0.2271193410341737
0.2259482091300929
0.2249241068049262
0.2238594877425933
0.2227145053590312
0.22157648405460756
0.22050011483252502
0.21949776021456052
0.21857783395454772
0.2177363888926716
0.21697389549778362
0.21630746891541835
0.2157577532782245
0.21532252137317692
0.21498612678407297
0.21473498761595505
0.21455045539373724
0.2144242908029484
0.21436494167165449
0.21437504858303208
0.21444150604597773
0.21453558685234714
0.21463214505964495
0.21472546644272655
0.21481074957094687
0.2148933144409047
0.21499944628117912
0.21514036670201203
0.21531270529097074
0.21551847218700165
0.21575329065393883
0.21599898711261717
0.2162355544204762
0.21645327948078857
0.2166524730657658
0.21683452733698944
0.21700636786151
0.21718534825819297
0.217430434644389
0.21777907225437226
0.218109223102591
0.21834959800917525
0.2185101788948856
0.21866369298513116
0.2189207284162385
0.21924210914621717
0.21957209439676034
0.21988886460012164
0.220165110439915
0.220390109353452
0.22057561954169397
0.2207388793293486
0.22090133644325843
0.22108579494111585
0.2213150607812578
0.22161154194451776
0.22197484263497752
0.22236822830212227
0.2227366933123272
0.22304405817869705
0.2232776738024132
0.22344146267909687
0.22357104503945086
0.22372964261339173
0.22396271384050054
0.22426760239191595
0.22462480234659649
0.22504719081213437
0.2255221441792437
0.22600198158795842
0.22647325718879358
0.22694048106724535
0.22740758352846618
0.22787502551572453
0.22834247040211625
0.22880960365118846
0.2292761321648243
0.22974178319514565
0.23020630331925035
0.2306694575730795
0.23113102860815787
0.23159081587241986
0.23204863481616728
0.23250431612404815
0.2329577049738079
0.23340866032243374
0.23385705422019837
0.23430277115299863
0.23474570741329154
0.2351857704998464
0.2356228785464552
0.23605695977968183
0.23648795200567713
0.2369158021260363
0.23734046568264394
0.23776190643142564
0.23818009594490325
0.2385950132434374
0.23900664445504277
0.23941498250366672
0.23982002682582576
0.24022178311551717
0.24062026309735068
0.24101548432787184
0.24140747002508595
0.24179624892621893
0.24218185517200014
0.24256432804156064
0.24294369431964818
0.2433195300291729
0.24369148802445723
0.2440652628638425
0.24503510970927042
0.24581621197073356