0.4498902706656913
0.4498902706656913
0.4498902706656913
0.4498902706656913
0.4498902706656913
0.4498902706656913
0.4498902706656913
0.4498902706656913
0.4498902706656913
0.4498902706656913
0.4498902706656913
0.4498902706656913
0.4498902706656913
0.4498902706656913
0.4498902706656913
0.4498902706656913
0.4498902706656913
0.4498902706656913
0.4498902706656913
0.4498902706656913
0.4498902706656913
0.4498902706656913
0.4498902706656913
0.4498902706656913
0.4498902706656913
0.4498902706656913
0.4498902706656913
0.4498902706656913
0.4498902706656913
0.4498902706656913
0.4498902706656913
0.4498902706656913
0.4498902706656913
0.4498902706656913
0.4498902706656913
0.4498902706656913
0.4498902706656913
0.4498902706656913
0.4498902706656913
0.4498902706656913
0.4498902706656913
0.4498902706656913
0.4498902706656913
0.4498902706656913
0.4498902706656913
0.4498902706656913
0.4498902706656913
0.4498902706656913
0.4498902706656913
0.4498902706656913
0.4498902706656913
0.4498902706656913
0.4498902706656913
0.4498902706656913
0.4498902706656913
0.4498902706656913
0.4498902706656913
0.4498902706656913
0.4498902706656913
0.4498902706656913
0.4498902706656913
0.4498902706656913
0.4498902706656913
0.4498902706656913
0.4498902706656913
0.4498902706656913
0.4498902706656913
0.4498902706656913
0.4498902706656913
0.4498902706656913
0.4498902706656913
0.4498902706656913
0.4498902706656913
0.4498902706656913
0.4498902706656913
0.4498902706656913
0.4498902706656913
0.4498902706656913
0.4498902706656913
0.4498902706656913
0.4498902706656913
0.4498902706656913
0.4498902706656913
0.4498902706656913
0.4498902706656913
0.4498902706656913
0.4498902706656913
0.4498902706656913
0.4498902706656913
0.4498902706656913
0.4498902706656913
1.2550327494683136
1.242264272780543
1.2317875992393126
1.221646321672011
1.2173112511874997
1.2189148220393948
1.2198417626916953
1.2138887869658102
1.2026596433269428
1.1977776551507207
1.196059679861801
1.1922172840924716
1.1852043599830107
1.168712599785235
1.138308124666094
1.0893149340075166
1.0312420468744559
0.9840242568396196
0.9547906263200598
0.9355792608001666
0.9205146111358006
0.9071466480084441
0.8912999923850531
0.871499731202882
0.8505827353678771
0.8299026724107428
0.808595608358965
0.7867822440750867
0.7642855376035635
0.741291000626306
0.7178494634407644
0.6940529198454839
0.670054407249077
0.6459617213132529
0.6217854718594333
0.5974063793782283
0.5725829598466812
0.5469843256883637
0.5203639581308732
0.4928339897528715
0.465115063391619
0.43859186005318795
0.4150914490642754
0.3962514422540142
0.38280020777311274
0.3743749766874027
0.36987674742655385
0.3679586007735949
0.367365623670177
0.36722833020401047
0.3671405682228672
0.3669172921455901
0.36652554031704354
0.36606592376405067
0.3656127006271632
0.36518126448225696
0.3647815262189027
0.3644353051052216
0.3641494246438526
0.3639304206261136
0.36379304445659977
0.36373518331887955
0.36374271977554495
0.3638016880699284
0.36390573867396436
0.36405555571923265
0.36425502581929714
0.36450959761764357
0.3648006182360992
0.3650957673018487
0.36538029792869975
0.36564762166851206
0.3658918408601479
0.3661259785395752
0.36637413628849
0.36664587528861303
0.36694316801769644
0.36726542869035783
0.3676061008628555
0.3679509037280859
0.3682805738320709
0.3685856011557578
0.3688644817371325
0.369119073996407
0.3693609788229548
0.3696063766617692
0.3699072406558843
0.3702956925516421
0.37066074627409873
0.3709675409425037
0.3712255879437605
0.37147587920078773
0.37181878440410077
0.372215933648848
0.37261596939763186
0.37299718148472905
0.37333753429955485
0.37362875428376374
0.37387886295403194
0.37410434954278027
0.37432514185686805
0.37456183285047007
0.37483456946314164
0.37516263587420284
0.37554397144053486
0.37594179949053097
0.3763287310808827
0.3766778872100971
0.37695947376727346
0.3771786723012067
0.3773695987106962
0.3775910013330004
0.37788423130827575
0.37824603477171403
0.37865766749638685
0.37911062083818936
0.3795912984577685
0.38007384605990757
0.38054611505311287
0.38101246888698737
0.3814766597136614
0.381939220864586
0.3823999465510235
0.38285864776238543
0.38331515170132113
0.38376930083053096
0.3842209519913291
0.38466997567958283
0.3851162553525451
0.38555968676691044
0.386000177348335
0.38643764559258975
0.38687202049843594
0.38730324103226343
0.38773125562448274
0.38815602169762786
0.38857750522609513
0.3889956803274346
0.38941052888509264
0.38982204020251543
0.39023021068852937
0.3906350435739234
0.39103654865919935
0.39143474209347473
0.3918296461845736
0.39222128924037736
0.3926097054410833
0.39299493469596203
0.3933770179642593
0.3937555447889671
0.39413007957064017
0.3945006466263734
0.3948673051097813
0.3952301130336833
0.39558912729718254
0.39594440371201034
0.39629599703150187
0.396643961350329
0.3969883919041768
0.39733412822829073
0.3982256934520636
0.3989428712516705