0.5998536942209217
0.5998536942209217
0.5998536942209217
0.5998536942209217
0.5998536942209217
0.5998536942209217
0.5998536942209217
0.5998536942209217
0.5998536942209217
0.5998536942209217
0.5998536942209217
0.5998536942209217
0.5998536942209217
0.5998536942209217
0.5998536942209217
0.5998536942209217
0.5998536942209217
0.5998536942209217
0.5998536942209217
0.5998536942209217
0.5998536942209217
0.5998536942209217
0.5998536942209217
0.5998536942209217
0.5998536942209217
0.5998536942209217
0.5998536942209217
0.5998536942209217
0.5998536942209217
0.5998536942209217
0.5998536942209217
0.5998536942209217
0.5998536942209217
0.5998536942209217
0.5998536942209217
0.5998536942209217
0.5998536942209217
0.5998536942209217
0.5998536942209217
0.5998536942209217
0.5998536942209217
0.5998536942209217
0.5998536942209217
0.5998536942209217
0.5998536942209217
0.5998536942209217
0.5998536942209217
0.5998536942209217
0.5998536942209217
0.5998536942209217
0.5998536942209217
0.5998536942209217
0.5998536942209217
0.5998536942209217
0.5998536942209217
0.5998536942209217
0.5998536942209217
0.5998536942209217
0.5998536942209217
0.5998536942209217
0.5998536942209217
0.5998536942209217
0.5998536942209217
0.5998536942209217
0.5998536942209217
0.5998536942209217
0.5998536942209217
0.5998536942209217
0.5998536942209217
0.5998536942209217
0.5998536942209217
0.5998536942209217
0.5998536942209217
0.5998536942209217
0.5998536942209217
0.5998536942209217
0.5998536942209217
0.5998536942209217
0.5998536942209217
0.5998536942209217
0.5998536942209217
0.5998536942209217
0.5998536942209217
0.5998536942209217
0.5998536942209217
0.5998536942209217
0.5998536942209217
0.5998536942209217
0.5998536942209217
0.5998536942209217
1.4278346973055818
1.4140395239084333
1.4032929130223766
1.393804578459594
1.3855975989917222
1.383487116035976
1.3863560408674314
1.3874050320469151
1.3816528971038364
1.3728451465714069
1.3694066659905308
1.3619471323672685
1.352551535645369
1.3434231756092987
1.323157331921236
1.2890715401442883
1.2389497196100234
1.1827197397635456
1.1375580161725165
1.1090444775123194
1.0901036028046862
1.0751656133919631
1.0616657607365128
1.0458326473280415
1.0262148771230488
1.0052791391250988
0.9844909819197615
0.963175824457471
0.9413507124326012
0.9189278603705918
0.8960696404799046
0.8727971537822533
0.8491880715162973
0.825400983311347
0.8015357452869801
0.7776143245402848
0.7535705229581707
0.7292050972422127
0.7042145219375117
0.6783377932147329
0.6515871498899467
0.6244750086135341
0.5981505153082468
0.5742661271079982
0.554465647513611
0.5396909946551999
0.529848924040187
0.5240997774781332
0.52120669906514
0.5198714920657072
0.519197848351567
0.518705737223948
0.5181215270565646
0.5173910950757558
0.5166018058044083
0.5158194801421471
0.5150607464503812
0.5143404499788097
0.5136733666979026
0.5130658508813665
0.5125399185368856
0.5121181271549712
0.5117993840176976
0.5115671379700509
0.5114014384989353
0.5112927560783672
0.5112413754083082
0.5112457673625942
0.5113131800358702
0.5114354542630811
0.5115752080988757
0.5117132750615238
0.5118450761144763
0.511961999642146
0.5120752830154737
0.5122082522177457
0.5123710260693378
0.5125630250236234
0.5127863129793712
0.5130366557183482
0.5132962564556421
0.5135455985066587
0.5137752897885256
0.5139832253600948
0.5141709241941249
0.5143504280214871
0.5145390162795543
0.514792421685277
0.5151448380149556
0.5154754568772032
0.5157177152873237
0.5158818039754746
0.5160386672956255
0.5162996697409358
0.5166235525449451
0.5169528852954529
0.5172683089729692
0.517542956035174
0.5177664252956352
0.5179505658238198
0.5181126087276332
0.518273918931692
0.5184571498392972
0.5186849221292095
0.5189794256869612
0.5193401604614217
0.5197284888982293
0.5200917179779375
0.5203960625916043
0.5206271268142727
0.5207889375449223
0.5209170660983485
0.5210745330617607
0.5213066430790781
0.5216107969752818
0.5219672953532634
0.5223675523919332
0.5228186342259075
0.5232942529043566
0.5237614797121456
0.5242248343070127
0.5246882595376366
0.5251522325213372
0.5256164313248238
0.5260805539120718
0.5265443176287873
0.5270074582459957
0.5274697290610867
0.5279309001527196
0.5283907576530785
0.5288491030385002
0.5293057524393673
0.5297605359700489
0.5302132970795436
0.5306638919233754
0.531112188757208
0.5315580673525405
0.5320014184347738
0.5324421431438614
0.5328801525176946
0.5333153669983132
0.5337477159609781
0.5341771372661009
0.5346035768339844
0.5350269882423074
0.5354473323462422
0.5358645769210858
0.5362786963272802
0.5366896711976615
0.5370974881468028
0.5375021395022991
0.537903623057853
0.5383019418480389
0.5386971039446206
0.5390891222743331
0.5394780144580565
0.5398638026713997
0.5402465135329259
0.5406261786279783
0.541002895512055
0.5413829007482335
0.5423961111238192
0.5432169577471001