0.7499695196293586
0.7499695196293586
0.7499695196293586
0.7499695196293586
0.7499695196293586
0.7499695196293586
0.7499695196293586
0.7499695196293586
0.7499695196293586
0.7499695196293586
0.7499695196293586
0.7499695196293586
0.7499695196293586
0.7499695196293586
0.7499695196293586
0.7499695196293586
0.7499695196293586
0.7499695196293586
0.7499695196293586
0.7499695196293586
0.7499695196293586
0.7499695196293586
0.7499695196293586
0.7499695196293586
0.7499695196293586
0.7499695196293586
0.7499695196293586
0.7499695196293586
0.7499695196293586
0.7499695196293586
0.7499695196293586
0.7499695196293586
0.7499695196293586
0.7499695196293586
0.7499695196293586
0.7499695196293586
0.7499695196293586
0.7499695196293586
0.7499695196293586
0.7499695196293586
0.7499695196293586
0.7499695196293586
0.7499695196293586
0.7499695196293586
0.7499695196293586
0.7499695196293586
0.7499695196293586
0.7499695196293586
0.7499695196293586
0.7499695196293586
0.7499695196293586
0.7499695196293586
0.7499695196293586
0.7499695196293586
0.7499695196293586
0.7499695196293586
0.7499695196293586
0.7499695196293586
0.7499695196293586
0.7499695196293586
0.7499695196293586
0.7499695196293586
0.7499695196293586
0.7499695196293586
0.7499695196293586
0.7499695196293586
0.7499695196293586
0.7499695196293586
0.7499695196293586
0.7499695196293586
0.7499695196293586
0.7499695196293586
0.7499695196293586
0.7499695196293586
0.7499695196293586
0.7499695196293586
0.7499695196293586
0.7499695196293586
0.7499695196293586
0.7499695196293586
0.7499695196293586
0.7499695196293586
0.7499695196293586
0.7499695196293586
0.7499695196293586
0.7499695196293586
0.7499695196293586
0.7499695196293586
0.7499695196293586
1.5416522791569744
1.5198089553887963
1.5060026988313249
1.4958357641102529
1.4879011486861153
1.4816725428056317
1.4777485533962709
1.4700778600726325
1.4626587148022163
1.4601567378931892
1.4576818057629435
1.4545574883827643
1.4508462048626667
1.445346703276023
1.4331602523053513
1.4103316129634842
1.3732401307360331
1.3202919167151916
1.2616683790704077
1.2143657871400937
1.1841634404813632
1.1643507793044008
1.1490316783014491
1.135336036093079
1.1195473445187827
1.0999961704076662
1.0789032113957475
1.0579766442398841
1.0366996030147528
1.0150219841044819
0.9929854620926511
0.9707656162549151
0.9483745799526525
0.9259238704734315
0.9035862803128355
0.8814667342545218
0.8596242728002953
0.8380466702517381
0.8166010708488983
0.7950369399781451
0.7731271864596757
0.750854232420911
0.7286085469107043
0.7073210714438071
0.6883498664508679
0.6731017171331309
0.6623875551053552
0.6561065777148442
0.6534656666692745
0.6532795072061698
0.6543061122423234
0.6556692956072377
0.6569381588064552
0.6579253196347515
0.6586200897412543
0.6591201615171712
0.6595054285889347
0.659818403483638
0.6600945701748472
0.6603600316449917
0.6606307152944616
0.6609268818199884
0.6612657389915672
0.6616430694199237
0.6620488673733423
0.6624774819060398
0.6629249902782276
0.6633890131254566
0.6638737955175359
0.6643860510611143
0.6649109968491048
0.6654195668073267
0.6658991890394427
0.6663473037493358
0.6667629643316463
0.6671572026942657
0.6675525106897328
0.6679598798546545
0.6683776574151622
0.6688064003232171
0.669242517255994
0.6696723675470783
0.6700814813229367
0.6704633227880844
0.6708164017397479
0.6711432255255557
0.6714538450438691
0.671761958877746
0.6721142641650165
0.6725382664217364
0.6729322294673107
0.67329308702678
0.6736300671155674
0.6739527105945377
0.6743716131184815
0.6748494551997436
0.6753195843816661
0.6757646100710514
0.6761637755781845
0.6765128383195139
0.6768241019851516
0.6771135749820559
0.677399975334123
0.6777020861562825
0.6780379049841175
0.6784242175267411
0.67885832461174
0.6793063559711142
0.6797245332775995
0.6800880960685779
0.6803890507323173
0.6806333375530275
0.6808526998947596
0.6811003389168712
0.681412798417519
0.681786129463139
0.6822027326414707
0.6826545052010283
0.6831288366433158
0.6836023357417996
0.6840642821653681
0.6845188463736379
0.684969574388217
0.6854170805192487
0.6858613055078843
0.6863022008559042
0.6867397285578404
0.6871738604954322
0.6876045779113106
0.6880318710371428
0.6884557387614348
0.6888761883371733
0.6892932351295314
0.689706902403897
0.6901172211541317
0.6905242299324937
0.6909279711238122
0.6913281552087097
0.6917242335905568
0.6921160017764801
0.6925035257873405
0.6928868703350343
0.6932660988544578
0.6936412735345397
0.6940124553483787
0.6943797040825114
0.6947430783653384
0.6951026356947428
0.6954584324649223
0.6958105239924638
0.6961589645416856
0.6965038073492685
0.6968451046482022
0.6971829076910655
0.6975172667726651
0.6978482312520521
0.698175849573936
0.6985001692895348
0.6988212370790391
0.6991390990363232
0.6994538329804708
0.6997695227015382
0.7005882426448029
0.7012478715484374