0.9000853450377956
0.9000853450377956
0.9000853450377956
0.9000853450377956
0.9000853450377956
0.9000853450377956
0.9000853450377956
0.9000853450377956
0.9000853450377956
0.9000853450377956
0.9000853450377956
0.9000853450377956
0.9000853450377956
0.9000853450377956
0.9000853450377956
0.9000853450377956
0.9000853450377956
0.9000853450377956
0.9000853450377956
0.9000853450377956
0.9000853450377956
0.9000853450377956
0.9000853450377956
0.9000853450377956
0.9000853450377956
0.9000853450377956
0.9000853450377956
0.9000853450377956
0.9000853450377956
0.9000853450377956
0.9000853450377956
0.9000853450377956
0.9000853450377956
0.9000853450377956
0.9000853450377956
0.9000853450377956
0.9000853450377956
0.9000853450377956
0.9000853450377956
0.9000853450377956
0.9000853450377956
0.9000853450377956
0.9000853450377956
0.9000853450377956
0.9000853450377956
0.9000853450377956
0.9000853450377956
0.9000853450377956
0.9000853450377956
0.9000853450377956
0.9000853450377956
0.9000853450377956
0.9000853450377956
0.9000853450377956
0.9000853450377956
0.9000853450377956
0.9000853450377956
0.9000853450377956
0.9000853450377956
0.9000853450377956
0.9000853450377956
0.9000853450377956
0.9000853450377956
0.9000853450377956
0.9000853450377956
0.9000853450377956
0.9000853450377956
0.9000853450377956
0.9000853450377956
0.9000853450377956
0.9000853450377956
0.9000853450377956
0.9000853450377956
0.9000853450377956
0.9000853450377956
0.9000853450377956
0.9000853450377956
0.9000853450377956
0.9000853450377956
0.9000853450377956
0.9000853450377956
0.9000853450377956
0.9000853450377956
0.9000853450377956
0.9000853450377956
0.9000853450377956
0.9000853450377956
1.325820417553475
1.7379911503586085
1.7142046302761222
1.6967033296812548
1.683494841285082
1.6732151859564328
1.6653539432984168
1.6574655643513596
1.6485453969047925
1.644420474126529
1.6425474004392353
1.638529424881406
1.6350407952588066
1.6304625903621655
1.6248807325785144
1.6169656763378593
1.601806938450344
1.5756004394807572
1.5357369131026093
1.4822896626487299
1.4253660972324766
1.3798471689457612
1.350429132287221
1.3310273862121749
1.3159305625090165
1.302233725371205
1.2866278117507401
1.2673659953403145
1.2463154693818113
1.2253189984762245
1.2039558777423252
1.1821137732043643
1.1599465654012473
1.1375831717465505
1.1149973070414858
1.092298648384797
1.069653145170975
1.0471516351341883
1.0248630473229636
1.0027963989923139
0.9808252383411583
0.9587112911962447
0.9362247302452044
0.9132799492951184
0.890135496987228
0.8675962527825832
0.8469724484251678
0.8296812348640824
0.8167177848494217
0.8082960585880922
0.8038327260270189
0.8022139580019695
0.8021959193294813
0.8028259301304158
0.8035488542137995
0.8040724678838337
0.8043334792759206
0.8044193285542148
0.8044090525361739
0.8043514072686097
0.8042824443113626
0.8042160472889491
0.8041680804347774
0.8041603781747854
0.8042104904716495
0.8043233816908751
0.8044886974888145
0.8047004764537596
0.8049541381529869
0.8052426308858883
0.8055632583021938
0.805922786300585
0.8063114558343881
0.8066965364374484
0.807061544886465
0.8074037862786342
0.8077212283195464
0.8080253367529121
0.8083381619811473
0.8086731858959141
0.8090285199247053
0.8094009526012017
0.8097863764587921
0.81017177946051
0.8105393198779952
0.8108797992921396
0.8111920471089556
0.8114782627896374
0.8117504081123627
0.8120249265223413
0.8123542885960303
0.8127703033174584
0.8131594749783383
0.8134957212816972
0.8137903892943245
0.8140771287957264
0.8144590613490147
0.8148944038332734
0.8153289645040168
0.8157406679668561
0.8161029700919858
0.816409565722939
0.816672931115782
0.8169100683390466
0.8171413609389636
0.8173877073214252
0.8176698300431876
0.8180298278172936
0.8184673018215213
0.8189240523423079
0.8193503291481498
0.8197172460928713
0.8200147135993766
0.8202484067845771
0.8204535175066764
0.820690201744717
0.8210005415742919
0.8213809571444869
0.8218121361332705
0.8222853005122525
0.8227864529302488
0.8232890962503535
0.8237808499683689
0.824266251175347
0.8247491924183344
0.82523025733218
0.8257092682408774
0.8261860623754044
0.8266604914408148
0.8271324207806564
0.8276017286118106
0.8280683054174683
0.8285320533680879
0.828992885770668
0.8294507265466101
0.8299055097383788
0.83035717904514
0.8308056873875139
0.8312509965015532
0.83169307656204
0.8321319058351851
0.8325674703608162
0.8329997636641348
0.8334287864971445
0.8338545466098745
0.8342770585515381
0.8346963435018103
0.8351124291321669
0.8355253494731755
0.8359351425930416
0.8363416464031063
0.8367443379715437
0.8371429059469816
0.8375374097895999
0.8379279078491672
0.8383144573905953
0.8386971146187899
0.8390759347028266
0.8394509717994706
0.8398222790761
0.8401899087375845
0.8405539125345235
0.8409143936199995
0.8412770828615256
0.8422591265920645
0.8430578602629943