1.1000365764447695
1.1000365764447695
1.1000365764447695
1.1000365764447695
1.1000365764447695
1.1000365764447695
1.1000365764447695
1.1000365764447695
1.1000365764447695
1.1000365764447695
1.1000365764447695
1.1000365764447695
1.1000365764447695
1.1000365764447695
1.1000365764447695
1.1000365764447695
1.1000365764447695
1.1000365764447695
1.1000365764447695
1.1000365764447695
1.1000365764447695
1.1000365764447695
1.1000365764447695
1.1000365764447695
1.1000365764447695
1.1000365764447695
1.1000365764447695
1.1000365764447695
1.1000365764447695
1.1000365764447695
1.1000365764447695
1.1000365764447695
1.1000365764447695
1.1000365764447695
1.1000365764447695
1.1000365764447695
1.1000365764447695
1.1000365764447695
1.1000365764447695
1.1000365764447695
1.1000365764447695
1.1000365764447695
1.1000365764447695
1.1000365764447695
1.1000365764447695
1.1000365764447695
1.1000365764447695
1.1000365764447695
1.1000365764447695
1.1000365764447695
1.1000365764447695
1.1000365764447695
1.1000365764447695
1.1000365764447695
1.1000365764447695
1.1000365764447695
1.1000365764447695
1.1000365764447695
1.1000365764447695
1.1000365764447695
1.1000365764447695
1.1000365764447695
1.1000365764447695
1.1000365764447695
1.1000365764447695
1.1000365764447695
1.1000365764447695
1.1000365764447695
1.1000365764447695
1.1000365764447695
1.1000365764447695
1.1000365764447695
1.1000365764447695
1.1000365764447695
1.1000365764447695
1.1000365764447695
1.1000365764447695
1.1000365764447695
1.1000365764447695
1.1000365764447695
1.1000365764447695
1.1000365764447695
1.1000365764447695
1.1000365764447695
1.1000365764447695
2.1731022811855545
2.1239502827823786
2.095412820783639
2.0732953163263907
2.0569069993601654
2.044235475646814
2.0346524778892263
2.02753583074931
2.022436716654167
2.0155757330311026
2.0025177075869616
1.99582101779054
1.9944685134275595
1.9889451836381404
1.9834384066991986
1.9762594320721711
1.9675227476852177
1.955886641817036
1.9367763860540974
1.9072905657371644
1.8668994059367332
1.8178819108819488
1.7690096662188235
1.7307658316433332
1.7056037542968054
1.6883948943745817
1.6743417255411914
1.6609409381936762
1.645522330040184
1.626677917612186
1.6060451139055942
1.5852826084292355
1.5640104208282535
1.5420840256452961
1.5197084690298466
1.496920742645759
1.4736641439340903
1.4500126453073474
1.4260732821990045
1.4019075745788432
1.377569622898439
1.35305290474894
1.328246688650434
1.3029161312909088
1.2767963325370013
1.2497257573072629
1.2218401392669689
1.193782901065692
1.1667368777567773
1.1422039277782305
1.1214822932838122
1.1052247660683103
1.0933398712432458
1.0850685604428594
1.0792650721681798
1.0749090430379873
1.071300442242371
1.0679547144285353
1.064650847770329
1.0613768603094567
1.0581709302757396
1.055050450494846
1.0520137963360017
1.0490811205154436
1.046263194864296
1.0435888349147961
1.0410863579492085
1.0387419379258769
1.0365599638579037
1.0345309874336563
1.0326306970036199
1.030854938393169
1.029223426918327
1.0277475784325985
1.0263991901939202
1.0251321489163878
1.0239136037564438
1.0227309034227798
1.0215728304885072
1.0204480182117757
1.0193886637781833
1.018414272639704
1.0175265740225763
1.0167257214086889
1.0160065924832327
1.0153490408541765
1.0147141785826896
1.014084955842522
1.0134641090643233
1.0128494187291803
1.012244272094839
1.0116722748043756
1.0112226748662465
1.0109467690006664
1.0106769508496765
1.0099848802257965
1.008874838390903
1.0077688540625727
1.006840215173547
1.0060546612162597
1.0053366746891483
1.0046359430759075
1.0039037759514353
1.003130801462087
1.002321598606224
1.0014755973015084
1.0006185656616213
0.9997946794614796
0.9990262179765352
0.9983567582615063
0.9978108959912344
0.9973426141067376
0.9968723040405134
0.9963406834978983
0.9957131953919305
0.9949680353633994
0.9941439772125422
0.9933327649527905
0.9926147365580489
0.9920128267236272
0.9915107305538351
0.9911053088235668
0.9907838525558352
0.9905075822551677
0.9902543797597376
0.9900297993573082
0.9898359101305418
0.9896695433712042
0.9895298554433607
0.9894160149960962
0.9893272042087968
0.9892626192918135
0.9892214709839937
0.9892029852967834
0.9892064067418191
0.9892311136758867
0.9892818008744175
0.989358185356509
0.9894547495468364
0.9895709250496285
0.9897061152992084
0.9898570774543902
0.99002041976002
0.990195204070413
0.9903804858174725
0.990575312307163
0.9907787208565493
0.9909897367635612
0.9912073711165013
0.9914306192375051
0.9916585010100265
0.9918922806594077
0.9921310537938597
0.9923716384577963
0.9926129400990185
0.9928538316633668
0.9930931497992148
0.9933296907870908
0.9935622061774714
0.9937893981078103
0.9940099136646277
0.9942223034600097
0.9944229537944516
0.9946080604412444
0.994776093573317
0.9949504957243906
0.9966357216192385
0.9982261483168111