1.2999878078517433
1.2999878078517433
1.2999878078517433
1.2999878078517433
1.2999878078517433
1.2999878078517433
1.2999878078517433
1.2999878078517433
1.2999878078517433
1.2999878078517433
1.2999878078517433
1.2999878078517433
1.2999878078517433
1.2999878078517433
1.2999878078517433
1.2999878078517433
1.2999878078517433
1.2999878078517433
1.2999878078517433
1.2999878078517433
1.2999878078517433
1.2999878078517433
1.2999878078517433
1.2999878078517433
1.2999878078517433
1.2999878078517433
1.2999878078517433
1.2999878078517433
1.2999878078517433
1.2999878078517433
1.2999878078517433
1.2999878078517433
1.2999878078517433
1.2999878078517433
1.2999878078517433
1.2999878078517433
1.2999878078517433
1.2999878078517433
1.2999878078517433
1.2999878078517433
1.2999878078517433
1.2999878078517433
1.2999878078517433
1.2999878078517433
1.2999878078517433
1.2999878078517433
1.2999878078517433
1.2999878078517433
1.2999878078517433
1.2999878078517433
1.2999878078517433
1.2999878078517433
1.2999878078517433
1.2999878078517433
1.2999878078517433
1.2999878078517433
1.2999878078517433
1.2999878078517433
1.2999878078517433
1.2999878078517433
1.2999878078517433
1.2999878078517433
1.2999878078517433
1.2999878078517433
1.2999878078517433
1.2999878078517433
1.2999878078517433
1.2999878078517433
1.2999878078517433
1.2999878078517433
1.2999878078517433
1.2999878078517433
1.2999878078517433
1.2999878078517433
1.2999878078517433
1.2999878078517433
1.2999878078517433
1.2999878078517433
1.2999878078517433
1.2999878078517433
1.2999878078517433
1.2999878078517433
1.2999878078517433
1.2999878078517433
2.3252060530730603
2.2804731139157286
2.241938330175825
2.2142054170677605
2.1914822321727367
2.1748041134383373
2.161798116941175
2.1520902565229187
2.1452759084287454
2.1363993290909233
2.1188812185737818
2.1101887831778994
2.110690052906723
2.1050733747482093
2.0985398354462568
2.0921048989192492
2.0838884921861722
2.07383139099621
2.06051462407011
2.039381741076183
2.0075684126907998
1.9646108967833114
1.913047819139317
1.8619048227075667
1.821759250593591
1.7953224677657875
1.7776070035906097
1.7634402350680976
1.7501067558397714
1.7349200875695094
1.7162729240646764
1.6957010595944848
1.675047756255797
1.6539885990484666
1.6323607446009898
1.6104860242325667
1.5883751790054037
1.5659999597796357
1.54346515283828
1.5208753637514574
1.4983000557510673
1.4758138738486346
1.4534498111448066
1.4311330756213645
1.4086603983184038
1.3858038040120058
1.3624178789330499
1.338586781303612
1.3148164103858215
1.2921081978901905
1.2717533430086025
1.2548894820634902
1.2421178352064761
1.2333686723721453
1.2279523890226638
1.2247748012702309
1.2228413739030468
1.2214793304103553
1.2202280423032394
1.2189058614616235
1.2175229759770503
1.2160937809685393
1.2146391404503694
1.213202676818885
1.211814426345563
1.2104937558520346
1.2092604231164399
1.2081377734577379
1.2071259072908151
1.2062151691993204
1.205399888408459
1.204674812926095
1.204036674455722
1.2034889506189212
1.2030397222639955
1.2026666321220707
1.202340726226662
1.2020378108880616
1.2017412760863173
1.2014441227428134
1.2011564894964193
1.2009041029967362
1.200699955086798
1.2005444905246978
1.2004377079236461
1.200375138657462
1.200339307143868
1.200306862418209
1.2002655882102753
1.2002116739830384
1.2001454690924793
1.2000750842316041
1.2000205697308
1.2000527667977188
1.2002168638294493
1.2003723289056156
1.200332179645957
1.2000985702005524
1.1998596089044933
1.1997553262590255
1.1997401310422495
1.1997547406343008
1.199772903268945
1.199754134272301
1.199678558926842
1.199556040861579
1.1994097105773258
1.19926383114225
1.1991406841055994
1.1990690342699108
1.1990842332786362
1.1991902884379753
1.1993435763701104
1.1994796412071407
1.1995564037397377
1.1995544516211554
1.1994714945354985
1.1993424388233211
1.199243919645437
1.199237640548852
1.1993256504799301
1.1994878077029785
1.1997162275359743
1.1999957270435686
1.2002927550370008
1.2005900473696138
1.2008925981078231
1.201207324196561
1.2015348162929482
1.201872423000524
1.2022196221341968
1.2025759171608408
1.202940875423019
1.2033162365062136
1.203701749014172
1.2040950569741822
1.2044957908140679
1.2049015056837893
1.205309645638536
1.2057195980410886
1.2061307508155312
1.206542490765586
1.206954201877754
1.2073652688651773
1.2077754096029876
1.2082054426441633
1.208656311836173
1.2091079966416511
1.2095601614800742
1.2100124795361988
1.2104646320027157
1.2109163073005467
1.2113672002758402
1.2118170113725604
1.2122654457793922
1.2127122125495287
1.2131570236917184
1.213599593230773
1.2140396362355508
1.2144768678122408
1.21491100206057
1.2153417509903492
1.2157688233959687
1.21619192371579
1.2166107531104549
1.2170251813295507
1.2174484095076996
1.2189173369631852
1.2201691549505154