1.499939039258717
1.499939039258717
1.499939039258717
1.499939039258717
1.499939039258717
1.499939039258717
1.499939039258717
1.499939039258717
1.499939039258717
1.499939039258717
1.499939039258717
1.499939039258717
1.499939039258717
1.499939039258717
1.499939039258717
1.499939039258717
1.499939039258717
1.499939039258717
1.499939039258717
1.499939039258717
1.499939039258717
1.499939039258717
1.499939039258717
1.499939039258717
1.499939039258717
1.499939039258717
1.499939039258717
1.499939039258717
1.499939039258717
1.499939039258717
1.499939039258717
1.499939039258717
1.499939039258717
1.499939039258717
1.499939039258717
1.499939039258717
1.499939039258717
1.499939039258717
1.499939039258717
1.499939039258717
1.499939039258717
1.499939039258717
1.499939039258717
1.499939039258717
1.499939039258717
1.499939039258717
1.499939039258717
1.499939039258717
1.499939039258717
1.499939039258717
1.499939039258717
1.499939039258717
1.499939039258717
1.499939039258717
1.499939039258717
1.499939039258717
1.499939039258717
1.499939039258717
1.499939039258717
1.499939039258717
1.499939039258717
1.499939039258717
1.499939039258717
1.499939039258717
1.499939039258717
1.499939039258717
1.499939039258717
1.499939039258717
1.499939039258717
1.499939039258717
1.499939039258717
1.499939039258717
1.499939039258717
1.499939039258717
1.499939039258717
1.499939039258717
1.499939039258717
1.499939039258717
1.499939039258717
1.499939039258717
1.499939039258717
1.499939039258717
2.7033797766302183
2.657291377867901
2.6180768543369783
2.581366559998004
2.551541872588322
2.529723844814816
2.5119114737358395
2.4980582945031804
2.4868356184101583
2.479267671609599
2.474609837579905
2.4648339863252393
2.4419265046537935
2.4308763071506005
2.430898429612813
2.4231502087877725
2.4153728961197
2.406572139156031
2.3951575645689482
2.3800057455006964
2.3611855445193872
2.3380153556656813
2.3076091302442148
2.2692827199544254
2.2278558648652145
2.1901148564331914
2.159495840744372
2.134793752055753
2.1138408466118435
2.0963023885982732
2.0811335167533827
2.066110071713953
2.0493921712929475
2.0301468168566412
2.009382701470863
1.988394236876248
1.9669806973902773
1.9450004379941905
1.9227089046939603
1.9000897457215393
1.8771643161770821
1.854014532364695
1.8306958619404807
1.8072275624283656
1.7835831322120452
1.7596754374475108
1.7353729379185046
1.710543070542101
1.6851664245621358
1.6594672990011192
1.6339482315393261
1.6093932778232243
1.5867366652144552
1.566795284486357
1.55013030771946
1.5368667566001442
1.526668086107458
1.5189392459769584
1.5129870760632276
1.5081799383712875
1.5040230360096434
1.500167970088281
1.496435123260293
1.4927669288786345
1.4891553468377712
1.4856081888732522
1.4821570058960951
1.4788250715370985
1.4756107674154295
1.4725303235566942
1.46961071504247
1.4668549772176185
1.4642490663174281
1.461793766339897
1.459487828550822
1.4573308162676666
1.455313149616321
1.4534094571234544
1.4515993498753463
1.4498737501750387
1.4482241351853116
1.4466413607110669
1.4451141006768555
1.4436323885483882
1.4422207320237619
1.4409086279067589
1.4396948325156362
1.438551955065075
1.4374586920036814
1.4364156298614312
1.4354170687348593
1.434443957978862
1.4334887660717848
1.4325518845414704
1.4317240445106112
1.4311152112897791
1.4306402381087309
1.4300674349891156
1.4288305101506045
1.4270303034586216
1.425290089099072
1.4237438860137979
1.4223636720210657
1.4210676182341273
1.4197968888897612
1.4184958514825863
1.417150173771914
1.415739013692384
1.414274529868909
1.4127815865647348
1.4112965260990502
1.409882835493884
1.4085737610547855
1.4073913557969537
1.4063099366347616
1.4052428158698347
1.4041008283288998
1.402836112184605
1.4014266718714956
1.3999079375465873
1.3983787117215347
1.3969325350277502
1.3956082721873142
1.3943766140687015
1.3932380213372286
1.3921994403214684
1.3912203516742498
1.3902759224259964
1.3893722180078334
1.3885162735822356
1.3877033651242754
1.3869270053834266
1.3861863059442885
1.3854700947707177
1.3847769527032114
1.3841156621682527
1.3834854286771825
1.382885448482353
1.382314908431154
1.3817729857541532
1.381258847888375
1.3807716517446287
1.3803105376607099
1.379874401090794
1.3794525295506843
1.379043321281776
1.378654679263318
1.3782854240016547
1.377930520208722
1.3775846580572142
1.3772459631134972
1.3769124707690596
1.3765821192334582
1.3762527419788406
1.3759220595447492
1.3755876682327242
1.3752469166156565
1.374891745135463
1.3745189645555667
1.3741304523612121
1.3737229678620122
1.3732930933143197
1.3728372109172313
1.3723514500595715
1.3718315742315785
1.371270406719677
1.370660412531088
1.3699969955584979
1.3693178958842043
1.3707351588050853
1.3724859554036626