-0.12496951962935869
-0.12496951962935869
-0.12496951962935869
-0.12496951962935869
-0.12496951962935869
-0.12496951962935869
-0.12496951962935869
-0.12496951962935869
-0.12496951962935869
-0.12496951962935869
-0.12496951962935869
-0.12496951962935869
-0.12496951962935869
-0.12496951962935869
-0.12496951962935869
-0.12496951962935869
-0.12496951962935869
-0.12496951962935869
-0.12496951962935869
-0.12496951962935869
-0.12496951962935869
-0.12496951962935869
-0.12496951962935869
-0.12496951962935869
-0.12496951962935869
-0.12496951962935869
-0.12496951962935869
-0.12496951962935869
-0.12496951962935869
-0.12496951962935869
-0.12496951962935869
-0.12496951962935869
-0.12496951962935869
-0.12496951962935869
-0.12496951962935869
-0.12496951962935869
-0.12496951962935869
-0.12496951962935869
-0.12496951962935869
-0.12496951962935869
-0.12496951962935869
-0.12496951962935869
-0.12496951962935869
-0.12496951962935869
-0.12496951962935869
-0.12496951962935869
-0.12496951962935869
-0.12496951962935869
-0.12496951962935869
-0.12496951962935869
-0.12496951962935869
-0.12496951962935869
-0.12496951962935869
-0.12496951962935869
-0.12496951962935869
-0.12496951962935869
-0.12496951962935869
-0.12496951962935869
-0.12496951962935869
-0.12496951962935869
-0.12496951962935869
-0.12496951962935869
-0.12496951962935869
-0.12496951962935869
-0.12496951962935869
-0.12496951962935869
-0.12496951962935869
-0.12496951962935869
-0.12496951962935869
-0.12496951962935869
-0.12496951962935869
-0.12496951962935869
-0.12496951962935869
-0.12496951962935869
-0.12496951962935869
-0.12496951962935869
-0.12496951962935869
-0.12496951962935869
-0.12496951962935869
-0.12496951962935869
-0.12496951962935869
-0.12496951962935869
-0.12496951962935869
-0.12496951962935869
-0.12496951962935869
-0.12496951962935869
-0.12496951962935869
-0.12496951962935869
-0.12496951962935869
-0.12496951962935869
-0.12496951962935869
-0.12496951962935869
-0.12496951962935869
-0.12496951962935869
-0.12496951962935869
-0.12496951962935869
-0.12496951962935869
-0.12496951962935869
-0.12496951962935869
-0.12496951962935869
-0.12496951962935869
-0.12496951962935869
-0.12496951962935869
-0.12496951962935869
-0.12496951962935869
-0.12496951962935869
-0.12496951962935869
-0.12496951962935869
-0.12496951962935869
-0.12496951962935869
-0.12496951962935869
-0.12496951962935869
-0.03995956762430551
0.03236058046902758
0.0024226778424793066
-0.031821678747983126
-0.0636486366061874
-0.09051004740703121
-0.11246613518362762
-0.13047909461277346
-0.14473136259400027
-0.15512970642018958
-0.16135577070140256
-0.16321148066121965
-0.1616144428529827
-0.15820392191953053
-0.15433658545417156
-0.15083902559232437
-0.14798205519099578
-0.14566010151055625
-0.1437584136508065
-0.14218313557737455
-0.14083796141000654
-0.13965899543018695
-0.13862294990536145
-0.13773075839814058
-0.1369850769684295
-0.1363671013914875
-0.13584996633366936
-0.1354233659522625
-0.13507737216322052
-0.13478978897938448
-0.13454454194833548
-0.13433249038508238
-0.13414147525946868
-0.13396308586248823
-0.1337963603144509
-0.13364153912529447
-0.133497841849941
-0.1333638607791236
-0.13323670366470125
-0.13311371932585908
-0.13299468527621888
-0.13288048907166589
-0.13277131985145368
-0.13266693724392015
-0.13256692490513217
-0.13247031977699203
-0.13237606572746946
-0.1322849044420415
-0.1321989793133453
-0.13211915466819985
-0.13204515554575685
-0.13197670191019512
-0.13191246554067998
-0.13185019122447178
-0.13178879406811989
-0.13172825685800132
-0.13166856326767634
-0.13160996123261576
-0.13155348155854701
-0.13150037648372453
-0.13145105935190798
-0.1314054076049151
-0.1313630606127804
-0.13132292332264578
-0.13128367957304915
-0.13124118521751077
-0.13119304344348487
-0.1311484344230895
-0.13110338988050024
-0.13105673284412717
-0.13101169625553094
-0.13096079889353968
-0.13090766430120387
-0.13085625115273197
-0.13080792962770532
-0.13076429840038623
-0.13072550952612877
-0.13069033489522125
-0.130657296818323
-0.13062474498737625
-0.1305910936735874
-0.13055487652912084
-0.1305147659834684
-0.13047109150436625
-0.1304267699687291
-0.130385456285468
-0.13034911131011023
-0.13031826156327847
-0.13029227731059118
-0.13026840786729638
-0.13024216772800784
-0.13021055545857502
-0.130174010963842
-0.13013409948083104
-0.13009154892786062
-0.13004744098330118
-0.1300037383264913
-0.1299613155047345
-0.12991979655524538
-0.129878865058
-0.12983845395793686
-0.12979855406711532
-0.12975915640232522
-0.129720252160979
-0.12968183272867456
-0.12964388968343593
-0.12960641479048268
-0.12956939999716782
-0.12953283742807725
-0.129496719380282
-0.12946103831874284
-0.12942578687185774
-0.12939095782714766
-0.12935654412707848
-0.12932253886501094
-0.129288935281274
-0.1292557267593603
-0.12922290682223675
-0.1291904691287668
-0.12915840747024226
-0.1291267157670179
-0.1290953880652474
-0.12906441853371436
-0.1290338014607601
-0.12900353125130198
-0.12897360242393713
-0.1289440096081313
-0.12891474754149218
-0.12888581106712088
-0.12885719513103616
-0.12882889477967513
-0.12880090515746673
-0.12877322150447273
-0.12874583915409715
-0.12871875353085777
-0.12869196014822076
-0.12866545460649131
-0.12863923257939852
-0.1286132731404525
-0.12856282604904298
-0.1285252977247242