1.699890270665691
1.699890270665691
1.699890270665691
1.699890270665691
1.699890270665691
1.699890270665691
1.699890270665691
1.699890270665691
1.699890270665691
1.699890270665691
1.699890270665691
1.699890270665691
1.699890270665691
1.699890270665691
1.699890270665691
1.699890270665691
1.699890270665691
1.699890270665691
1.699890270665691
1.699890270665691
1.699890270665691
1.699890270665691
1.699890270665691
1.699890270665691
1.699890270665691
1.699890270665691
1.699890270665691
1.699890270665691
1.699890270665691
1.699890270665691
1.699890270665691
1.699890270665691
1.699890270665691
1.699890270665691
1.699890270665691
1.699890270665691
1.699890270665691
1.699890270665691
1.699890270665691
1.699890270665691
1.699890270665691
1.699890270665691
1.699890270665691
1.699890270665691
1.699890270665691
1.699890270665691
1.699890270665691
1.699890270665691
1.699890270665691
1.699890270665691
1.699890270665691
1.699890270665691
1.699890270665691
1.699890270665691
1.699890270665691
1.699890270665691
1.699890270665691
1.699890270665691
1.699890270665691
1.699890270665691
1.699890270665691
1.699890270665691
1.699890270665691
1.699890270665691
1.699890270665691
1.699890270665691
1.699890270665691
1.699890270665691
1.699890270665691
1.699890270665691
1.699890270665691
1.699890270665691
1.699890270665691
1.699890270665691
1.699890270665691
1.699890270665691
1.699890270665691
1.699890270665691
1.699890270665691
1.699890270665691
1.699890270665691
2.883580024173605
2.8339203739935224
2.7916382531493724
2.754025103352977
2.7222291374816785
2.6952235121533468
2.6733736379544677
2.6548607573088994
2.640846808767818
2.6320979961369755
2.627710889581077
2.61582942095804
2.584394488882692
2.5684911662356664
2.572257562075438
2.5666329276394997
2.558041202357592
2.5492363679805834
2.5400593531731332
2.5286421862585726
2.51498328281079
2.497510241704769
2.472098287388638
2.4368985341346936
2.3926002075444206
2.342658436119855
2.295134856442722
2.258184610581651
2.23370312098905
2.2173079954325514
2.203805305139669
2.1906751078930653
2.175741555435093
2.1573202618236547
2.136784843814465
2.116218715803358
2.095294389520686
2.073714734886736
2.0519535957651764
2.0299224053016784
2.007624807486898
1.9851693106198454
1.9626216789822446
1.940052310199392
1.9175449421891049
1.8951321201422213
1.872764101316371
1.8502872882600099
1.827495616198576
1.8042030295825753
1.7803997349596465
1.7564370576394865
1.7330824620546443
1.7114268822263417
1.6925875990201917
1.6773871167847023
1.666054079508097
1.6581415919424094
1.652775208556828
1.6490539659738044
1.6462430854489827
1.6437754940249656
1.641362755059295
1.6389499574953823
1.6365221584003926
1.6340833541157265
1.6316806320768347
1.6293320244832574
1.6270608931851043
1.6249006610552197
1.6228623593787677
1.620963562359425
1.6191981484012015
1.6175498103337058
1.6160147646581593
1.6146005817831734
1.6133123024890796
1.6121485814509842
1.6110943213648858
1.610107564720498
1.6091593913757665
1.6082375370445052
1.607329788064292
1.6064438013208187
1.605611147890909
1.60485102095224
1.6041654730993589
1.6035459232611449
1.6029881872128584
1.6024825921928003
1.602001924670224
1.6015306163787266
1.6010528132824198
1.6005663814759887
1.6000935885502172
1.5996488666917963
1.5993093921419548
1.5991406113474755
1.5989783638349429
1.5984274404870678
1.5974972050498635
1.5965747766720422
1.5958253403698097
1.5952108542120897
1.5946578199021118
1.5941283966777235
1.5935606542049912
1.5929309872691566
1.5922554922355467
1.5915408849931896
1.5908130845521593
1.5901149123556242
1.589473064652005
1.5889281746339816
1.5885015831040223
1.5881464472311353
1.587785415506056
1.5873626502152791
1.5868374336225917
1.5862011914513139
1.5854948992384172
1.584809182822538
1.5842207822721428
1.5837398152627817
1.5833577312307159
1.5830701910264158
1.5828635165211415
1.5826954741231112
1.5825407494957378
1.5824046579172113
1.582292688102274
1.5822053864873742
1.5821420915499433
1.5821021596658116
1.5820849665854344
1.5820899082236175
1.5821164014945404
1.5821638853785633
1.5822318220192861
1.5823196979714953
1.5824270250950705
1.582553340573305
1.5826981530808442
1.5828583283009698
1.583030596172374
1.583214151971125
1.5834081887676175
1.583611896289852
1.583824459681852
1.584045058152498
1.5842728635097143
1.5845070385745728
1.584746735469777
1.584991093790801
1.5852392394082595
1.585490323508377
1.5857456973703612
1.5860045797794222
1.5862639609731457
1.586522889959864
1.5867803884512308
1.587035452749808
1.5872870601875726
1.5875341215022645
1.587773368733814
1.588001315941732
1.5882163322818559
1.5884167706925028
1.588601323696134
1.5887951676395864
1.590591177907934
1.5922815245580646