1.8500060960741282
1.8500060960741282
1.8500060960741282
1.8500060960741282
1.8500060960741282
1.8500060960741282
1.8500060960741282
1.8500060960741282
1.8500060960741282
1.8500060960741282
1.8500060960741282
1.8500060960741282
1.8500060960741282
1.8500060960741282
1.8500060960741282
1.8500060960741282
1.8500060960741282
1.8500060960741282
1.8500060960741282
1.8500060960741282
1.8500060960741282
1.8500060960741282
1.8500060960741282
1.8500060960741282
1.8500060960741282
1.8500060960741282
1.8500060960741282
1.8500060960741282
1.8500060960741282
1.8500060960741282
1.8500060960741282
1.8500060960741282
1.8500060960741282
1.8500060960741282
1.8500060960741282
1.8500060960741282
1.8500060960741282
1.8500060960741282
1.8500060960741282
1.8500060960741282
1.8500060960741282
1.8500060960741282
1.8500060960741282
1.8500060960741282
1.8500060960741282
1.8500060960741282
1.8500060960741282
1.8500060960741282
1.8500060960741282
1.8500060960741282
1.8500060960741282
1.8500060960741282
1.8500060960741282
1.8500060960741282
1.8500060960741282
1.8500060960741282
1.8500060960741282
1.8500060960741282
1.8500060960741282
1.8500060960741282
1.8500060960741282
1.8500060960741282
1.8500060960741282
1.8500060960741282
1.8500060960741282
1.8500060960741282
1.8500060960741282
1.8500060960741282
1.8500060960741282
1.8500060960741282
1.8500060960741282
1.8500060960741282
1.8500060960741282
1.8500060960741282
1.8500060960741282
1.8500060960741282
1.8500060960741282
1.8500060960741282
1.8500060960741282
3.16430135346181
3.115568114532353
3.0756207935955944
3.029674757984787
2.986607433340561
2.952639472226943
2.9248554660305675
2.90112961077389
2.880797951606293
2.8627627883902003
2.8495518824460344
2.843104728173206
2.832153428626749
2.796822786829966
2.7771285593068415
2.780814818063698
2.776572959536702
2.768763550171288
2.7584058069457433
2.748798406860306
2.7378060680864804
2.7237848070840727
2.7059167588470503
2.684346007249911
2.6581250971011507
2.6246527605566015
2.5840333285554404
2.5411808713477244
2.502469746432542
2.4713098892487695
2.4465665572564923
2.4255953325083555
2.4079939249431206
2.392860740360483
2.3778054607405705
2.3611078458367567
2.3417940875694
2.3206930468848377
2.299468996397249
2.277936043614242
2.2557997160531764
2.233457891992802
2.2108402666095754
2.1879967618231504
2.165030111775003
2.1419864468967504
2.1189017477778433
2.0957715366908998
2.0725296080311835
2.0490638073831056
2.0252403511841797
2.0010045632552123
1.9765018490693875
1.952110806366107
1.92847905850296
1.9064431790663554
1.88678937196438
1.8701421315389206
1.8567622096934038
1.846425648466676
1.8386418438801555
1.8327693633678268
1.828171947988677
1.824352115853813
1.820901772934794
1.8175780907673738
1.814298966770071
1.8110431225607586
1.807831134667151
1.8046831631844023
1.8016291141582843
1.7986899756419708
1.795870034592765
1.793182801586354
1.7906504972960229
1.7882776873588946
1.7860507590663826
1.7839697379206476
1.7820350511447294
1.7802372152112924
1.778547967110419
1.776943909652695
1.7754152697250465
1.773952917447068
1.7725475449330794
1.7711908407805756
1.7698891885355157
1.7686533256455417
1.7674973549404762
1.7664322871407694
1.7654440023302391
1.7644988849673466
1.7635841627454174
1.7627064126883085
1.7618602272269572
1.7610285924122997
1.7602125026060969
1.7595046278264017
1.7590021961351137
1.7586259562667181
1.758151676081129
1.7570434268947124
1.7554200063928742
1.7538612187179763
1.7524749132676152
1.7512460472902949
1.7500933229866305
1.74898032429035
1.7478325579010163
1.746618386866889
1.7453597189362768
1.7440523827797247
1.7427212593489254
1.7414031263184202
1.740141609280513
1.7390058734312919
1.7380155471803431
1.7371039318956982
1.7361818611472652
1.735198481005218
1.7341123214754801
1.7328888685042618
1.7315508929849748
1.730217649019091
1.7289995557134952
1.727898676112162
1.7268995538585759
1.726011687844029
1.7252167542815493
1.724471929781926
1.7237517150068808
1.723061835175772
1.722408492476999
1.7217818197686845
1.7211805942026843
1.7206140600462958
1.7200816436760173
1.719582784782324
1.7191169374439954
1.7186835717293474
1.7182821755931674
1.7179122564211098
1.7175733403053166
1.7172648749387665
1.7169823047770092
1.7167208490223183
1.7164792674294396
1.7162505216456752
1.716033066153925
1.7158310600782056
1.715643207476298
1.715468172448889
1.7153045759490042
1.715150992326103
1.7150059455887923
1.7148679053691631
1.714735282573352
1.7146064248182067
1.7144796111051908
1.714353045054851
1.714224789483835
1.7140900636486012
1.7139438409015546
1.7137835286028946
1.7136063602238178
1.7134069637962317
1.7131821442817423
1.7129309169205418
1.7126497239719822
1.7123348837324053
1.7119833950013263
1.7116370768182443
1.7135172093777258
1.7155584649937652