2.0001219214825654
2.0001219214825654
2.0001219214825654
2.0001219214825654
2.0001219214825654
2.0001219214825654
2.0001219214825654
2.0001219214825654
2.0001219214825654
2.0001219214825654
2.0001219214825654
2.0001219214825654
2.0001219214825654
2.0001219214825654
2.0001219214825654
2.0001219214825654
2.0001219214825654
2.0001219214825654
2.0001219214825654
2.0001219214825654
2.0001219214825654
2.0001219214825654
2.0001219214825654
2.0001219214825654
2.0001219214825654
2.0001219214825654
2.0001219214825654
2.0001219214825654
2.0001219214825654
2.0001219214825654
2.0001219214825654
2.0001219214825654
2.0001219214825654
2.0001219214825654
2.0001219214825654
2.0001219214825654
2.0001219214825654
2.0001219214825654
2.0001219214825654
2.0001219214825654
2.0001219214825654
2.0001219214825654
2.0001219214825654
2.0001219214825654
2.0001219214825654
2.0001219214825654
2.0001219214825654
2.0001219214825654
2.0001219214825654
2.0001219214825654
2.0001219214825654
2.0001219214825654
2.0001219214825654
2.0001219214825654
2.0001219214825654
2.0001219214825654
2.0001219214825654
2.0001219214825654
2.0001219214825654
2.0001219214825654
2.0001219214825654
2.0001219214825654
2.0001219214825654
2.0001219214825654
2.0001219214825654
2.0001219214825654
2.0001219214825654
2.0001219214825654
2.0001219214825654
2.0001219214825654
2.0001219214825654
2.0001219214825654
2.0001219214825654
2.0001219214825654
2.0001219214825654
2.586746760886591
3.164307129327086
3.1555505250423046
3.149989194804395
3.1365230167770264
3.117553696519688
3.088291701179168
3.054509920213721
3.021193397254973
2.989157647102904
2.960318675892509
2.935432637583819
2.9141120991392904
2.8959038280431373
2.8834448809571827
2.8649706581319188
2.819862194407739
2.795150718693974
2.7993759725916374
2.7947589103949375
2.7906847828705166
2.7832794944126094
2.7727382865430483
2.7624345465959634
2.7512583868500604
2.737621421507598
2.7213816133821593
2.7010142973946527
2.672537504009185
2.63375258137942
2.5855247663354533
2.5318688057257486
2.481203084327846
2.441855143670666
2.416218437308613
2.399950676346993
2.3867449861690924
2.3739288956475537
2.3595849045630595
2.341388240645041
2.320681392738784
2.3003161559899112
2.2798402758892164
2.2586948160822287
2.237613643911697
2.2164024779193303
2.195107122882722
2.1738910859609923
2.152801864574724
2.1319177325459697
2.1113422493981817
2.0911229974971715
2.071249931042408
2.0516027251299502
2.0319927970327
2.012252222786472
1.9923278339786474
1.972448609450821
1.9531977207155546
1.9354581989417121
1.9201740736802924
1.908086067536034
1.899495312273081
1.894083772523703
1.8910782257966439
1.889627956246215
1.8890208149498853
1.8886915871816852
1.8883317688996253
1.8878707122632097
1.8872797556280063
1.8865640585340828
1.8857712048352746
1.8849464663694944
1.8841278804023394
1.883359865210274
1.8826637207297505
1.8820447500172826
1.8815012589990374
1.8810339955553395
1.8806413456858309
1.880314462308629
1.8800694760281038
1.8799142173391896
1.879821424692592
1.879756929400835
1.8796976936482244
1.8796296619849726
1.8795458761309853
1.87945714941698
1.8793917356616805
1.8793650466300291
1.879378422894653
1.8794329993251595
1.8795247655087945
1.8796363685573234
1.8797448157667485
1.879838658702797
1.8799149091021126
1.8799728362695665
1.8800214850711083
1.880081629749348
1.8802237102261912
1.8804915879185145
1.8807400465012587
1.8808172342187537
1.8807302210390033
1.8806350948521975
1.8806724634080543
1.8807952772674228
1.8809424105992805
1.881087128338582
1.8811837407861423
1.8812195496040176
1.8812125956795005
1.8811831687464342
1.881157396876906
1.881158545715977
1.881213030330478
1.8813528974155997
1.881579839501653
1.8818469029629372
1.8820873064365302
1.8822587639732968
1.8823428764980004
1.8823395663335423
1.8822919937522866
1.8822826137798008
1.8823690791343135
1.8825513926448267
1.8828096409706805
1.8831347543572314
1.8835125259529195
1.883908038515092
1.8843015659514983
1.8846986253242002
1.8851042266475075
1.8855190330636318
1.8859449524691816
1.8863817245713785
1.886824588702702
1.8872708001138876
1.8877197239360082
1.888170728262923
1.8886231827266982
1.889076457116189
1.8895299270238062
1.8899833736950273
1.8904594290495722
1.890959035389717
1.8914604248124331
1.8919632662816661
1.8924672424127782
1.8929720559145182
1.8934774348585788
1.8939831136610379
1.8944888082007556
1.8949942312869203
1.8954991159729855
1.8960031999493396
1.8965062235016057
1.897007969594593
1.897508269760411
1.8980069472560843
1.8985037853404152
1.898998567923441
1.89949110158128
1.899981176765953
1.9004685748175745
1.9009531161507236
1.9014346221259077
1.9019125514141249
1.9023859842943875
1.9028548039133697
1.9033185610705297
1.9037955224789918
1.9055083804065596
1.9069746866229462