1.8500060960741282
1.8500060960741282
1.8500060960741282
1.8500060960741282
1.8500060960741282
1.8500060960741282
1.8500060960741282
1.8500060960741282
1.8500060960741282
1.8500060960741282
1.8500060960741282
1.8500060960741282
1.8500060960741282
1.8500060960741282
1.8500060960741282
1.8500060960741282
1.8500060960741282
1.8500060960741282
1.8500060960741282
1.8500060960741282
1.8500060960741282
1.8500060960741282
1.8500060960741282
1.8500060960741282
1.8500060960741282
1.8500060960741282
1.8500060960741282
1.8500060960741282
1.8500060960741282
1.8500060960741282
1.8500060960741282
1.8500060960741282
1.8500060960741282
1.8500060960741282
1.8500060960741282
1.8500060960741282
1.8500060960741282
1.8500060960741282
1.8500060960741282
1.8500060960741282
1.8500060960741282
1.8500060960741282
1.8500060960741282
1.8500060960741282
1.8500060960741282
1.8500060960741282
1.8500060960741282
1.8500060960741282
1.8500060960741282
1.8500060960741282
1.8500060960741282
1.8500060960741282
1.8500060960741282
1.8500060960741282
1.8500060960741282
1.8500060960741282
1.8500060960741282
1.8500060960741282
1.8500060960741282
1.8500060960741282
1.8500060960741282
1.8500060960741282
1.8500060960741282
1.8500060960741282
1.8500060960741282
1.8500060960741282
1.8500060960741282
1.8500060960741282
1.8500060960741282
1.8500060960741282
1.8500060960741282
2.503825626804816
3.1497571844673224
3.1337066420013526
3.1233905214103834
3.119985974350276
3.1165974639794087
3.1143874162219607
3.1066366643649728
3.0913592232684577
3.073995201122672
3.0512088153974704
3.0257636254652374
2.998299175524104
2.96943266772472
2.9408071842237
2.9140337657283135
2.8898549566089042
2.867751417208471
2.85385148176794
2.850985180026868
2.8428736785335795
2.8061955005612034
2.7841017520888762
2.7874079304464505
2.7829671449096773
2.774121687511582
2.762894510190273
2.7530289546965694
2.741633540889934
2.727355273982556
2.709423688077784
2.6876812232221052
2.6608290926701788
2.6263313844364955
2.5845697942612538
2.5404728084564603
2.5004746478491717
2.468548998118285
2.4438468657499985
2.422978427723889
2.4054759186174257
2.3907342881529887
2.3761792172945633
2.3601622590132876
2.3414196275280306
2.3205190392764514
2.2996250327972336
2.278532536106616
2.256686251583007
2.2346576632725443
2.2123134698840343
2.189728016956025
2.1670251594414376
2.144242608515291
2.121436324700994
2.098617469431922
2.0757306535850244
2.0526740556066216
2.029320594325474
2.005570030733563
1.9814870999438217
1.9573601083377303
1.933724869411773
1.9113272230937581
1.890959761588833
1.8733122699060218
1.8587527576669647
1.8472262404249284
1.8383710414054208
1.8316406129188278
1.8264331282110846
1.822215261618981
1.8185364039024976
1.8151030324393616
1.8117947475168301
1.8085480342964155
1.8053276995052623
1.8021613652517634
1.7990930366356284
1.7961287703012845
1.7932751794195716
1.7905479543124616
1.7879721249620792
1.785554789159793
1.7832839717454299
1.781160962039107
1.7791866889493826
1.7773517565135997
1.7756286947257096
1.7739952627367028
1.772441768851888
1.7709581731227355
1.7695344293582815
1.7681621227031696
1.7668477345204603
1.7656126050922034
1.76445687217767
1.763379032717015
1.7623773939437766
1.761430420810838
1.7605135921182362
1.7596219187694255
1.7587618559650084
1.7579162058441882
1.7570863915829062
1.7563783824614965
1.7558786998354727
1.7554948535444779
1.755010741182088
1.7538814401178162
1.7522279038516264
1.7506613855563882
1.7492922803040902
1.7480634964422612
1.7468910062330134
1.7457580512779107
1.7446100983623825
1.7433951821976703
1.7421150894088124
1.740803808251219
1.7394694041667562
1.7381491666272795
1.7368869906242392
1.7357343480455545
1.7347286995920608
1.7338211106721215
1.7329219580425161
1.7319441232562274
1.7308443956121127
1.7296052966285669
1.7282681409357283
1.7269368657762016
1.7257059008216484
1.7246117066936102
1.7236215888414406
1.7227273137738979
1.7219266511024967
1.7211760319031382
1.720449533621848
1.719752901250263
1.7190926309423564
1.7184695901658622
1.7178832338881436
1.7173330328055543
1.71681847599188
1.7163390724246121
1.7158943526664507
1.7154838645152153
1.7151069174889089
1.7147527316101248
1.7144202198817395
1.7141182661212055
1.7138422298545541
1.7135872462716812
1.7133521702559764
1.7131358303750983
1.7129370285975578
1.7127545484746203
1.7125871626817717
1.7124336052271585
1.7122925307584569
1.7121625303716157
1.712042163295107
1.7119299329502033
1.7118242803552346
1.7117236438828338
1.7116264696612462
1.7115310042331413
1.7114299748802115
1.7113183472796583
1.7111961580623176
1.711060835667324
1.7109096342251635
1.7107396729308646
1.7105478420188578
1.7103302439125065
1.7100822011973968
1.7098002684451434
1.7094807689519311
1.709169932328304
1.7111450335293297
1.7132611686857833