1.699890270665691
1.699890270665691
1.699890270665691
1.699890270665691
1.699890270665691
1.699890270665691
1.699890270665691
1.699890270665691
1.699890270665691
1.699890270665691
1.699890270665691
1.699890270665691
1.699890270665691
1.699890270665691
1.699890270665691
1.699890270665691
1.699890270665691
1.699890270665691
1.699890270665691
1.699890270665691
1.699890270665691
1.699890270665691
1.699890270665691
1.699890270665691
1.699890270665691
1.699890270665691
1.699890270665691
1.699890270665691
1.699890270665691
1.699890270665691
1.699890270665691
1.699890270665691
1.699890270665691
1.699890270665691
1.699890270665691
1.699890270665691
1.699890270665691
1.699890270665691
1.699890270665691
1.699890270665691
1.699890270665691
1.699890270665691
1.699890270665691
1.699890270665691
1.699890270665691
1.699890270665691
1.699890270665691
1.699890270665691
1.699890270665691
1.699890270665691
1.699890270665691
1.699890270665691
1.699890270665691
1.699890270665691
1.699890270665691
1.699890270665691
1.699890270665691
1.699890270665691
1.699890270665691
1.699890270665691
1.699890270665691
1.699890270665691
1.699890270665691
1.699890270665691
1.699890270665691
1.699890270665691
1.699890270665691
1.699890270665691
1.699890270665691
1.699890270665691
1.699890270665691
1.699890270665691
1.699890270665691
1.699890270665691
2.2449665517984134
2.7883983144680546
2.7876413032275806
2.7885238711458595
2.7877131340189365
2.7825948478186895
2.771065329633867
2.752568219958475
2.7318455075991612
2.708661962065284
2.682504115512575
2.6544092858326525
2.6257363771195026
2.597269901445175
2.5650387740038596
2.53816384187589
2.529929312346615
2.531279805792914
2.519808651245697
2.4831230502602715
2.4627119427644155
2.4658344998019537
2.4585257970662626
2.4488963260957526
2.4403059738725337
2.4314335691027433
2.420487168407282
2.4069811020275695
2.388501797920235
2.361109180935016
2.323036904665579
2.273909140045083
2.2167538808573637
2.161051695998073
2.1170901427678936
2.089012267768246
2.072728498488347
2.060154639170938
2.0482072768837263
2.0353002263338142
2.018158967125835
1.9978546248295486
1.9782177865093278
1.958789091833277
1.9385020506693162
1.918270467804021
1.8978349908468495
1.877318371722698
1.8568952344639151
1.83659757202067
1.8165434982703472
1.796854887279682
1.7775824264624722
1.7587437953637015
1.7402530845022866
1.72195341481895
1.7036563453990006
1.6852363313997727
1.666816537542334
1.648832268902459
1.63203594900608
1.6173264314147735
1.605487788012958
1.5969468502662174
1.5915296650420232
1.5886172858962526
1.5874669119980496
1.5873361826658305
1.5876132906053155
1.5879506727891606
1.5882066965357629
1.5883040269315143
1.5882451644749382
1.5880755761819012
1.58784051347781
1.587581712280962
1.5873288974706816
1.5871150493734887
1.586956607349097
1.5868505084757247
1.5867914700953927
1.5867794580163572
1.5868156199003862
1.5869064438024187
1.5870577653842806
1.5872552071857475
1.5874681034106088
1.5876783890054806
1.5878795814453799
1.588059467221136
1.5882261451429773
1.5884034118406638
1.5886031658884128
1.5888292200561227
1.5890832659858152
1.5893594242351892
1.5896425878919467
1.5899127579634955
1.5901603979463936
1.5903835621267413
1.590584113963541
1.5907725408520084
1.5909676319013095
1.5912324851883013
1.5916049236469507
1.5919534117830954
1.5921990959457708
1.5923540981429531
1.5925024329754343
1.592762349881847
1.5930880710822657
1.5934193793426004
1.5937350146160356
1.5940054928250338
1.5942170714979382
1.594382711510844
1.5945237329402064
1.5946638061664573
1.59482803892412
1.595041558961476
1.5953290184202307
1.595689875799731
1.596081197861078
1.5964443148821563
1.596743750520718
1.5969656946809452
1.5971126571745082
1.5972246720805106
1.5973726466235063
1.5976056000576704
1.5979211068398569
1.5982975987864871
1.5987255204615498
1.5991888765811075
1.5996561573159656
1.6001123911330146
1.600585468110038
1.6010812694830148
1.6015792098530315
1.6020789334326664
1.6025801019868804
1.6030823946159933
1.6035855070233294
1.6040891508315958
1.6045930530587351
1.605096955598126
1.6056006147041617
1.6061038004841417
1.6066062963973375
1.6071078987620315
1.6076084162712374
1.6081076695179672
1.608605490544877
1.6091017233743954
1.6095962295404171
1.6100888925450403
1.6105796013400906
1.6110682290713885
1.6115546468437834
1.6120387439216066
1.6125204142224248
1.612999555378321
1.6134761055641618
1.613950049228436
1.614421368563963
1.6148900236848873
1.6153559846754635
1.6158192247541376
1.6162796772730554
1.6167372569060299
1.6171918892705537
1.6176434668593749
1.6180915161495633
1.6185352345023447
1.6189747840018929
1.6194097492867336
1.6198530184024222
1.6212345252772642
1.6223888551734942