1.4499512314069738
1.4499512314069738
1.4499512314069738
1.4499512314069738
1.4499512314069738
1.4499512314069738
1.4499512314069738
1.4499512314069738
1.4499512314069738
1.4499512314069738
1.4499512314069738
1.4499512314069738
1.4499512314069738
1.4499512314069738
1.4499512314069738
1.4499512314069738
1.4499512314069738
1.4499512314069738
1.4499512314069738
1.4499512314069738
1.4499512314069738
1.4499512314069738
1.4499512314069738
1.4499512314069738
1.4499512314069738
1.4499512314069738
1.4499512314069738
1.4499512314069738
1.4499512314069738
1.4499512314069738
1.4499512314069738
1.4499512314069738
1.4499512314069738
1.4499512314069738
1.4499512314069738
1.4499512314069738
1.4499512314069738
1.4499512314069738
1.4499512314069738
1.4499512314069738
1.4499512314069738
1.4499512314069738
1.4499512314069738
1.4499512314069738
1.4499512314069738
1.4499512314069738
1.4499512314069738
1.4499512314069738
1.4499512314069738
1.4499512314069738
1.4499512314069738
1.4499512314069738
1.4499512314069738
1.4499512314069738
1.4499512314069738
1.4499512314069738
1.4499512314069738
1.4499512314069738
1.4499512314069738
1.4499512314069738
1.4499512314069738
1.4499512314069738
1.4499512314069738
1.4499512314069738
1.4499512314069738
1.4499512314069738
1.4499512314069738
1.4499512314069738
1.4499512314069738
1.4499512314069738
1.4499512314069738
1.4499512314069738
1.4499512314069738
1.4499512314069738
1.4499512314069738
1.4499512314069738
1.4499512314069738
1.4499512314069738
2.6387812429191424
2.6400812113644605
2.63796193395868
2.62588481713936
2.610391647920265
2.5907015838054486
2.5695169414027417
2.5468013488786063
2.5231021295810008
2.5023548136621265
2.4787010391704936
2.4507528623863175
2.436272099923725
2.436737688249499
2.433069662574332
2.4191937718756726
2.3987628047037672
2.37329536132485
2.3601920143897206
2.3574574021374106
2.3482899564442556
2.3385610599332782
2.326856575508219
2.31175715504241
2.292697370674413
2.2680196554661767
2.234673157986844
2.192331916126478
2.1457520563960384
2.1023789641989556
2.0679387752736846
2.0425364631476977
2.0217001441917413
2.0043553959970666
1.9902682436064498
1.9767938835424548
1.9622629490279964
1.9447930816996968
1.9245282947466957
1.904301087753827
1.8840677604993683
1.8629883439319779
1.8416509009664608
1.81986737788187
1.7977538221728682
1.775448300550614
1.7529835459641268
1.7304416164109702
1.7078643833294433
1.6852018468772372
1.662354288879037
1.639200411362251
1.6156176799441468
1.5915889384113184
1.567303775634952
1.5432069506580228
1.519966439620393
1.4983692954456116
1.479204830732227
1.4629812037218215
1.4498056520805662
1.4395106539483822
1.4316247614537778
1.425562510269338
1.4207817908583962
1.4167885999735679
1.4132286415174626
1.4098990163196612
1.4066857971437943
1.4035396963544107
1.4004704933700227
1.3974964025897278
1.3946212644879383
1.3918685139268254
1.389253772959348
1.3867698824755925
1.3844416734102085
1.38227473316117
1.3802546598820447
1.3783798005477828
1.3766383061901653
1.3750065287663993
1.373467048375083
1.3720249775170064
1.3706690757139406
1.3693604066292513
1.3680883089581555
1.3668702322303214
1.3657269290661158
1.3646702777045532
1.363698726568728
1.3627999535409112
1.3619537945080087
1.3611366555516315
1.3603437004045962
1.3595799209771415
1.3588284350055375
1.358090382965438
1.3574674391488333
1.3570549064993254
1.356754071096862
1.3563473575255205
1.3553674246488192
1.3539103604150797
1.3525177362064429
1.3513155987323804
1.3502692119179052
1.3492966406535805
1.3483607610853736
1.347409307109232
1.3463945947071945
1.3453183930983454
1.3441957876998136
1.3430537537875364
1.3419462770205965
1.3408985937362157
1.339959568014266
1.339164577242142
1.3384662507700227
1.3377793606354975
1.337032306256267
1.3361684889722223
1.3351721562837005
1.3340836021228017
1.3330018698294885
1.3320153698206239
1.3311401576195807
1.3303701757901016
1.3297032748805522
1.329126695908929
1.3285985810496654
1.3280944148174416
1.3276198720574521
1.3271812391875535
1.3267794271279854
1.3264140235714803
1.32608465563168
1.3257909914729022
1.3255326444017672
1.3253052377007986
1.325104176226059
1.3249285617512505
1.3247774968172992
1.324650084671166
1.324545429130042
1.324462634367756
1.3244008046201337
1.3243590438067157
1.3243364551012398
1.3243321419953744
1.3243452173312222
1.3243748117738778
1.3244200489141293
1.324480007964217
1.3245536815533716
1.3246373066943364
1.3247269379511522
1.3248211279109643
1.3249184325647414
1.325017422294797
1.3251166036794515
1.3252143796425286
1.3253090926788988
1.325399010137813
1.325482247396662
1.3255567891573523
1.3256205295522931
1.3256711903485152
1.325705773143225
1.3257205652531716
1.3257131911580389
1.3256807891216844
1.3256599227352897
1.3275600926018405
1.329458070864104