1.2000121921482565
1.2000121921482565
1.2000121921482565
1.2000121921482565
1.2000121921482565
1.2000121921482565
1.2000121921482565
1.2000121921482565
1.2000121921482565
1.2000121921482565
1.2000121921482565
1.2000121921482565
1.2000121921482565
1.2000121921482565
1.2000121921482565
1.2000121921482565
1.2000121921482565
1.2000121921482565
1.2000121921482565
1.2000121921482565
1.2000121921482565
1.2000121921482565
1.2000121921482565
1.2000121921482565
1.2000121921482565
1.2000121921482565
1.2000121921482565
1.2000121921482565
1.2000121921482565
1.2000121921482565
1.2000121921482565
1.2000121921482565
1.2000121921482565
1.2000121921482565
1.2000121921482565
1.2000121921482565
1.2000121921482565
1.2000121921482565
1.2000121921482565
1.2000121921482565
1.2000121921482565
1.2000121921482565
1.2000121921482565
1.2000121921482565
1.2000121921482565
1.2000121921482565
1.2000121921482565
1.2000121921482565
1.2000121921482565
1.2000121921482565
1.2000121921482565
1.2000121921482565
1.2000121921482565
1.2000121921482565
1.2000121921482565
1.2000121921482565
1.2000121921482565
1.2000121921482565
1.2000121921482565
1.2000121921482565
1.2000121921482565
1.2000121921482565
1.2000121921482565
1.2000121921482565
1.2000121921482565
1.2000121921482565
1.2000121921482565
1.2000121921482565
1.2000121921482565
1.2000121921482565
1.2000121921482565
1.2000121921482565
1.2000121921482565
1.2000121921482565
1.2000121921482565
1.2000121921482565
1.2000121921482565
1.2000121921482565
1.2000121921482565
1.2000121921482565
1.2000121921482565
1.2000121921482565
1.2000121921482565
1.7629217278489506
2.3194666125433434
2.2979534316681103
2.2694817189746295
2.2462783308087273
2.227149648272104
2.1940968945611843
2.1625609801707126
2.154055700605633
2.150287426154935
2.139427343798159
2.125073510065743
2.1103376697492635
2.101334031609432
2.0963975026342627
2.0887986597389157
2.0820362224989157
2.074324159267495
2.064557100215807
2.050227763050754
2.0273786733621106
1.9938963334408444
1.9482044629224022
1.8921469412567178
1.8355409558486362
1.790059623365449
1.760930740035862
1.7446598680201393
1.7330225459586248
1.7221680549542429
1.7105261534684102
1.6950828543578285
1.6760698010752917
1.656768861117515
1.6374403718186483
1.617280464449811
1.596830815608792
1.5757824868344799
1.5542955419882483
1.5325244223661338
1.5104524329649396
1.4881929105941207
1.4658731357301666
1.4435627044269816
1.421291014081649
1.398989604441709
1.3764939856248115
1.3535794872306783
1.3300510350862962
1.3058899594366205
1.2813989310126894
1.2572635235051757
1.2344491270816484
1.2140132877265035
1.1968085903829797
1.1831725859998987
1.1728618657582803
1.165283005917158
1.1597122591074407
1.1554206890958336
1.151888102536481
1.1487807177126723
1.1458600865713096
1.1430344640815413
1.1402766754381277
1.1375761600081424
1.1349529230153403
1.1324294150963907
1.1300351678108624
1.1277798921235163
1.1256628321399313
1.1236852384002476
1.1218332614739341
1.1201228435859591
1.1185627379366911
1.1171450086336407
1.1158519701110658
1.1146578184458962
1.113536429618875
1.1124611059069087
1.1114171652787292
1.1104095699702676
1.109461758799735
1.1085858965699225
1.1077844615745458
1.1070620802843072
1.1064065057630903
1.1057986533581556
1.1052205186156239
1.1046557140932687
1.1040975319683533
1.1035441226906717
1.102999267761489
1.1024859941172074
1.10209366734887
1.1018739116572953
1.1016562609912834
1.1010334938950632
1.10001323996896
1.0989998903067626
1.0981674733799252
1.0974789937577394
1.0968582937189377
1.0962724742867054
1.0956566604430082
1.0949785397001506
1.094253503953274
1.0934983572247736
1.092729196422579
1.0919798177052051
1.091299053526532
1.090720043580661
1.0902554942583764
1.0898673982186802
1.089475211840793
1.0890200884906642
1.0884686825708378
1.087800960984155
1.0870582006852532
1.0863441366337367
1.0857295509446798
1.0852259443957646
1.084825098029409
1.0845230152049723
1.084305928894656
1.0841302254981189
1.0839694791159769
1.0838290596594105
1.0837203377420526
1.0836441636929415
1.0835944312234886
1.0835703948330098
1.0835713336944224
1.0835965528528417
1.0836453844803193
1.0837171893853377
1.0838113586883038
1.0839273151433204
1.0840645135093832
1.0842223846649333
1.0843977002662557
1.0845895993556942
1.0847973754421218
1.0850178322723183
1.0852501192429775
1.0854933987727424
1.0857468530655296
1.0860096609300687
1.086280965332338
1.0865598905281955
1.0868456149263874
1.0871396130381923
1.0874411595643254
1.0877472763874705
1.0880571916312674
1.0883701142464535
1.0886852015638588
1.089001601529377
1.089318441065438
1.0896347218765765
1.0899472105442793
1.0902525219930252
1.0905491729782408
1.090835079820823
1.091107581624457
1.0913652783333463
1.0916061872669216
1.0918579206973256
1.0936919874605748
1.0953900920696371