1.0000609607412825
1.0000609607412825
1.0000609607412825
1.0000609607412825
1.0000609607412825
1.0000609607412825
1.0000609607412825
1.0000609607412825
1.0000609607412825
1.0000609607412825
1.0000609607412825
1.0000609607412825
1.0000609607412825
1.0000609607412825
1.0000609607412825
1.0000609607412825
1.0000609607412825
1.0000609607412825
1.0000609607412825
1.0000609607412825
1.0000609607412825
1.0000609607412825
1.0000609607412825
1.0000609607412825
1.0000609607412825
1.0000609607412825
1.0000609607412825
1.0000609607412825
1.0000609607412825
1.0000609607412825
1.0000609607412825
1.0000609607412825
1.0000609607412825
1.0000609607412825
1.0000609607412825
1.0000609607412825
1.0000609607412825
1.0000609607412825
1.0000609607412825
1.0000609607412825
1.0000609607412825
1.0000609607412825
1.0000609607412825
1.0000609607412825
1.0000609607412825
1.0000609607412825
1.0000609607412825
1.0000609607412825
1.0000609607412825
1.0000609607412825
1.0000609607412825
1.0000609607412825
1.0000609607412825
1.0000609607412825
1.0000609607412825
1.0000609607412825
1.0000609607412825
1.0000609607412825
1.0000609607412825
1.0000609607412825
1.0000609607412825
1.0000609607412825
1.0000609607412825
1.0000609607412825
1.0000609607412825
1.0000609607412825
1.0000609607412825
1.0000609607412825
1.0000609607412825
1.0000609607412825
1.0000609607412825
1.0000609607412825
1.0000609607412825
1.0000609607412825
1.0000609607412825
1.0000609607412825
1.0000609607412825
1.0000609607412825
1.0000609607412825
1.0000609607412825
1.0000609607412825
1.0000609607412825
1.0000609607412825
1.0000609607412825
1.0000609607412825
1.0000609607412825
1.0000609607412825
1.4876567004658745
1.9701607498692102
1.9428083751634975
1.9042805163411516
1.8838154630151895
1.8772871598448948
1.8686187064235393
1.8596995947836235
1.854037042167893
1.845845082838118
1.8269960421342073
1.8128721913077455
1.8099232945021262
1.8040017575897747
1.7964673499967236
1.7847048577783253
1.7643708645032001
1.7323929727846585
1.6859281829275787
1.625073063354688
1.5601836996814087
1.5066409564958283
1.4722174078802035
1.4536048788599252
1.44155090636072
1.4310568350661539
1.420230185341962
1.4058865232335869
1.3877062492059624
1.3687497303483842
1.3497036103017401
1.3299879747241914
1.3099746518447246
1.289401696606413
1.2684851228980796
1.2473724174065712
1.2260516397738492
1.204662792056154
1.1833396952301576
1.1621836529614367
1.141255277807566
1.1205059289213233
1.099812842273949
1.0789691357375133
1.0577626580905455
1.0361513603836934
1.0143677900248513
0.9930096035435962
0.9729497865940693
0.955187154609896
0.9405439465736443
0.9293466287973211
0.921420354003609
0.9162077005292684
0.9129480468609263
0.9109026049893929
0.9095370929056741
0.9085101278171224
0.9075779510541762
0.9066370250589308
0.9056706933683234
0.9046826367872676
0.9037016305360921
0.9027580143467606
0.9018841075815551
0.9010928047957889
0.9003809294059941
0.8997519066565434
0.8992144008197691
0.8987615049651776
0.8984001358668108
0.8981356931211644
0.897953189020777
0.8978181246046795
0.8977042018293564
0.8976006990628251
0.8974921176992132
0.897390177000811
0.8973165775724858
0.8972770880402905
0.8972737250772269
0.8973103961589501
0.8973849725308765
0.8974812822041747
0.8975769731141847
0.8976605403055369
0.8977286668313726
0.8977803039360546
0.8978268369301636
0.8978883166149818
0.8980302076217037
0.8982957983046531
0.8985451968916158
0.8986367968802531
0.898581781032112
0.8985245298229825
0.898596472658086
0.8987530069700771
0.8989294953031539
0.8990999888489477
0.8992363530654375
0.8993214012646145
0.8993617184997729
0.8993786602681801
0.8993941266762562
0.8994351408747847
0.8995295346683547
0.8997055536649774
0.8999648916543972
0.9002628754326931
0.9005359621397986
0.9007439717570547
0.9008695265620439
0.9009148922329562
0.9009185647531446
0.9009560777812524
0.9010863552547344
0.9013092928257791
0.9016035989115583
0.9019604294177661
0.9023661896780162
0.9027879017299565
0.90320702354499
0.9036309494816424
0.9040622813567829
0.9044971451413257
0.9049347726712726
0.9053743998344341
0.9058152647746063
0.9062566120237596
0.906698073574713
0.9071617148888942
0.9076486005802167
0.9081375433068235
0.9086281660298434
0.9091201105837134
0.9096130370342062
0.9101066230360813
0.9106005631919913
0.9110945684299576
0.9115883664167326
0.9120817072709162
0.9125743681708816
0.9130661357476217
0.9135567833069818
0.9140460850456211
0.9145338372583485
0.915019843960204
0.9155039156325095
0.9159859078794543
0.9164657274258072
0.9169432808308571
0.9174184532506358
0.917891141852281
0.9183612484697283
0.918828634149671
0.919293141030268
0.9197546232348124
0.9202129002772201
0.9206674083537454
0.9211172384253947
0.9215624884834162
0.9220026614562409
0.9224510280977452
0.9238286756505426
0.9249765115430064