0.8001097293343087
0.8001097293343087
0.8001097293343087
0.8001097293343087
0.8001097293343087
0.8001097293343087
0.8001097293343087
0.8001097293343087
0.8001097293343087
0.8001097293343087
0.8001097293343087
0.8001097293343087
0.8001097293343087
0.8001097293343087
0.8001097293343087
0.8001097293343087
0.8001097293343087
0.8001097293343087
0.8001097293343087
0.8001097293343087
0.8001097293343087
0.8001097293343087
0.8001097293343087
0.8001097293343087
0.8001097293343087
0.8001097293343087
0.8001097293343087
0.8001097293343087
0.8001097293343087
0.8001097293343087
0.8001097293343087
0.8001097293343087
0.8001097293343087
0.8001097293343087
0.8001097293343087
0.8001097293343087
0.8001097293343087
0.8001097293343087
0.8001097293343087
0.8001097293343087
0.8001097293343087
0.8001097293343087
0.8001097293343087
0.8001097293343087
0.8001097293343087
0.8001097293343087
0.8001097293343087
0.8001097293343087
0.8001097293343087
0.8001097293343087
0.8001097293343087
0.8001097293343087
0.8001097293343087
0.8001097293343087
0.8001097293343087
0.8001097293343087
0.8001097293343087
0.8001097293343087
0.8001097293343087
0.8001097293343087
0.8001097293343087
0.8001097293343087
0.8001097293343087
0.8001097293343087
0.8001097293343087
0.8001097293343087
0.8001097293343087
0.8001097293343087
0.8001097293343087
0.8001097293343087
0.8001097293343087
0.8001097293343087
0.8001097293343087
0.8001097293343087
0.8001097293343087
0.8001097293343087
0.8001097293343087
0.8001097293343087
0.8001097293343087
0.8001097293343087
0.8001097293343087
0.8001097293343087
0.8001097293343087
0.8001097293343087
0.8001097293343087
0.8001097293343087
0.8001097293343087
0.8001097293343087
0.8001097293343087
1.2679885201596242
1.7232429495092492
1.6874726408886032
1.6602455658088753
1.6456229252878996
1.6309891229604356
1.6213368996239963
1.6136171495548484
1.6100863751485148
1.5992598627114474
1.5898252273050537
1.5881509215987317
1.583117563904064
1.5730210831429592
1.5553437441869806
1.5268500504176221
1.482305493608859
1.4192955769124898
1.3481793831270377
1.287854812994359
1.248904282540313
1.2282780899448091
1.215824965180396
1.2055659429688343
1.1953140523179973
1.1819236195360259
1.1646458128888597
1.1461770720122648
1.1275295044705518
1.1082804792713963
1.0886510454077556
1.0684463466418177
1.047917485738731
1.0271931334588773
1.0062584751232149
0.9852745589084089
0.9643921772673818
0.9437123774469023
0.9233224389806309
0.9032144595296143
0.8832804566567543
0.8633315609641656
0.8431667580633428
0.8227141793767578
0.8021213537226679
0.7818837727630619
0.7628004622926474
0.7457967194946875
0.7317190810370795
0.7210059693999471
0.7135477888419242
0.7088613608197207
0.7062337436511232
0.7049033443804211
0.7042805817166455
0.7039806931716821
0.7037650982109744
0.7035122580182744
0.7031998268801141
0.7028334042051434
0.7024355347998987
0.7020512556807954
0.7017045334531524
0.7014113220895577
0.7011816992940079
0.7010165133840325
0.7009112001546527
0.7008629215309681
0.7008781010810166
0.7009661839689001
0.701113002866913
0.701285551627649
0.7014668870013077
0.7016481580646092
0.7018186386409908
0.701983033749858
0.7021563540347115
0.7023483524115626
0.7025641442332684
0.7028078367982082
0.7030748261478881
0.7033503938175276
0.7036173274543305
0.7038659819328574
0.7040915315477612
0.7042955912364668
0.7044883127049457
0.704688083044158
0.7049568853870685
0.705330870779483
0.7056824415107739
0.7059417971268662
0.7061189930215057
0.7062893970993109
0.7065691730247565
0.7069137753073862
0.7072665857594835
0.707604541640148
0.7078964513703305
0.7081334949184515
0.7083284230461342
0.708499749375264
0.7086704245808735
0.7088647612908614
0.7091070396998098
0.7094210281446125
0.7098061242892288
0.7102229911148428
0.7106129719127916
0.710937607929431
0.7111835219954237
0.7113551293435056
0.7114907877003727
0.7116583154995324
0.7119063934728429
0.7122322121214488
0.7126146271810712
0.7130444571664267
0.7135288832178006
0.7140395110313513
0.7145412525866182
0.7150389762120286
0.7155369241159415
0.716035608355517
0.7165346810374882
0.7170338156136886
0.7175327063680996
0.718031067426667
0.718528631827086
0.7190251507524545
0.7195203927819691
0.7200141431599871
0.7205062030846465
0.7209963890170912
0.7214845320122409
0.7219704770719331
0.7224540825213162
0.7229352194214809
0.723413771906068
0.7238896421827345
0.7243627545127371
0.7248330396838567
0.7253004152272855
0.7257647982741899
0.7262261242616985
0.7266843343019309
0.7271393742828611
0.7275912288695336
0.7280399265812252
0.7284854948447637
0.72892794184817
0.7293672873378176
0.7298035610515223
0.7302367664621487
0.7306668897391646
0.7310939121626705
0.7315177740205938
0.7319380529829316
0.7323537529906459
0.7327644966357678
0.7331695999149546
0.7335785245376194
0.7347244551962421
0.7356623711191101