0.6499939039258718
0.6499939039258718
0.6499939039258718
0.6499939039258718
0.6499939039258718
0.6499939039258718
0.6499939039258718
0.6499939039258718
0.6499939039258718
0.6499939039258718
0.6499939039258718
0.6499939039258718
0.6499939039258718
0.6499939039258718
0.6499939039258718
0.6499939039258718
0.6499939039258718
0.6499939039258718
0.6499939039258718
0.6499939039258718
0.6499939039258718
0.6499939039258718
0.6499939039258718
0.6499939039258718
0.6499939039258718
0.6499939039258718
0.6499939039258718
0.6499939039258718
0.6499939039258718
0.6499939039258718
0.6499939039258718
0.6499939039258718
0.6499939039258718
0.6499939039258718
0.6499939039258718
0.6499939039258718
0.6499939039258718
0.6499939039258718
0.6499939039258718
0.6499939039258718
0.6499939039258718
0.6499939039258718
0.6499939039258718
0.6499939039258718
0.6499939039258718
0.6499939039258718
0.6499939039258718
0.6499939039258718
0.6499939039258718
0.6499939039258718
0.6499939039258718
0.6499939039258718
0.6499939039258718
0.6499939039258718
0.6499939039258718
0.6499939039258718
0.6499939039258718
0.6499939039258718
0.6499939039258718
0.6499939039258718
0.6499939039258718
0.6499939039258718
0.6499939039258718
0.6499939039258718
0.6499939039258718
0.6499939039258718
0.6499939039258718
0.6499939039258718
0.6499939039258718
0.6499939039258718
0.6499939039258718
0.6499939039258718
0.6499939039258718
0.6499939039258718
0.6499939039258718
0.6499939039258718
0.6499939039258718
0.6499939039258718
0.6499939039258718
0.6499939039258718
0.6499939039258718
0.6499939039258718
0.6499939039258718
0.6499939039258718
0.6499939039258718
0.6499939039258718
0.6499939039258718
0.6499939039258718
0.6499939039258718
0.6499939039258718
1.6997215557032652
1.6719860009554364
1.6384315124479905
1.619451070458266
1.602260549155914
1.5914732004253098
1.5830892448545433
1.5809964857896528
1.5757198088682465
1.5690340787547457
1.5613774210449987
1.553437924463899
1.5450645644572858
1.5282035758958117
1.5010004764466331
1.4584651166259066
1.3983820661874895
1.330882230005425
1.2739980685600523
1.2374159904333855
1.2180206095269888
1.206278688949799
1.1964241765631167
1.18644966524416
1.1737147219425215
1.1573345835692845
1.1395096970388423
1.121373776162481
1.1025600824490052
1.083111397142146
1.0629184375612175
1.0422062825262468
1.0210385473408141
0.9993850747169362
0.9773883337914768
0.9551526679368403
0.9327624588391161
0.9103024188404427
0.887767846149129
0.865057696312237
0.8419811714895313
0.8183075503518076
0.7938920197049133
0.7687769352784204
0.7433368955683299
0.7183197094164471
0.6947458529956094
0.6736782384361657
0.6558532509266204
0.64150760178926
0.6304530012620662
0.6221398824691255
0.6158393642154745
0.6109310946837385
0.606907229946235
0.6033565526834272
0.6000781418900853
0.5969692088441523
0.5939726272113619
0.5910870494530824
0.5883080003849832
0.585660561475791
0.583172418031793
0.5808349848484493
0.5786498752886495
0.5766160738237378
0.5747365165148528
0.5730198293029396
0.5714593430205839
0.5700499917357504
0.5687539705859654
0.5675338366581753
0.5663843459318847
0.5652871924988072
0.5642320072250637
0.5632388569359943
0.5623179631933524
0.5614725887176153
0.5607096844226409
0.560028630380248
0.5594105006399523
0.5588265183135253
0.5582591658121476
0.5576905683602749
0.5571182612145336
0.5565649699873378
0.5560539365524089
0.5556579555931545
0.5554394047010192
0.5552355503556838
0.554634673313962
0.5536426677714856
0.5526574924052179
0.5518565118154055
0.5512037498063367
0.5506220333638416
0.5500713865501745
0.549496557557422
0.5488711584504018
0.5481995669390414
0.5474872685856149
0.5467602009814314
0.5460629852443155
0.5454350922948321
0.5449210846782582
0.5445350012923931
0.544229120028215
0.54392263281941
0.5435561920330141
0.5430859797462584
0.5425014711792198
0.5418539387403181
0.5412275785433356
0.5407027996557767
0.5403010853052104
0.5400005576680131
0.5397925978394724
0.5396627198983421
0.5395765641922412
0.5395117908562574
0.5394681798281113
0.5394511358125214
0.5394609939354464
0.5394969893585935
0.5395639621023451
0.5396615649077794
0.5397839661776271
0.5399305225662778
0.5401006337654697
0.5402935265102644
0.5405058500429809
0.540734266391333
0.5409778423881169
0.5412356600754022
0.5415068668319933
0.5417930692984521
0.5420935883944566
0.5424053336188979
0.5427275069783621
0.5430593882708652
0.5434026008340296
0.5437565489568992
0.5441183162593375
0.5444872231879851
0.544864846179641
0.5452506476401138
0.5456418722087242
0.546035695911979
0.5464291484439268
0.5468212545936599
0.5472110217749813
0.5475974350029138
0.5479793976634189
0.5483557448748724
0.5487256379293437
0.5491104268130216
0.549509808534872
0.5499007375153906
0.5502823311082055
0.5506530771433851
0.5510371137843797
0.5528114940341773
0.5543840554702207