-0.1999512314069739
-0.1999512314069739
-0.1999512314069739
-0.1999512314069739
-0.1999512314069739
-0.1999512314069739
-0.1999512314069739
-0.1999512314069739
-0.1999512314069739
-0.1999512314069739
-0.1999512314069739
-0.1999512314069739
-0.1999512314069739
-0.1999512314069739
-0.1999512314069739
-0.1999512314069739
-0.1999512314069739
-0.1999512314069739
-0.1999512314069739
-0.1999512314069739
-0.1999512314069739
-0.1999512314069739
-0.1999512314069739
-0.1999512314069739
-0.1999512314069739
-0.1999512314069739
-0.1999512314069739
-0.1999512314069739
-0.1999512314069739
-0.1999512314069739
-0.1999512314069739
-0.1999512314069739
-0.1999512314069739
-0.1999512314069739
-0.1999512314069739
-0.1999512314069739
-0.1999512314069739
-0.1999512314069739
-0.1999512314069739
-0.1999512314069739
-0.1999512314069739
-0.1999512314069739
-0.1999512314069739
-0.1999512314069739
-0.1999512314069739
-0.1999512314069739
-0.1999512314069739
-0.1999512314069739
-0.1999512314069739
-0.1999512314069739
-0.1999512314069739
-0.1999512314069739
-0.1999512314069739
-0.1999512314069739
-0.1999512314069739
-0.1999512314069739
-0.1999512314069739
-0.1999512314069739
-0.1999512314069739
-0.1999512314069739
-0.1999512314069739
-0.1999512314069739
-0.1999512314069739
-0.1999512314069739
-0.1999512314069739
-0.1999512314069739
-0.1999512314069739
-0.1999512314069739
-0.1999512314069739
-0.1999512314069739
-0.1999512314069739
-0.1999512314069739
-0.1999512314069739
-0.1999512314069739
-0.1999512314069739
-0.1999512314069739
-0.1999512314069739
-0.1999512314069739
-0.1999512314069739
-0.1999512314069739
-0.1999512314069739
-0.1999512314069739
-0.1999512314069739
-0.1999512314069739
-0.1999512314069739
-0.1999512314069739
-0.1999512314069739
-0.1999512314069739
-0.1999512314069739
-0.1999512314069739
-0.1999512314069739
-0.1999512314069739
-0.1999512314069739
-0.1999512314069739
-0.1999512314069739
-0.1999512314069739
-0.1999512314069739
-0.1999512314069739
-0.1999512314069739
-0.1999512314069739
-0.1999512314069739
-0.1999512314069739
-0.1999512314069739
-0.1999512314069739
-0.1999512314069739
-0.1999512314069739
-0.1999512314069739
-0.1999512314069739
-0.1999512314069739
-0.1999512314069739
-0.1999512314069739
-0.1999512314069739
-0.11424960482941776
-0.042413669687308087
-0.0736988420001416
-0.10858295227797954
-0.14119459029783438
-0.16826389103362088
-0.18970129664770408
-0.20674232323576247
-0.2198114728300955
-0.22900930485418147
-0.2341661720893572
-0.23515171911207988
-0.23298276257202488
-0.22936379761675674
-0.22561099840583243
-0.22240733660103718
-0.21985400056973126
-0.21779310297729404
-0.2161129421253286
-0.21472594440740356
-0.21354497433946518
-0.21251255583878736
-0.21160735583907264
-0.21082942202406885
-0.2101803957248295
-0.20964334982214694
-0.209194519774888
-0.20882466894077678
-0.20852497977942608
-0.20827607656707847
-0.20806395292557445
-0.20788064648775728
-0.2077156090758615
-0.20756155047214075
-0.20741762594042912
-0.2072840312907459
-0.20716008202650504
-0.2070445548803751
-0.20693494886767583
-0.20682897349379148
-0.20672643348577935
-0.2066280903223604
-0.206534103420155
-0.2064442624136048
-0.20635820600094623
-0.2062751030156672
-0.20619404266666785
-0.20611566072334886
-0.20604179792372246
-0.20597319432617833
-0.20590961039780964
-0.20585080289046231
-0.20579562871666945
-0.20574214918449696
-0.20568943173846488
-0.20563746124973548
-0.20558622330859755
-0.2055359301748213
-0.2054874657971565
-0.20544190381451555
-0.20539959766097293
-0.2053604409604074
-0.2053241234250719
-0.20528970515272904
-0.2052560576097634
-0.2052196276283772
-0.20517835944035479
-0.2051401249636079
-0.20510152298256823
-0.20506154295114543
-0.20502295800725967
-0.2049793569398085
-0.20493384514705626
-0.20488981407367957
-0.2048484362206765
-0.20481107944285337
-0.20477787268611125
-0.20474776343441092
-0.20471948608165114
-0.2046916277998284
-0.20466283153805376
-0.20463184293022685
-0.20459752664094555
-0.20456016520778186
-0.20452225441269378
-0.20448692040616334
-0.2044558392660102
-0.20442946002948392
-0.20440724337014238
-0.2043868370431835
-0.20436440606292494
-0.20433738485370145
-0.2043061504568099
-0.2042720419478562
-0.20423568228349642
-0.2041979962963899
-0.20416066126009313
-0.20412442423981358
-0.20408896374588348
-0.20405400926345496
-0.204019503355508
-0.20398543802599256
-0.20395180545879688
-0.2039185979969792
-0.20388580814905122
-0.20385342859242728
-0.20382145216879255
-0.20378987187962128
-0.20375868088183802
-0.20372787248361923
-0.2036974401403263
-0.20366737745056696
-0.20363767815238443
-0.20360833611956186
-0.2035793453580429
-0.20355070000246556
-0.2035223943128014
-0.2034944226710963
-0.2034667795783135
-0.20343945965127375
-0.2034124576196853
-0.2033857683232635
-0.20335938670893838
-0.2033333078281475
-0.20330752683420428
-0.20328203897974884
-0.20325683961427188
-0.20323192418170943
-0.20320728821811318
-0.2031829273493838
-0.20315883728907103
-0.20313501383623656
-0.20311145287338206
-0.20308815036443206
-0.20306510235277464
-0.20304230495935982
-0.2030197543808442
-0.20299744688092314
-0.20297536693913176
-0.2029328394297357
-0.20290129841848642