0.4998780785174347
0.4998780785174347
0.4998780785174347
0.4998780785174347
0.4998780785174347
0.4998780785174347
0.4998780785174347
0.4998780785174347
0.4998780785174347
0.4998780785174347
0.4998780785174347
0.4998780785174347
0.4998780785174347
0.4998780785174347
0.4998780785174347
0.4998780785174347
0.4998780785174347
0.4998780785174347
0.4998780785174347
0.4998780785174347
0.4998780785174347
0.4998780785174347
0.4998780785174347
0.4998780785174347
0.4998780785174347
0.4998780785174347
0.4998780785174347
0.4998780785174347
0.4998780785174347
0.4998780785174347
0.4998780785174347
0.4998780785174347
0.4998780785174347
0.4998780785174347
0.4998780785174347
0.4998780785174347
0.4998780785174347
0.4998780785174347
0.4998780785174347
0.4998780785174347
0.4998780785174347
0.4998780785174347
0.4998780785174347
0.4998780785174347
0.4998780785174347
0.4998780785174347
0.4998780785174347
0.4998780785174347
0.4998780785174347
0.4998780785174347
0.4998780785174347
0.4998780785174347
0.4998780785174347
0.4998780785174347
0.4998780785174347
0.4998780785174347
0.4998780785174347
0.4998780785174347
0.4998780785174347
0.4998780785174347
0.4998780785174347
0.4998780785174347
0.4998780785174347
0.4998780785174347
0.4998780785174347
0.4998780785174347
0.4998780785174347
0.4998780785174347
0.4998780785174347
0.4998780785174347
0.4998780785174347
0.4998780785174347
0.4998780785174347
0.4998780785174347
0.4998780785174347
0.4998780785174347
0.4998780785174347
0.4998780785174347
0.4998780785174347
0.4998780785174347
0.4998780785174347
0.4998780785174347
0.4998780785174347
0.4998780785174347
0.4998780785174347
0.4998780785174347
0.4998780785174347
0.4998780785174347
0.4998780785174347
0.4998780785174347
1.6213814483414244
1.6090087615455593
1.589279047707897
1.5612251601755074
1.5347750061875889
1.518185964602897
1.5037618364185632
1.5001018551132925
1.4945642152249832
1.4882686507911187
1.484430879295548
1.4799481111474282
1.4731093546754739
1.458484207373163
1.4332294383774289
1.392696086140766
1.3339631426962062
1.2670279103868303
1.21045305466878
1.1742314540168324
1.1552025175879077
1.1438765264976605
1.1344004303151585
1.1248461718793696
1.1128576247026047
1.0974166277578927
1.0804220717283095
1.0630936900828956
1.0450660312917939
1.026275267303332
1.0067075401054502
0.9865744242684248
0.9658970351857149
0.9446411022313354
0.922942714643861
0.9008842076451754
0.8785344057378573
0.8559695356133327
0.8331928018395686
0.8101291138992627
0.7866140546770252
0.7624280898612329
0.7373876775987941
0.7114725841122448
0.6849516470453011
0.6584209596934355
0.632808940776954
0.6091644721321466
0.588342554737464
0.57080470810855
0.5565599351082323
0.5452321974427493
0.5361991584670106
0.5288680998311907
0.5227156185638165
0.5172813754660283
0.5122975772923631
0.5076085322675202
0.5031124376571549
0.4987784711891027
0.49461409146256063
0.490632443704052
0.48682376114635784
0.48317806877169345
0.47971864812153575
0.4764473336293499
0.4733518050731701
0.4704440233357393
0.4677518329418776
0.46526221820801583
0.4629218994130678
0.46070278880343507
0.4585829962343132
0.4565379640810937
0.45456499477779355
0.4526846978745841
0.45090906605953684
0.4492431608911148
0.44769755448304915
0.446271873260773
0.4449437891070561
0.44366591493279695
0.44241637175012827
0.44119821541946813
0.44000604825629097
0.43883884624486147
0.43772340077505956
0.4367531941459327
0.4360081110246289
0.435306864002564
0.433961282141227
0.4319659864572857
0.42994396467303597
0.42810783848224354
0.42645904838864734
0.4249132584311518
0.4234318577785353
0.4219532432169891
0.4204335020247171
0.41884254324950165
0.41718989623627867
0.4155213538305135
0.41385533854009726
0.4122404677808543
0.4107585311949419
0.40944036985777343
0.4082419395615312
0.40706910166014876
0.405821872370726
0.404445587254486
0.40292902455129787
0.40128591320070106
0.39962091887095463
0.3980371887141324
0.39656216311140213
0.39520355000130414
0.3939654781051459
0.3928401012751409
0.391784373759276
0.39077079602671205
0.3898052330721439
0.38889488277324935
0.3880344475240559
0.3872166747846798
0.38644046656112485
0.3857050102602667
0.3850203009522858
0.38438615673929777
0.3837916686441517
0.3832358991838053
0.3827179139851472
0.38223678289596175
0.38179158132326985
0.38138139180644226
0.381005305156387
0.38066241909717
0.3803517366585615
0.3800681728438896
0.3798063666486332
0.37956466024350866
0.3793414804476477
0.37914096284667187
0.3789616646756221
0.37879632191635226
0.37864298597665835
0.378499619095901
0.3783641536890242
0.37823450463110364
0.378108481325954
0.37798373818396647
0.37785781822563147
0.3777280824381247
0.37758894301606694
0.37743697799777165
0.37726868017023263
0.3770776697877217
0.3768589730306783
0.37660658766647315
0.37631590995555586
0.3759817824425632
0.3756445307994346
0.3773104168685334
0.3791347084267215