0.3999024628139478
0.3999024628139478
0.3999024628139478
0.3999024628139478
0.3999024628139478
0.3999024628139478
0.3999024628139478
0.3999024628139478
0.3999024628139478
0.3999024628139478
0.3999024628139478
0.3999024628139478
0.3999024628139478
0.3999024628139478
0.3999024628139478
0.3999024628139478
0.3999024628139478
0.3999024628139478
0.3999024628139478
0.3999024628139478
0.3999024628139478
0.3999024628139478
0.3999024628139478
0.3999024628139478
0.3999024628139478
0.3999024628139478
0.3999024628139478
0.3999024628139478
0.3999024628139478
0.3999024628139478
0.3999024628139478
0.3999024628139478
0.3999024628139478
0.3999024628139478
0.3999024628139478
0.3999024628139478
0.3999024628139478
0.3999024628139478
0.3999024628139478
0.3999024628139478
0.3999024628139478
0.3999024628139478
0.3999024628139478
0.3999024628139478
0.3999024628139478
0.3999024628139478
0.3999024628139478
0.3999024628139478
0.3999024628139478
0.3999024628139478
0.3999024628139478
0.3999024628139478
0.3999024628139478
0.3999024628139478
0.3999024628139478
0.3999024628139478
0.3999024628139478
0.3999024628139478
0.3999024628139478
0.3999024628139478
0.3999024628139478
0.3999024628139478
0.3999024628139478
0.3999024628139478
0.3999024628139478
0.3999024628139478
0.3999024628139478
0.3999024628139478
0.3999024628139478
0.3999024628139478
0.3999024628139478
0.3999024628139478
0.3999024628139478
0.3999024628139478
0.3999024628139478
0.3999024628139478
0.3999024628139478
0.3999024628139478
0.3999024628139478
0.3999024628139478
0.3999024628139478
0.3999024628139478
0.3999024628139478
0.3999024628139478
0.3999024628139478
0.3999024628139478
0.3999024628139478
0.3999024628139478
0.3999024628139478
0.3999024628139478
0.3999024628139478
0.3999024628139478
0.3999024628139478
0.9119190911992288
1.4186321387090155
1.3932411497693515
1.369212615071607
1.3648359224241315
1.3554315547678104
1.3462977992001826
1.3464102840346017
1.343520603346346
1.33727206474825
1.326022200106662
1.3037001482500392
1.2652863991361982
1.205152408029397
1.1325951477553065
1.0694853663866333
1.0289031423450619
1.0078805710892187
0.995875771187209
0.9862118621069296
0.9767879196257888
0.9651951807533441
0.9501272438146184
0.933351444486402
0.9162518760752554
0.8984386295267637
0.879770302024417
0.8603315503807134
0.8403296064820653
0.819765260389169
0.798627418115248
0.7770643712216994
0.7551462215452138
0.7329430329186755
0.7105558862919286
0.6880288046790124
0.6653141618857383
0.6422618149587753
0.6186594596749504
0.594310421446576
0.569147801397071
0.5433622044975728
0.5174652789136049
0.49229115262795275
0.46885782283076316
0.44807506304566824
0.43049423903976725
0.4162409026904814
0.4050291553336731
0.39628103061371944
0.3893784455554339
0.38376191425347783
0.37896365692904044
0.374665463903183
0.37067418766833415
0.3668897120930057
0.3632619311729821
0.3597842809768672
0.35645439951119084
0.3532807210058999
0.3502883989315422
0.3474676179085694
0.3448039580429978
0.3423190003961756
0.34002437115507544
0.3379297245087003
0.33601897566342065
0.3342384045159197
0.33256256555540253
0.33098551534544574
0.32948435974952717
0.3280427605268328
0.3266773557703664
0.325395883131139
0.32420201829028694
0.32310521874712506
0.32210679575430556
0.3211877174229534
0.3203171830891358
0.3194754165596818
0.31864091997917066
0.31780834164717553
0.31700156200739094
0.3162461601951658
0.3156191634548018
0.3151909201572296
0.31478980440497595
0.31389163811938015
0.3124969519722167
0.31110518948035915
0.30991087545235874
0.30888148991860453
0.3079336722562298
0.30703114986105917
0.30611949710539066
0.3051661828102892
0.3041535318979476
0.30309523819108297
0.30203587194687853
0.3010131592265124
0.30005347671620597
0.29920782036106863
0.29851396238322603
0.2979186997111791
0.29732865640748085
0.29667623135727017
0.2959199871248772
0.29504271627166756
0.2940728631352665
0.2931089706684815
0.2922402871605658
0.29148372449206916
0.2908338461299229
0.29029958627821606
0.2898692541257477
0.2894912340967657
0.28914074813776414
0.288823227368151
0.28854493457192
0.28831278497389135
0.2881225970317034
0.28796390847194586
0.2878355809075852
0.28773649038903026
0.28766566715295894
0.2876279364897172
0.2876227250996155
0.287643752306616
0.28769009154165803
0.2877608458426859
0.287855274031364
0.28797814919624964
0.2881290652316266
0.28829937657943794
0.2884853454596328
0.28868589077341933
0.28890249114112687
0.28913422910555187
0.2893776248564579
0.2896315309922659
0.2898948571079989
0.29016892605728883
0.29045275706796025
0.29074299678280613
0.29103859461154413
0.29133852077326483
0.29164400233112775
0.2919540673129155
0.29226542392109933
0.2925768623030558
0.29288712692564345
0.29319487953972945
0.29349637865165046
0.2937869487847633
0.2940631754148535
0.29432315508068707
0.29456429745169266
0.29481492585953073
0.2966060527801407
0.29826179897608884