0.29992684711046086
0.29992684711046086
0.29992684711046086
0.29992684711046086
0.29992684711046086
0.29992684711046086
0.29992684711046086
0.29992684711046086
0.29992684711046086
0.29992684711046086
0.29992684711046086
0.29992684711046086
0.29992684711046086
0.29992684711046086
0.29992684711046086
0.29992684711046086
0.29992684711046086
0.29992684711046086
0.29992684711046086
0.29992684711046086
0.29992684711046086
0.29992684711046086
0.29992684711046086
0.29992684711046086
0.29992684711046086
0.29992684711046086
0.29992684711046086
0.29992684711046086
0.29992684711046086
0.29992684711046086
0.29992684711046086
0.29992684711046086
0.29992684711046086
0.29992684711046086
0.29992684711046086
0.29992684711046086
0.29992684711046086
0.29992684711046086
0.29992684711046086
0.29992684711046086
0.29992684711046086
0.29992684711046086
0.29992684711046086
0.29992684711046086
0.29992684711046086
0.29992684711046086
0.29992684711046086
0.29992684711046086
0.29992684711046086
0.29992684711046086
0.29992684711046086
0.29992684711046086
0.29992684711046086
0.29992684711046086
0.29992684711046086
0.29992684711046086
0.29992684711046086
0.29992684711046086
0.29992684711046086
0.29992684711046086
0.29992684711046086
0.29992684711046086
0.29992684711046086
0.29992684711046086
0.29992684711046086
0.29992684711046086
0.29992684711046086
0.29992684711046086
0.29992684711046086
0.29992684711046086
0.29992684711046086
0.29992684711046086
0.29992684711046086
0.29992684711046086
0.29992684711046086
0.29992684711046086
0.29992684711046086
0.29992684711046086
0.29992684711046086
0.29992684711046086
0.29992684711046086
0.29992684711046086
0.29992684711046086
0.29992684711046086
0.29992684711046086
0.29992684711046086
0.29992684711046086
0.29992684711046086
0.29992684711046086
0.29992684711046086
0.29992684711046086
0.29992684711046086
0.8697778388051991
1.43976602618075
1.4374233515876182
1.4037762202756927
1.3717197732702833
1.3702764421983458
1.3637752386578323
1.360019017621797
1.3628739865964896
1.3631068542928497
1.3596043125202757
1.350507755418368
1.3347826672124177
1.310497341321965
1.2714308243542964
1.2012245208235774
1.0727447200652185
0.9864314354766255
0.9761916286477317
0.964555243720371
0.9551878893609316
0.9460768279435587
0.935022287686303
0.9206735972972102
0.9046278483026002
0.8882909304548028
0.8712278190135374
0.853249649742085
0.834522463154135
0.8152081864020273
0.7952825764629716
0.7747454352561078
0.7537325906702941
0.7322959475417532
0.7105011938836989
0.6884475221540725
0.6661691806192303
0.6436313908231583
0.62071671427069
0.5972364338762388
0.5729994572438668
0.5479015973845383
0.5220348485204014
0.4957869154136439
0.4698737174915458
0.4452289404743915
0.4227599496505399
0.40312128458001145
0.38662165947019994
0.3731506677746051
0.3622535315638718
0.3533952912004386
0.3460481440606478
0.3397151787049982
0.3340349727013681
0.32876945356023085
0.32379269725127174
0.3190442030346435
0.3144774067665986
0.3100961928280042
0.3059168586960002
0.301922585888937
0.29810351616279923
0.29447928675238916
0.29105622761028044
0.28783054957847237
0.2848130330517565
0.2819923032007317
0.2793524642039474
0.2768687108929527
0.274502337173024
0.272226223557192
0.27003410681913104
0.267942190022285
0.26595836954971014
0.26406956570979095
0.2622875370420979
0.260632694528294
0.25908656318951034
0.2576160550614757
0.25619827053229277
0.25480431269286213
0.2534277925559028
0.252095273972701
0.2508178747441521
0.24969202649172734
0.2488169224809565
0.2479950227516861
0.24644769545161466
0.24416462920505283
0.24187708299746352
0.23981019883339477
0.23794544508678667
0.23619446633668045
0.234517780790706
0.23284971668163418
0.23111949193314968
0.2293165736349579
0.2274727527960188
0.22558856621241336
0.2237030689557778
0.22186687617917383
0.22014469963164213
0.21859235485146594
0.21716507476215768
0.21576644340312195
0.21431207956835002
0.21272088555629215
0.21095609226989193
0.2090465359449299
0.20709849668975783
0.20524233333080116
0.20351157271429693
0.20187819188994222
0.20034712874655974
0.19893028806103646
0.19760114664197942
0.19633203030925178
0.19511112704361483
0.19394565306065276
0.19283707924733023
0.19178541431046386
0.19079073507127814
0.18985300035768155
0.18896536247842982
0.18812049180548557
0.18731721795484085
0.18655434266133836
0.18583063904847014
0.18514485070871062
0.18449569057794052
0.1838818395868243
0.1833019450789431
0.1827546192747896
0.1822384440667884
0.18175223608962537
0.18130504706328382
0.18089625013419292
0.1805149036654699
0.18015535666677512
0.17981159107806804
0.17948123604168026
0.17916179518888936
0.1788506324124775
0.17854503025291085
0.17824220037149613
0.1779391883408586
0.17763281964011474
0.177319870313214
0.17700248421989856
0.17667726837354075
0.17633505618522777
0.175971595551151
0.17558210558506976
0.1751577339621873
0.17468816675571192
0.1741671538803054
0.17358777600851277
0.17299326311053403
0.1744946913180247
0.17628517600132648