0.1999512314069739
0.1999512314069739
0.1999512314069739
0.1999512314069739
0.1999512314069739
0.1999512314069739
0.1999512314069739
0.1999512314069739
0.1999512314069739
0.1999512314069739
0.1999512314069739
0.1999512314069739
0.1999512314069739
0.1999512314069739
0.1999512314069739
0.1999512314069739
0.1999512314069739
0.1999512314069739
0.1999512314069739
0.1999512314069739
0.1999512314069739
0.1999512314069739
0.1999512314069739
0.1999512314069739
0.1999512314069739
0.1999512314069739
0.1999512314069739
0.1999512314069739
0.1999512314069739
0.1999512314069739
0.1999512314069739
0.1999512314069739
0.1999512314069739
0.1999512314069739
0.1999512314069739
0.1999512314069739
0.1999512314069739
0.1999512314069739
0.1999512314069739
0.1999512314069739
0.1999512314069739
0.1999512314069739
0.1999512314069739
0.1999512314069739
0.1999512314069739
0.1999512314069739
0.1999512314069739
0.1999512314069739
0.1999512314069739
0.1999512314069739
0.1999512314069739
0.1999512314069739
0.1999512314069739
0.1999512314069739
0.1999512314069739
0.1999512314069739
0.1999512314069739
0.1999512314069739
0.1999512314069739
0.1999512314069739
0.1999512314069739
0.1999512314069739
0.1999512314069739
0.1999512314069739
0.1999512314069739
0.1999512314069739
0.1999512314069739
0.1999512314069739
0.1999512314069739
0.1999512314069739
0.1999512314069739
0.1999512314069739
0.1999512314069739
0.1999512314069739
0.1999512314069739
0.1999512314069739
0.1999512314069739
0.1999512314069739
0.1999512314069739
0.1999512314069739
0.1999512314069739
0.1999512314069739
0.1999512314069739
0.1999512314069739
0.1999512314069739
0.1999512314069739
0.1999512314069739
0.1999512314069739
0.1999512314069739
0.1999512314069739
0.1999512314069739
0.1999512314069739
0.1999512314069739
0.1999512314069739
0.1999512314069739
0.7431777239211389
1.2796811765069935
1.271431671217368
1.2618600912353322
1.2562838827050524
1.259468041738267
1.2601363596714532
1.2576510115129684
1.25011803487163
1.2363954210430053
1.2142233014509292
1.1834260166495727
1.1411667425391205
1.0750462219829626
0.9431078406367754
0.8570617711684186
0.8568304677070838
0.8474119711875902
0.8384430232784678
0.8277443134099352
0.8137957299149072
0.7980765142199984
0.7820903733073321
0.7653832123225693
0.7477199700112463
0.7293219773308658
0.7103151112596658
0.6906676135788109
0.6704020698020442
0.6496556796078413
0.6284579353325214
0.6068855037328095
0.5850501844964208
0.5629905716770228
0.5406937225901437
0.5180675496221557
0.4949340627001392
0.47111667815266933
0.4464971831512635
0.42110857219976194
0.395234352952763
0.36947315811501646
0.3446871104770052
0.3217563874465611
0.3014136153084154
0.2840958337089975
0.26979184200196993
0.2581462909593214
0.24871005066544372
0.24096371003319283
0.23437200377291256
0.22854243117186168
0.2232206239144533
0.21823134820071688
0.21347544125272522
0.2089324088603849
0.20459402157158768
0.20043635569021567
0.19646147895175836
0.19267598205697956
0.1890833927173622
0.1856905278556028
0.18249374488366843
0.17950429772096033
0.17672856815811933
0.17413599064524765
0.17168701814559062
0.16935990588860228
0.16712675060142057
0.16497943435958484
0.1629311745427281
0.16098782303074965
0.15915299979878783
0.15743969142536096
0.15585294855862208
0.1543749348534299
0.15297227993116935
0.15160534832098838
0.1502594935427547
0.14894213602305306
0.1476515507584807
0.14641524651065507
0.1453433496785651
0.14452045223074117
0.14375074964502
0.1422837478679536
0.140110065543272
0.13793121663821084
0.1359662169184238
0.13419865089953642
0.1325438465598382
0.130962677837687
0.12939041033864862
0.1277575112127457
0.12605424229898776
0.12431274241040435
0.12253380392387736
0.12075402138103619
0.11904494177270164
0.11744942905216449
0.11599980341612859
0.11467319853772373
0.113374172549073
0.11202063789056094
0.11055494859599724
0.10892300916450004
0.10715465586636996
0.10535499388459202
0.10363095939260114
0.1020321543795516
0.10054908657247752
0.09918745824095454
0.0979407064004637
0.0967655053381925
0.09563328774281377
0.09454944654533237
0.09352113772674497
0.09254982715457494
0.09163536034153041
0.09077110083985918
0.089960991747155
0.08920476627941676
0.08849117690119701
0.08781911578062729
0.0871874632060824
0.0865950881206049
0.0860408485614429
0.08552359211689431
0.08504215608643306
0.0845953745835838
0.08418234186835771
0.08381236342764253
0.08348503635777849
0.08318571326383395
0.08290889185157535
0.08265275046926213
0.08241535644180586
0.08219467810878534
0.08198861524690126
0.08179497431944227
0.08161159038516963
0.08144191111144117
0.08128401346670333
0.08113024146391801
0.08097803303263873
0.08082471600786245
0.08066746351100995
0.08050313454398228
0.08032562297127643
0.080130998251973
0.07991504647166703
0.07966973619727902
0.079388135879637
0.0790650319305869
0.07869439163292913
0.07831643441581171
0.07990678860980646
0.08167678645150538