0.09997561570348695
0.09997561570348695
0.09997561570348695
0.09997561570348695
0.09997561570348695
0.09997561570348695
0.09997561570348695
0.09997561570348695
0.09997561570348695
0.09997561570348695
0.09997561570348695
0.09997561570348695
0.09997561570348695
0.09997561570348695
0.09997561570348695
0.09997561570348695
0.09997561570348695
0.09997561570348695
0.09997561570348695
0.09997561570348695
0.09997561570348695
0.09997561570348695
0.09997561570348695
0.09997561570348695
0.09997561570348695
0.09997561570348695
0.09997561570348695
0.09997561570348695
0.09997561570348695
0.09997561570348695
0.09997561570348695
0.09997561570348695
0.09997561570348695
0.09997561570348695
0.09997561570348695
0.09997561570348695
0.09997561570348695
0.09997561570348695
0.09997561570348695
0.09997561570348695
0.09997561570348695
0.09997561570348695
0.09997561570348695
0.09997561570348695
0.09997561570348695
0.09997561570348695
0.09997561570348695
0.09997561570348695
0.09997561570348695
0.09997561570348695
0.09997561570348695
0.09997561570348695
0.09997561570348695
0.09997561570348695
0.09997561570348695
0.09997561570348695
0.09997561570348695
0.09997561570348695
0.09997561570348695
0.09997561570348695
0.09997561570348695
0.09997561570348695
0.09997561570348695
0.09997561570348695
0.09997561570348695
0.09997561570348695
0.09997561570348695
0.09997561570348695
0.09997561570348695
0.09997561570348695
0.09997561570348695
0.09997561570348695
0.09997561570348695
0.09997561570348695
0.09997561570348695
0.09997561570348695
0.09997561570348695
0.09997561570348695
0.09997561570348695
0.09997561570348695
0.09997561570348695
0.09997561570348695
0.09997561570348695
0.09997561570348695
0.09997561570348695
0.09997561570348695
0.09997561570348695
0.09997561570348695
0.09997561570348695
0.09997561570348695
0.09997561570348695
0.09997561570348695
0.09997561570348695
0.09997561570348695
0.09997561570348695
0.09997561570348695
1.1447103314398135
1.1317261165525414
1.1187463987205437
1.1067333607707104
1.1081057541503887
1.1083651786144646
1.1066616805814358
1.1023203376574107
1.0928521170760541
1.0732535615294374
1.0418321922357043
1.0013641753419207
0.932093432162324
0.796428121189368
0.710578789832941
0.7081898615016269
0.6984768832311825
0.6895355148803493
0.6791020532763117
0.6654058808798915
0.6498080726153062
0.6339549148278036
0.6173960219037393
0.5998451648210958
0.5815720381759457
0.5626659162383763
0.5430965586648282
0.5229098528111036
0.5022414506676953
0.48111994201872793
0.45963314668773675
0.43789787363936056
0.41596550904031687
0.3938483515513291
0.3714882887294197
0.3487442050109632
0.3254447096064876
0.3014415555424865
0.276717682937815
0.25148915385455645
0.22626287279194973
0.20180581982289086
0.17899440608951073
0.1586264971500823
0.14122333766119016
0.12687919214935967
0.115346976006855
0.10620187914509976
0.09886740027716717
0.0928042800858439
0.08760711563014206
0.08297867788099417
0.07870391797675719
0.0746639667983437
0.07082951257932096
0.06717439124092589
0.06369724216573619
0.06038763754230908
0.05725249507214464
0.05429592998278071
0.051526195421406074
0.04895690155250371
0.04659798500179185
0.0444373996970992
0.04242875512577621
0.04056487267965009
0.03882289335344952
0.03715986109318775
0.0355682308231286
0.034059949338104134
0.03263933050448514
0.03130904834928078
0.030079082829317316
0.02895156330444143
0.027908504147400703
0.026918473453625358
0.02596094754454098
0.025025879072106016
0.024108880592818183
0.023222920808788794
0.022381909591530247
0.021673806512364224
0.021182986605417786
0.020725503728001138
0.019745316614006858
0.018239236563999783
0.016732659358769053
0.015426062565887244
0.014292292625281033
0.013249321032282546
0.012258167084838456
0.011260104423567563
0.010220263483517955
0.009137312289562105
0.008005994878616585
0.006851507599439477
0.005729158495317799
0.0046845485889698835
0.003754067194367605
0.0029784831703584813
0.0023306528861128384
0.0016997808199365472
0.00100934859404761
0.00020381585563095106
-0.0007375284220124123
-0.0017668495056489264
-0.0027950002040584843
-0.003730146598114159
-0.004542440113185775
-0.00524643504227168
-0.00584320043776293
-0.006344459893926457
-0.006781728023116662
-0.007179659746461342
-0.007542751287840377
-0.0078649952625654
-0.008145596021031098
-0.008379067100230009
-0.008569682020916292
-0.008728030699575895
-0.008855372336882772
-0.0089528120964118
-0.009015597324743718
-0.009044416003685607
-0.009045728277415288
-0.009020600272474477
-0.008969941871535048
-0.008889046866698058
-0.008778403454520023
-0.008644003816961343
-0.008486660481405173
-0.008307370437201256
-0.008109736607438356
-0.007897348073109767
-0.007671334822871911
-0.007430352173011967
-0.0071754358802334495
-0.006910108593802866
-0.006635580938851915
-0.006353031632601314
-0.006061204280881027
-0.005761043801743304
-0.0054558941045997345
-0.00514687838017297
-0.004832812806776998
-0.004514712494106787
-0.004195987501976417
-0.0038779650001493082
-0.00356205308106633
-0.0032520938083032136
-0.002952957229757358
-0.002668306253133912
-0.00240009428717608
-0.0021511280110671493
-0.0018936768528155512
-0.00014659828315696788
0.0014620154941665658