0.09997561570348695
0.09997561570348695
0.09997561570348695
0.09997561570348695
0.09997561570348695
0.09997561570348695
0.09997561570348695
0.09997561570348695
0.09997561570348695
0.09997561570348695
0.09997561570348695
0.09997561570348695
0.09997561570348695
0.09997561570348695
0.09997561570348695
0.09997561570348695
0.09997561570348695
0.09997561570348695
0.09997561570348695
0.09997561570348695
0.09997561570348695
0.09997561570348695
0.09997561570348695
0.09997561570348695
0.09997561570348695
0.09997561570348695
0.09997561570348695
0.09997561570348695
0.09997561570348695
0.09997561570348695
0.09997561570348695
0.09997561570348695
0.09997561570348695
0.09997561570348695
0.09997561570348695
0.09997561570348695
0.09997561570348695
0.09997561570348695
0.09997561570348695
0.09997561570348695
0.09997561570348695
0.09997561570348695
0.09997561570348695
0.09997561570348695
0.09997561570348695
0.09997561570348695
0.09997561570348695
0.09997561570348695
0.09997561570348695
0.09997561570348695
0.09997561570348695
0.09997561570348695
0.09997561570348695
0.09997561570348695
0.09997561570348695
0.09997561570348695
0.09997561570348695
0.09997561570348695
0.09997561570348695
0.09997561570348695
0.09997561570348695
0.09997561570348695
0.09997561570348695
0.09997561570348695
0.09997561570348695
0.09997561570348695
0.09997561570348695
0.09997561570348695
0.09997561570348695
0.09997561570348695
0.09997561570348695
0.09997561570348695
0.09997561570348695
0.09997561570348695
0.09997561570348695
0.09997561570348695
0.09997561570348695
0.09997561570348695
0.09997561570348695
0.09997561570348695
0.09997561570348695
0.09997561570348695
0.09997561570348695
0.09997561570348695
0.09997561570348695
0.09997561570348695
0.09997561570348695
0.09997561570348695
0.09997561570348695
0.09997561570348695
0.09997561570348695
0.09997561570348695
0.09997561570348695
0.09997561570348695
0.09997561570348695
0.09997561570348695
0.09997561570348695
1.075061974427746
1.0559150842723193
1.037944522842179
1.0399175261233846
1.0406586361903547
1.0401811688127145
1.0374916203907487
1.0298716226698073
1.0125565738830764
0.9843829889058633
0.9501301140326088
0.8866009417583027
0.72745895455957
0.6166872838596191
0.6138830562943765
0.6034630932919887
0.594180194580533
0.583597695015253
0.5696430066685076
0.5536325805553597
0.5374212658271296
0.5205613735516892
0.5027164058719376
0.48421480637942244
0.4651145035322621
0.4454032347407361
0.4251610232873048
0.40452515782605997
0.3835287705489043
0.3622872362277482
0.34094229354319644
0.3195797025272182
0.2982486443356746
0.2769261407920211
0.25550333953044485
0.23383951927618235
0.21179695050942698
0.18932791581488767
0.1665952698533834
0.14403399862430594
0.12232280027400216
0.10224310245040485
0.08454375995002333
0.06975667029990257
0.05798832588701902
0.04898448308159592
0.04232949740552344
0.03744503814044403
0.03374531023167554
0.030822053025098606
0.028374718254995768
0.026186729993485647
0.024154739428830785
0.022250944377458948
0.02045753898485264
0.018777028243695815
0.017219005205053095
0.015770094787503852
0.014436773876389475
0.013237214828478672
0.01217996275737837
0.011260592714393114
0.010466596234008418
0.009783470486192714
0.009184031853286478
0.008649496892389086
0.008158553628057452
0.00770696866347359
0.007305078469972803
0.006946694494127159
0.006635030651670204
0.0063866045637021585
0.006201160962681251
0.006054024442577022
0.005919442003604336
0.005782585798963014
0.00563780128294139
0.005484254345787087
0.005335360226407848
0.005213137424567582
0.0051907806319437255
0.005320140298853582
0.0054472717622914835
0.005348681473751282
0.005033258088535442
0.004721195285435742
0.00457015527028698
0.004534098209406812
0.004532163296493363
0.004540371533787668
0.004519095365853987
0.004445225676952658
0.004328256829774391
0.0041865561999556156
0.004040023101113233
0.003918205095458871
0.0038584497252651118
0.0038947685139216204
0.004038289971315334
0.004242782184018468
0.00443302924301342
0.004559783690998687
0.004598013559179603
0.004546608928519047
0.004447622405783613
0.004383454420807842
0.004418303070642116
0.0045546668575004445
0.0047709548304379346
0.0050585988394859505
0.005403586798473137
0.005769980389370433
0.006139245934450643
0.006516664395581129
0.006907123063747578
0.0073110776755428986
0.007725652546079986
0.008152469732729928
0.008591034095493055
0.009036348691039586
0.009485378612344275
0.00993717185812798
0.01039078105175889
0.010845267449422769
0.011300105276688066
0.011777811711247865
0.012279527475637708
0.012783576007550701
0.013289490128424342
0.013796828503592928
0.014305175825968186
0.014814148686076167
0.015323400262383602
0.015832601188281836
0.01634141481217627
0.016849512050319093
0.01735659382408178
0.017862375493635285
0.018366585223963783
0.01886900489544624
0.019369476287412313
0.01986784920721346
0.020363966461095673
0.02085769922255659
0.021348924604006336
0.02183747568668698
0.022323182825393084
0.022805888736410596
0.023285342562159472
0.023760714002532823
0.024230665886209424
0.024695236793493558
0.025153675808149367
0.02561998486257705
0.026978920332063477
0.028098867605006253