0.09997561570348695
0.09997561570348695
0.09997561570348695
0.09997561570348695
0.09997561570348695
0.09997561570348695
0.09997561570348695
0.09997561570348695
0.09997561570348695
0.09997561570348695
0.09997561570348695
0.09997561570348695
0.09997561570348695
0.09997561570348695
0.09997561570348695
0.09997561570348695
0.09997561570348695
0.09997561570348695
0.09997561570348695
0.09997561570348695
0.09997561570348695
0.09997561570348695
0.09997561570348695
0.09997561570348695
0.09997561570348695
0.09997561570348695
0.09997561570348695
0.09997561570348695
0.09997561570348695
0.09997561570348695
0.09997561570348695
0.09997561570348695
0.09997561570348695
0.09997561570348695
0.09997561570348695
0.09997561570348695
0.09997561570348695
0.09997561570348695
0.09997561570348695
0.09997561570348695
0.09997561570348695
0.09997561570348695
0.09997561570348695
0.09997561570348695
0.09997561570348695
0.09997561570348695
0.09997561570348695
0.09997561570348695
0.09997561570348695
0.09997561570348695
0.09997561570348695
0.09997561570348695
0.09997561570348695
0.09997561570348695
0.09997561570348695
0.09997561570348695
0.09997561570348695
0.09997561570348695
0.09997561570348695
0.09997561570348695
0.09997561570348695
0.09997561570348695
0.09997561570348695
0.09997561570348695
0.09997561570348695
0.09997561570348695
0.09997561570348695
0.09997561570348695
0.09997561570348695
0.09997561570348695
0.09997561570348695
0.09997561570348695
0.09997561570348695
0.09997561570348695
0.09997561570348695
0.09997561570348695
0.09997561570348695
0.09997561570348695
0.09997561570348695
0.09997561570348695
0.09997561570348695
0.09997561570348695
0.09997561570348695
0.09997561570348695
0.09997561570348695
0.09997561570348695
0.09997561570348695
0.09997561570348695
0.09997561570348695
0.09997561570348695
0.09997561570348695
0.09997561570348695
0.09997561570348695
0.09997561570348695
0.09997561570348695
0.6503305918785611
1.1905842972550902
1.1791051791781588
1.1655491018466322
1.1540153732383396
1.155351541401164
1.1554667668354128
1.1534407730270195
1.1484457736796814
1.1378937168565013
1.1168364976682637
1.0835978409738254
1.040205412284447
0.9682229799559618
0.8404013302993703
0.7632049926649769
0.7609820052290401
0.7514136612663473
0.7424903946030694
0.7322086511461234
0.7188142301855382
0.7035575094931124
0.6881409348263925
0.6721164303168696
0.6551616409507279
0.6375766508068925
0.619351793531445
0.6004737626662771
0.5810177909842655
0.5610756797932792
0.5406555377058639
0.519851905404876
0.49876643108381974
0.4774424731430739
0.4559191009416838
0.43418020925215023
0.4121294799052672
0.38963788515065295
0.36656629595038986
0.34284430177288144
0.31854422826431
0.2939716039162203
0.2696829520458585
0.24638370796766113
0.22483063254723396
0.20567076187676653
0.18921637776300576
0.17544600010887595
0.16414247706001678
0.1548838557818945
0.14716362278695744
0.14053882714900373
0.13464752731689383
0.12924626164666003
0.12418573533538874
0.119383409390247
0.11480474323978512
0.11043627110428339
0.10625606293310724
0.10226210374996153
0.09845846482220771
0.09485588632260938
0.09147059956825737
0.08829790213047589
0.08532924835745653
0.08255630381758866
0.07996110848173416
0.07750542516985076
0.07515829321552031
0.07290731741119977
0.07075973823193044
0.06871622211630596
0.06677942871827675
0.06496467396280087
0.06327946829725212
0.06170650732970445
0.06019529129817153
0.058722302353261424
0.05729173501114321
0.0558968778245576
0.05453345634279655
0.05322691678607011
0.052088284982778565
0.051189992089650305
0.05033453859795006
0.04876821558484895
0.04647983325771449
0.0441885261521055
0.04212168090554552
0.040236718063941745
0.0384425232343108
0.03672208201873678
0.03500911720841987
0.033257040988416475
0.03145559349605692
0.029587717618789477
0.02767648370829784
0.025785846418206082
0.023944205538250107
0.022217303616687223
0.020662373722702243
0.019235494561476274
0.017839984514522678
0.016390418294501108
0.014804281001010666
0.013043164698233356
0.011134543569113864
0.009184259923975036
0.007323387610132792
0.005586997452005471
0.003969413813074085
0.0024759373874653767
0.0010992024157338576
-0.00020429656194892454
-0.0014639126520972767
-0.0026744984116589543
-0.0038289463565793214
-0.004925888538846623
-0.00596542440226383
-0.006947589199879867
-0.00787254033401702
-0.008747251081760388
-0.009579200282839706
-0.010369721149378786
-0.011119878086213453
-0.011819907024822884
-0.012470241727745857
-0.013082099119539115
-0.013656743804356053
-0.01419546282658507
-0.014699566762715277
-0.015170390740890716
-0.015609293484929287
-0.016017643621393296
-0.016396658943526765
-0.016741643922636718
-0.017057767363362564
-0.0173565615616314
-0.01764033671371218
-0.017911519727235314
-0.018172667991828872
-0.018426410918318814
-0.018675439070991173
-0.01892259060260587
-0.019170763777549615
-0.019417428041109075
-0.019665505782732018
-0.019923737735705827
-0.02019592434527967
-0.020486175219134373
-0.02080190974784385
-0.021152131565624954
-0.021544668018384228
-0.021983057744003942
-0.022474101486560427
-0.02297849585585171
-0.02146905800890861
-0.019715745263413464