0.14996342355523043
0.14996342355523043
0.14996342355523043
0.14996342355523043
0.14996342355523043
0.14996342355523043
0.14996342355523043
0.14996342355523043
0.14996342355523043
0.14996342355523043
0.14996342355523043
0.14996342355523043
0.14996342355523043
0.14996342355523043
0.14996342355523043
0.14996342355523043
0.14996342355523043
0.14996342355523043
0.14996342355523043
0.14996342355523043
0.14996342355523043
0.14996342355523043
0.14996342355523043
0.14996342355523043
0.14996342355523043
0.14996342355523043
0.14996342355523043
0.14996342355523043
0.14996342355523043
0.14996342355523043
0.14996342355523043
0.14996342355523043
0.14996342355523043
0.14996342355523043
0.14996342355523043
0.14996342355523043
0.14996342355523043
0.14996342355523043
0.14996342355523043
0.14996342355523043
0.14996342355523043
0.14996342355523043
0.14996342355523043
0.14996342355523043
0.14996342355523043
0.14996342355523043
0.14996342355523043
0.14996342355523043
0.14996342355523043
0.14996342355523043
0.14996342355523043
0.14996342355523043
0.14996342355523043
0.14996342355523043
0.14996342355523043
0.14996342355523043
0.14996342355523043
0.14996342355523043
0.14996342355523043
0.14996342355523043
0.14996342355523043
0.14996342355523043
0.14996342355523043
0.14996342355523043
0.14996342355523043
0.14996342355523043
0.14996342355523043
0.14996342355523043
0.14996342355523043
0.14996342355523043
0.14996342355523043
0.14996342355523043
0.14996342355523043
0.14996342355523043
0.14996342355523043
0.14996342355523043
0.14996342355523043
0.14996342355523043
0.14996342355523043
0.14996342355523043
0.14996342355523043
0.14996342355523043
0.14996342355523043
0.14996342355523043
0.14996342355523043
0.14996342355523043
0.14996342355523043
0.14996342355523043
0.14996342355523043
0.14996342355523043
0.14996342355523043
0.14996342355523043
0.14996342355523043
0.14996342355523043
0.14996342355523043
0.6988511592370301
1.2396882496853525
1.2303415334043648
1.2185363150647401
1.2085409638538445
1.209802910045017
1.2097623451741777
1.207319865052751
1.2019121741274517
1.1902392409205689
1.1686761800794228
1.1369570058968863
1.0914930079365988
1.020418327333713
0.8876088485021062
0.8023706719099432
0.8011492094558574
0.7914437666279242
0.7823504140668724
0.7719422036533916
0.7584258868465444
0.7430144207916807
0.727487006529924
0.7114099159295982
0.6944362059826329
0.6768793722712575
0.6586887600179784
0.6398693692095655
0.6205072076906749
0.6006843473478897
0.5804027525584766
0.5597564131761047
0.5388472911377985
0.5177277273280515
0.49645009790562245
0.4750010655718656
0.45330508901463673
0.4312630412676669
0.40874573388292756
0.38567116908819055
0.36208495962787357
0.33821297023738295
0.31451406330294895
0.29163860660350005
0.2702881656195334
0.2510907517807456
0.234440029470837
0.22041244588162892
0.2088392619700187
0.19934714775791687
0.1914694065188586
0.18478087420911607
0.17890412640050837
0.17356470147867756
0.16859646007563747
0.16389876896465685
0.15942696841557372
0.15515940526465313
0.15107190782921612
0.14716486983979396
0.14344269995027262
0.1399168244195507
0.13660358657462482
0.13349811621725696
0.13059279241287838
0.12788169924494178
0.12534925377344389
0.122958421843847
0.12067827664555911
0.11849502477685672
0.11641341065545055
0.11443208355608672
0.11255298816398299
0.11079166205644411
0.10915635366268842
0.10763102136127048
0.10618252443453705
0.10477096054112325
0.10338386779894862
0.10202851981727559
0.10070071341246481
0.09942806007004981
0.09832132129372609
0.09746630345264543
0.09666638310454703
0.09515457089811222
0.09292000300683104
0.0906818965949622
0.08866183239773565
0.0868415157741124
0.0851360905111748
0.08350618637305099
0.08188620675730399
0.08020536014065663
0.07845293418582369
0.0766604866208355
0.07482842420843508
0.07299626263380646
0.07123641716827259
0.06959020074007097
0.06809110143738009
0.06671684286592497
0.06537137510606997
0.06397135695504855
0.06245768336568683
0.06077460524716552
0.05895093981043456
0.05709195888272936
0.0553058527542353
0.053645571669662134
0.05210243311819954
0.050680786169814335
0.04937453194900057
0.04814022287483369
0.04694889502270519
0.04580577990430959
0.04471795457304131
0.04368678202236112
0.04271217718291567
0.041794253991792735
0.040937476420044666
0.040135397249457944
0.0393766746633272
0.038660163472332615
0.037984701337035714
0.03734910896155466
0.036752190158105075
0.03619273177445584
0.035669503593018265
0.03518125788391649
0.034726735848300466
0.03430493025667394
0.033925036056301844
0.03358654403564901
0.03327470355108533
0.032983868060806915
0.03271201601892307
0.032457018131990895
0.03221666746987753
0.03198865396212805
0.031770687638282974
0.03156612537178907
0.03137290179880106
0.03118316173696281
0.030994176207496255
0.030803115936970743
0.030606999541501617
0.030402566897185596
0.03018633867628831
0.029954421901734835
0.029699803063813507
0.029413857836409735
0.029088711609493695
0.028718590930469384
0.028296711331355612
0.027864481849597583
0.029419381906238107
0.031181344058159158