0.1999512314069739
0.1999512314069739
0.1999512314069739
0.1999512314069739
0.1999512314069739
0.1999512314069739
0.1999512314069739
0.1999512314069739
0.1999512314069739
0.1999512314069739
0.1999512314069739
0.1999512314069739
0.1999512314069739
0.1999512314069739
0.1999512314069739
0.1999512314069739
0.1999512314069739
0.1999512314069739
0.1999512314069739
0.1999512314069739
0.1999512314069739
0.1999512314069739
0.1999512314069739
0.1999512314069739
0.1999512314069739
0.1999512314069739
0.1999512314069739
0.1999512314069739
0.1999512314069739
0.1999512314069739
0.1999512314069739
0.1999512314069739
0.1999512314069739
0.1999512314069739
0.1999512314069739
0.1999512314069739
0.1999512314069739
0.1999512314069739
0.1999512314069739
0.1999512314069739
0.1999512314069739
0.1999512314069739
0.1999512314069739
0.1999512314069739
0.1999512314069739
0.1999512314069739
0.1999512314069739
0.1999512314069739
0.1999512314069739
0.1999512314069739
0.1999512314069739
0.1999512314069739
0.1999512314069739
0.1999512314069739
0.1999512314069739
0.1999512314069739
0.1999512314069739
0.1999512314069739
0.1999512314069739
0.1999512314069739
0.1999512314069739
0.1999512314069739
0.1999512314069739
0.1999512314069739
0.1999512314069739
0.1999512314069739
0.1999512314069739
0.1999512314069739
0.1999512314069739
0.1999512314069739
0.1999512314069739
0.1999512314069739
0.1999512314069739
0.1999512314069739
0.1999512314069739
0.1999512314069739
0.1999512314069739
0.1999512314069739
0.1999512314069739
0.1999512314069739
0.1999512314069739
0.1999512314069739
0.1999512314069739
0.1999512314069739
0.1999512314069739
0.1999512314069739
0.1999512314069739
0.1999512314069739
0.1999512314069739
0.1999512314069739
0.1999512314069739
0.1999512314069739
0.1999512314069739
0.7737499178481245
1.3443817431288205
1.3257940367079515
1.3038151805408829
1.2958252749947983
1.286574067306017
1.2807103322633981
1.2832723247999742
1.2824610660378655
1.2784553029716124
1.2705410489675963
1.2562740284228187
1.2334160914224666
1.2018274097570303
1.1582138986315873
1.0891650166214406
0.9517793064368398
0.8624353334848501
0.8623207262252793
0.8526361799240938
0.8434784950528003
0.8330353554263735
0.8195166915860853
0.8040875914975374
0.7885714677946342
0.7725600158254616
0.7556968421305036
0.7383006191254101
0.7202793741400849
0.7016577838441286
0.6825253997508619
0.6629401433596834
0.6429100930089594
0.6225359139074268
0.6018978450618623
0.5810462097640151
0.5600476018959296
0.5389088300718111
0.5175749795022536
0.4959602828653268
0.47393638610421485
0.45141548310050894
0.4284216316373878
0.4051203185816735
0.38188860834571436
0.35928465069257276
0.33797069301040483
0.31858097101782146
0.301530065457264
0.2869763592275131
0.2748450591996904
0.26482424017609707
0.2564893931566171
0.24941966186391828
0.24322679207792042
0.23761912723703682
0.23243285125188728
0.22756069642787702
0.22292628171907836
0.21848482238869182
0.2142318730106182
0.2101663480650603
0.20628636466406503
0.20260352045260255
0.19911784578138503
0.1958420312665473
0.1927867530958055
0.18993127366561502
0.18724524224359695
0.18470921999664502
0.18229215556236367
0.17997888186893307
0.17777182216635834
0.1756674150866403
0.1736666270941688
0.1717854457665945
0.170032661778042
0.16837546006872628
0.1667804710635704
0.16524095764073132
0.16374412569168262
0.1622662302552168
0.16081974360101714
0.1594491390299687
0.15823579158173995
0.15726769361762505
0.1563600831447437
0.15471582183055366
0.15232271214025273
0.1498952642556829
0.14766119868782057
0.14563581720051466
0.1437343714571625
0.14191743927419942
0.1401141364134325
0.1382471303362388
0.13630331973525311
0.1343128816609943
0.13227504315493144
0.13022972090669993
0.12825380896690708
0.12639132013713883
0.12467913011409848
0.12309943200940665
0.12155461768393072
0.11995526224100972
0.11823542041315294
0.11633452559171864
0.11427874163440588
0.11217435885925775
0.11013353376592583
0.1082129912667672
0.1064081602718775
0.1047275788487213
0.10316709456994733
0.10168326324955002
0.10024420240507481
0.09885292640954269
0.09751650361354336
0.09623618385791699
0.09501169608841298
0.09384280757312069
0.09272933120701887
0.09167113241647129
0.09066813030845766
0.08972010987540135
0.08882003956076268
0.08796038881985424
0.08713976039796811
0.08635670679068574
0.08560972742285411
0.08489726545806764
0.08421770421429542
0.08356936339736876
0.0829505040385311
0.08235960900478989
0.08180551413035075
0.08128718800503065
0.08079316848878182
0.08032149509576658
0.07987002922618991
0.0794324171930113
0.07900188804423791
0.07857529189793844
0.07814936984926912
0.07772065898442893
0.07728545201047765
0.0768398542903278
0.07637972520037273
0.07590055342332824
0.07539767463955449
0.07487170834802359
0.0743173390847377
0.07372177437126826
0.0730753568595518
0.0723705579001458
0.07159598859784022
0.07079561126342859
0.07216527973788722
0.07392835629459457