0.29992684711046086
0.29992684711046086
0.29992684711046086
0.29992684711046086
0.29992684711046086
0.29992684711046086
0.29992684711046086
0.29992684711046086
0.29992684711046086
0.29992684711046086
0.29992684711046086
0.29992684711046086
0.29992684711046086
0.29992684711046086
0.29992684711046086
0.29992684711046086
0.29992684711046086
0.29992684711046086
0.29992684711046086
0.29992684711046086
0.29992684711046086
0.29992684711046086
0.29992684711046086
0.29992684711046086
0.29992684711046086
0.29992684711046086
0.29992684711046086
0.29992684711046086
0.29992684711046086
0.29992684711046086
0.29992684711046086
0.29992684711046086
0.29992684711046086
0.29992684711046086
0.29992684711046086
0.29992684711046086
0.29992684711046086
0.29992684711046086
0.29992684711046086
0.29992684711046086
0.29992684711046086
0.29992684711046086
0.29992684711046086
0.29992684711046086
0.29992684711046086
0.29992684711046086
0.29992684711046086
0.29992684711046086
0.29992684711046086
0.29992684711046086
0.29992684711046086
0.29992684711046086
0.29992684711046086
0.29992684711046086
0.29992684711046086
0.29992684711046086
0.29992684711046086
0.29992684711046086
0.29992684711046086
0.29992684711046086
0.29992684711046086
0.29992684711046086
0.29992684711046086
0.29992684711046086
0.29992684711046086
0.29992684711046086
0.29992684711046086
0.29992684711046086
0.29992684711046086
0.29992684711046086
0.29992684711046086
0.29992684711046086
0.29992684711046086
0.29992684711046086
0.29992684711046086
0.29992684711046086
0.29992684711046086
0.29992684711046086
0.29992684711046086
0.29992684711046086
0.29992684711046086
0.29992684711046086
0.29992684711046086
0.29992684711046086
0.29992684711046086
0.29992684711046086
0.29992684711046086
0.29992684711046086
0.29992684711046086
0.29992684711046086
0.29992684711046086
0.29992684711046086
0.29992684711046086
0.29992684711046086
0.29992684711046086
0.7722590345235447
1.2348225429263717
1.2218541242608787
1.206906447062132
1.1980391166269124
1.2016456828433242
1.2023055942612144
1.2005107688047427
1.1947828785790207
1.1847092348018102
1.1705793787638203
1.1482471661681883
1.0934362863609843
0.9007041421615891
0.7416712215012305
0.7251438730141688
0.709387520078093
0.6980817273612321
0.6880771812177449
0.6771291173547886
0.6627909583175591
0.6461430008772062
0.629481192928649
0.6124750403143895
0.5947011380103921
0.5765786158616473
0.557990715310184
0.5390201803103589
0.5198009380927093
0.5004160689625843
0.4809229972503449
0.4614642769226481
0.44216381567809854
0.4231250726708256
0.4044408000484872
0.3861572301255303
0.3682725056509715
0.35073904094270053
0.33347690491805065
0.3164114754549366
0.2995643727296032
0.28310150620747204
0.2673257394152893
0.25267704986974443
0.23968176419303183
0.22879823645016045
0.22025065177846354
0.2140261614116044
0.20989583827920538
0.2074298369455823
0.2061345853354764
0.20557071966219526
0.20539395781923792
0.20538268569647783
0.2054182399148295
0.20544134229755012
0.20543603457992737
0.20541975028378473
0.2054049368155056
0.20540308499620014
0.20542820920497534
0.20549220580882538
0.20561038490026
0.20579075361786475
0.20602636799601354
0.20630287046919743
0.20660566658726937
0.20691973331017027
0.20723188025880496
0.2075358759645652
0.207837898379913
0.20813857713563194
0.2084417236249177
0.20875884615910617
0.20909491421905263
0.20943902971254885
0.2097698957668535
0.21007683837972985
0.21035783999378604
0.21061471837953666
0.21085891532912432
0.21110840923783397
0.21142103051943045
0.21183260435922363
0.21221859273134297
0.21253179270951544
0.21278581490352738
0.2130343536803994
0.2133874159947327
0.2138026514995633
0.21422272363153666
0.21462550638172156
0.21498382721233106
0.21528804933676177
0.21555144525991993
0.21579027880001772
0.21602460262127804
0.21627742619304985
0.21657137855247505
0.21692819504818567
0.21734580457825442
0.21778295061900393
0.2181850972522506
0.21854320507756358
0.2188474547697828
0.21908231947027473
0.21928564606458495
0.2195228448425131
0.21984007813769663
0.2202338945710019
0.22068356240849135
0.2211796715363959
0.22170709785311865
0.22223705852569015
0.22275599892637993
0.2232687216124714
0.2237793572484595
0.22428846568184896
0.22479578961751107
0.22530109385878144
0.22580416456985636
0.22630480811433956
0.22680284998185202
0.22729813389853942
0.2277905209819407
0.22827988894141155
0.22876613132516416
0.22924915681486874
0.2297288885686813
0.23020526361349952
0.23067823228733247
0.23114775774332214
0.23161381634499706
0.23207640245270317
0.23253553224438034
0.23299122930354416
0.23344350639300232
0.23389237783987565
0.23433787613193574
0.23477994496216664
0.2352178008626778
0.2356507935651891
0.23607904321182788
0.23650266240672108
0.23692174963294282
0.23733642307352448
0.23774679990548703
0.2381529540104424
0.23855497108654672
0.23895295859185844
0.23934689448105023
0.2397361187711347
0.24011941371518458
0.24049686315891955
0.24086776172943286
0.24124053508779736
0.24223412246313067
0.2430383941098574