-0.12496951962935869
-0.12496951962935869
-0.12496951962935869
-0.12496951962935869
-0.12496951962935869
-0.12496951962935869
-0.12496951962935869
-0.12496951962935869
-0.12496951962935869
-0.12496951962935869
-0.12496951962935869
-0.12496951962935869
-0.12496951962935869
-0.12496951962935869
-0.12496951962935869
-0.12496951962935869
-0.12496951962935869
-0.12496951962935869
-0.12496951962935869
-0.12496951962935869
-0.12496951962935869
-0.12496951962935869
-0.12496951962935869
-0.12496951962935869
-0.12496951962935869
-0.12496951962935869
-0.12496951962935869
-0.12496951962935869
-0.12496951962935869
-0.12496951962935869
-0.12496951962935869
-0.12496951962935869
-0.12496951962935869
-0.12496951962935869
-0.12496951962935869
-0.12496951962935869
-0.12496951962935869
-0.12496951962935869
-0.12496951962935869
-0.12496951962935869
-0.12496951962935869
-0.12496951962935869
-0.12496951962935869
-0.12496951962935869
-0.12496951962935869
-0.12496951962935869
-0.12496951962935869
-0.12496951962935869
-0.12496951962935869
-0.12496951962935869
-0.12496951962935869
-0.12496951962935869
-0.12496951962935869
-0.12496951962935869
-0.12496951962935869
-0.12496951962935869
-0.12496951962935869
-0.12496951962935869
-0.12496951962935869
-0.12496951962935869
-0.12496951962935869
-0.12496951962935869
-0.12496951962935869
-0.12496951962935869
-0.12496951962935869
-0.12496951962935869
-0.12496951962935869
-0.12496951962935869
-0.12496951962935869
-0.12496951962935869
-0.12496951962935869
-0.12496951962935869
-0.12496951962935869
-0.12496951962935869
-0.12496951962935869
-0.12496951962935869
-0.12496951962935869
-0.12496951962935869
-0.12496951962935869
-0.12496951962935869
-0.12496951962935869
-0.12496951962935869
-0.12496951962935869
-0.12496951962935869
-0.12496951962935869
-0.12496951962935869
-0.12496951962935869
-0.12496951962935869
-0.12496951962935869
-0.12496951962935869
-0.12496951962935869
-0.12496951962935869
-0.12496951962935869
-0.12496951962935869
-0.12496951962935869
-0.12496951962935869
-0.12496951962935869
-0.12496951962935869
-0.12496951962935869
-0.12496951962935869
-0.12496951962935869
-0.12496951962935869
-0.12496951962935869
-0.12496951962935869
-0.12496951962935869
-0.12496951962935869
-0.12496951962935869
-0.12496951962935869
-0.12496951962935869
-0.12496951962935869
-0.12496951962935869
-0.12496951962935869
-0.04721238261074566
0.01758546320309952
-0.012979971861973624
-0.04773152468917978
-0.07920458657913874
-0.10434738921433755
-0.12345753559368615
-0.13809224510588552
-0.14893410690044645
-0.15626278033458035
-0.1600268420776106
-0.16014962728189625
-0.15758855347423656
-0.15389712385203652
-0.15023832834945788
-0.14715974884769362
-0.14469738793466175
-0.14270220923583915
-0.14106903435040924
-0.13971587382953204
-0.13856004765866808
-0.13754677136006416
-0.13665611957342344
-0.13588897950139106
-0.1352477168186476
-0.13471621711279397
-0.13427140198216264
-0.13390443009302982
-0.13360678271854448
-0.13335937429030315
-0.13314838004855106
-0.13296594118923805
-0.13280159798005803
-0.13264811303483887
-0.1325046593106855
-0.132371444907541
-0.13224779924739977
-0.132132512125624
-0.13202309522947647
-0.13191726684707733
-0.13181483543252698
-0.1317165651579621
-0.1316226191329259
-0.1315327907714065
-0.13144672211515424
-0.13136358455373504
-0.1312824688606064
-0.13120401311161295
-0.13113006241427166
-0.13106136109959804
-0.1309976727223216
-0.13093875667563498
-0.13088347014775698
-0.13082987196522028
-0.13077702818755194
-0.13072492401977248
-0.1306735453750209
-0.1306231055172104
-0.13057449167448748
-0.13052878191340417
-0.13048633219948064
-0.13044703716790534
-0.13041058661787502
-0.13037603807255665
-0.13034225919319103
-0.13030568248407398
-0.13026424261444886
-0.1302258440687613
-0.1301870705089993
-0.13014690803689882
-0.1301081414276774
-0.13006432880607827
-0.13001858922744075
-0.12997433084283866
-0.1299327331670454
-0.1298951727285384
-0.12986178074565918
-0.12983150011441674
-0.12980305882859783
-0.1297750362057521
-0.1297460671133121
-0.12971488915081947
-0.1296803591167061
-0.1296427601748768
-0.12960460329971418
-0.12956903529449443
-0.1295377445735521
-0.12951118469243633
-0.1294888138867289
-0.12946826431172548
-0.12944567403445045
-0.12941845846264893
-0.12938699608190157
-0.12935263451260853
-0.1293160003429325
-0.1292780246911724
-0.1292403974997151
-0.1292038719166801
-0.12916812425689622
-0.1291328820663566
-0.1290980876129581
-0.12906373299473056
-0.1290298104857101
-0.12899631251518912
-0.12896323167423857
-0.12893056071937087
-0.12889829256804614
-0.12886642029432321
-0.12883493712464705
-0.12880383643377197
-0.1287731117408119
-0.12874275670541374
-0.12871276512405222
-0.12868313092643863
-0.1286538481720378
-0.12862491104669566
-0.1285963138593726
-0.12856805103896857
-0.12854011713125008
-0.1285125067958685
-0.12848521480346736
-0.12845823603287826
-0.1284315654683969
-0.12840519819714075
-0.1283791294064875
-0.1283533543815864
-0.1283278685029398
-0.1283026672440592
-0.1282777461691888
-0.12825310093109316
-0.12822872726890772
-0.12820462100605073
-0.12818077804819733
-0.1281571943813095
-0.1281338660697195
-0.12811078925427072
-0.12808796015050244
-0.12806537503967824
-0.128043017984178
-0.12799972413455418
-0.1279675553220157