0.3999024628139478
0.3999024628139478
0.3999024628139478
0.3999024628139478
0.3999024628139478
0.3999024628139478
0.3999024628139478
0.3999024628139478
0.3999024628139478
0.3999024628139478
0.3999024628139478
0.3999024628139478
0.3999024628139478
0.3999024628139478
0.3999024628139478
0.3999024628139478
0.3999024628139478
0.3999024628139478
0.3999024628139478
0.3999024628139478
0.3999024628139478
0.3999024628139478
0.3999024628139478
0.3999024628139478
0.3999024628139478
0.3999024628139478
0.3999024628139478
0.3999024628139478
0.3999024628139478
0.3999024628139478
0.3999024628139478
0.3999024628139478
0.3999024628139478
0.3999024628139478
0.3999024628139478
0.3999024628139478
0.3999024628139478
0.3999024628139478
0.3999024628139478
0.3999024628139478
0.3999024628139478
0.3999024628139478
0.3999024628139478
0.3999024628139478
0.3999024628139478
0.3999024628139478
0.3999024628139478
0.3999024628139478
0.3999024628139478
0.3999024628139478
0.3999024628139478
0.3999024628139478
0.3999024628139478
0.3999024628139478
0.3999024628139478
0.3999024628139478
0.3999024628139478
0.3999024628139478
0.3999024628139478
0.3999024628139478
0.3999024628139478
0.3999024628139478
0.3999024628139478
0.3999024628139478
0.3999024628139478
0.3999024628139478
0.3999024628139478
0.3999024628139478
0.3999024628139478
0.3999024628139478
0.3999024628139478
0.3999024628139478
0.3999024628139478
0.3999024628139478
0.3999024628139478
0.3999024628139478
0.3999024628139478
0.3999024628139478
0.3999024628139478
0.3999024628139478
0.3999024628139478
0.3999024628139478
0.3999024628139478
0.3999024628139478
0.3999024628139478
0.3999024628139478
0.3999024628139478
0.3999024628139478
0.3999024628139478
0.3999024628139478
0.3999024628139478
0.3999024628139478
0.3999024628139478
0.3999024628139478
1.3059386404618967
1.2884964275051485
1.2628309401793405
1.2523623073175165
1.2381650405062734
1.2265485011075674
1.2271729036824475
1.2250302485198337
1.2204787420188987
1.2114082360527418
1.1917845298547989
1.1544048901459985
1.0885301414916266
1.0001388814267027
0.9166711307687169
0.8601975035074095
0.8305905634876727
0.815271266621919
0.8041052529406421
0.7940672091192236
0.7830627324072328
0.7686962710589511
0.7520165143929569
0.735334521684567
0.7183480290362962
0.7006300580271816
0.682610763443525
0.6641310715848938
0.6452968969820458
0.6262342925459232
0.6070157239247778
0.5876882112235315
0.5683750110116661
0.5491940208461616
0.5302301194293386
0.5115896460244642
0.4933211822584558
0.47542075083321667
0.4578640756100665
0.4405788004140272
0.42349041716465585
0.4065994466146301
0.3900187983433019
0.3740002642678044
0.35894494284825407
0.3453588221078612
0.33372332912298774
0.32430981955095306
0.31718642984379675
0.3121934309251755
0.3089528710405911
0.3070060258873497
0.30592746734691256
0.30535499365182184
0.3050139605088613
0.30475911186704896
0.3045206477296143
0.3042730283758035
0.3040250191351299
0.3037876860059934
0.3035729629898134
0.3034042006845603
0.3032930235243463
0.3032380891499018
0.30324791508389626
0.30332164540412676
0.30344576705862214
0.3036129415509923
0.3038063606754242
0.3040083098597093
0.30421673675354266
0.3044296473919863
0.3046446519077419
0.30486557113473656
0.3051018273211603
0.30535893041354556
0.3056283185396682
0.3058902560121657
0.30613176285587973
0.3063503566345809
0.3065475314882049
0.3067363319115255
0.30693566657488547
0.3072064835711188
0.30758606505973884
0.307943758968263
0.30820779948292176
0.3083880193611275
0.3085612996657445
0.30884699043903274
0.3092022217235113
0.3095666157578376
0.3099164452815837
0.3102221391145281
0.3104722585303856
0.31067968730712026
0.3108632333132333
0.3110462612052973
0.3112535572320747
0.3115098895475563
0.3118394998110692
0.3122417255695684
0.31267414898933654
0.3130768417694594
0.31341272422649546
0.3136681432568411
0.3138475258077784
0.3139897604629607
0.3141636043121452
0.31441831178773794
0.3147512376882038
0.315164284398034
0.31564973515695294
0.31617075488658286
0.31669689003105694
0.3172135601282673
0.31772568552173674
0.3182375408453726
0.3187496286204412
0.3192615857111327
0.3197730738438789
0.3202837788855024
0.3207934096491394
0.3213016967712006
0.32180839176389386
0.3223132660956425
0.32281611030114443
0.3233167331226283
0.3238149606836911
0.3243106356969434
0.32480361670654356
0.3252937773667479
0.32578100576968594
0.32626520471062803
0.32674629662660837
0.3272242275024977
0.327698951295029
0.3281704101943379
0.32863854753081223
0.3291033264577272
0.32956471735286175
0.33002269698003395
0.33047728240233076
0.3309285360297556
0.3313765233498367
0.33182130519236064
0.33226297451902886
0.33270156876260226
0.333136388721895
0.3335668212682321
0.33399298022511537
0.3344148403842382
0.33483169335089324
0.3352422344465136
0.33564655144959565
0.33604390126595685
0.33644403160563097
0.33753671288815634
0.33842582150612427