0.49987807851743477
0.49987807851743477
0.49987807851743477
0.49987807851743477
0.49987807851743477
0.49987807851743477
0.49987807851743477
0.49987807851743477
0.49987807851743477
0.49987807851743477
0.49987807851743477
0.49987807851743477
0.49987807851743477
0.49987807851743477
0.49987807851743477
0.49987807851743477
0.49987807851743477
0.49987807851743477
0.49987807851743477
0.49987807851743477
0.49987807851743477
0.49987807851743477
0.49987807851743477
0.49987807851743477
0.49987807851743477
0.49987807851743477
0.49987807851743477
0.49987807851743477
0.49987807851743477
0.49987807851743477
0.49987807851743477
0.49987807851743477
0.49987807851743477
0.49987807851743477
0.49987807851743477
0.49987807851743477
0.49987807851743477
0.49987807851743477
0.49987807851743477
0.49987807851743477
0.49987807851743477
0.49987807851743477
0.49987807851743477
0.49987807851743477
0.49987807851743477
0.49987807851743477
0.49987807851743477
0.49987807851743477
0.49987807851743477
0.49987807851743477
0.49987807851743477
0.49987807851743477
0.49987807851743477
0.49987807851743477
0.49987807851743477
0.49987807851743477
0.49987807851743477
0.49987807851743477
0.49987807851743477
0.49987807851743477
0.49987807851743477
0.49987807851743477
0.49987807851743477
0.49987807851743477
0.49987807851743477
0.49987807851743477
0.49987807851743477
0.49987807851743477
0.49987807851743477
0.49987807851743477
0.49987807851743477
0.49987807851743477
0.49987807851743477
0.49987807851743477
0.49987807851743477
0.49987807851743477
0.49987807851743477
0.49987807851743477
0.49987807851743477
0.49987807851743477
0.49987807851743477
0.49987807851743477
0.49987807851743477
0.49987807851743477
0.49987807851743477
0.49987807851743477
0.49987807851743477
0.49987807851743477
0.49987807851743477
0.49987807851743477
0.49987807851743477
0.49987807851743477
1.4196763141133202
1.4109438414878117
1.3981286267044553
1.381711628492945
1.3633482586001344
1.3542167202902728
1.3432674250819847
1.3346611032914784
1.3329006883778454
1.3300112749716695
1.3239311976358743
1.310874927496029
1.2880207069930247
1.2468829977082208
1.1790211596811344
1.092399515865618
1.0125201904162358
0.958425839354583
0.929726307896771
0.9148065692089724
0.9038288124372507
0.8938325585133944
0.8828750382668213
0.8685770495044929
0.8519085043755052
0.835236462655712
0.8183189995693683
0.8007040476215381
0.7828365925057663
0.7645235848024747
0.745892391908479
0.7270571889413548
0.7080577223348181
0.6889430358160322
0.6698524005584556
0.6508766206902472
0.6320844612549759
0.6135957375097854
0.5954767032962249
0.57771995221894
0.5602975009029232
0.5431393711799857
0.5261879319534091
0.5094289074730003
0.4929475717912754
0.47697600623214703
0.4618595713235651
0.44806201485559666
0.43606893958570064
0.4262103445027769
0.41859432626036525
0.41311277327107615
0.4094432976634585
0.4071453180964843
0.4057807110811937
0.4049760402773967
0.40444775753988677
0.40403395711818585
0.4036634962101406
0.4033005107004108
0.4029319120169467
0.40257546352873924
0.4022507466874747
0.40196724950231494
0.40174437328040885
0.40159265008198614
0.40150960806603936
0.4014898309178487
0.4015258297013375
0.40161063565365057
0.4017267775151125
0.40185527962858475
0.40199018202318787
0.4021357100243185
0.4022910575296878
0.4024533810460548
0.40263663803346733
0.4028466801790264
0.4030688948043705
0.4032828146477356
0.40348053958034374
0.4036593159436956
0.40381757802919854
0.40396564857167955
0.40412280413530616
0.4043545618267787
0.40470406801595366
0.40503726154245284
0.4052623356607185
0.40538896222790183
0.40550931347198443
0.40574712553857867
0.40605938549105075
0.4063838962038237
0.4066934519368847
0.4069593328234979
0.40717147976886786
0.4073401926967974
0.4074843380342467
0.40762524705472564
0.4077882498959268
0.408001350786842
0.4082924366612703
0.4086616164538294
0.40906333855051685
0.4094402118365618
0.40975606295745165
0.40999438414283834
0.41015721097399566
0.4102822816992672
0.41044080860610704
0.4106844112922962
0.4110107338261357
0.4113979780205656
0.4118363592445748
0.412309633507361
0.41278638761711023
0.4132742796329644
0.4137799616964723
0.41428678355695564
0.4147952134601353
0.41530482233879223
0.41581520712488346
0.41632599010715915
0.41683681778521703
0.4173473597831118
0.4178573079329115
0.4183663753752797
0.41887429567918816
0.41938082198265886
0.41988572615625647
0.4203887979908731
0.42088984441117877
0.42138868871616325
0.42188516986130925
0.4223791427100598
0.4228704831486884
0.42335909213196804
0.4238448794164495
0.4243277428789953
0.42480758182142225
0.4252843163637345
0.4257578742466392
0.4262281898426356
0.42669523943119153
0.42715904642650643
0.4276196371930882
0.42807703279488746
0.4285312880076943
0.42898246711517246
0.42943059420406965
0.42987571679313036
0.43031791734945174
0.4307571337928146
0.43119240581070145
0.4316216450330798
0.4320444171624522
0.4324599546790073
0.4328790230806889
0.4340450857139545
0.4349976503364955