0.5998536942209217
0.5998536942209217
0.5998536942209217
0.5998536942209217
0.5998536942209217
0.5998536942209217
0.5998536942209217
0.5998536942209217
0.5998536942209217
0.5998536942209217
0.5998536942209217
0.5998536942209217
0.5998536942209217
0.5998536942209217
0.5998536942209217
0.5998536942209217
0.5998536942209217
0.5998536942209217
0.5998536942209217
0.5998536942209217
0.5998536942209217
0.5998536942209217
0.5998536942209217
0.5998536942209217
0.5998536942209217
0.5998536942209217
0.5998536942209217
0.5998536942209217
0.5998536942209217
0.5998536942209217
0.5998536942209217
0.5998536942209217
0.5998536942209217
0.5998536942209217
0.5998536942209217
0.5998536942209217
0.5998536942209217
0.5998536942209217
0.5998536942209217
0.5998536942209217
0.5998536942209217
0.5998536942209217
0.5998536942209217
0.5998536942209217
0.5998536942209217
0.5998536942209217
0.5998536942209217
0.5998536942209217
0.5998536942209217
0.5998536942209217
0.5998536942209217
0.5998536942209217
0.5998536942209217
0.5998536942209217
0.5998536942209217
0.5998536942209217
0.5998536942209217
0.5998536942209217
0.5998536942209217
0.5998536942209217
0.5998536942209217
0.5998536942209217
0.5998536942209217
0.5998536942209217
0.5998536942209217
0.5998536942209217
0.5998536942209217
0.5998536942209217
0.5998536942209217
0.5998536942209217
0.5998536942209217
0.5998536942209217
0.5998536942209217
0.5998536942209217
0.5998536942209217
0.5998536942209217
0.5998536942209217
0.5998536942209217
0.5998536942209217
0.5998536942209217
0.5998536942209217
0.5998536942209217
0.5998536942209217
0.5998536942209217
0.5998536942209217
0.5998536942209217
0.5998536942209217
0.5998536942209217
0.5998536942209217
0.5998536942209217
1.56839636804514
1.5582342390626736
1.5448287355047086
1.5343705909424987
1.5223257685631872
1.5090737895159467
1.4955973153581121
1.4875886749784375
1.4787402730829358
1.4714526848402576
1.4659285304950798
1.4597279826244032
1.4520803294324667
1.4362864584582136
1.409835070048222
1.3651712956026114
1.296711477031828
1.2141898413724093
1.1402793469096142
1.0903420097690508
1.0635890110772914
1.0496051793232748
1.0390788656547336
1.0292350107770072
1.0183787872888677
1.0040570058815668
0.9872819033399579
0.9706215807237969
0.9537848626648112
0.9362617535000429
0.9184822810769747
0.9002254138582472
0.8816422927208173
0.8628157829775108
0.8437635875676245
0.8245450560588675
0.8052722828380708
0.7860305594164715
0.7668955710548438
0.747955885735402
0.7292605313393726
0.7108358187616165
0.6926625641503351
0.6746710457951083
0.6567914839287169
0.6389847072591409
0.6213108311479038
0.6039736893992901
0.587296417471226
0.5717181125188892
0.5577468062130758
0.5457730817189251
0.5360365112341469
0.5285379615449558
0.522999180119006
0.5190304202974928
0.5162200341499302
0.514164719099712
0.5125492298609547
0.5111841008418808
0.5099477193670042
0.508775799491132
0.5076464492189242
0.5065597042407514
0.5055288788322044
0.50456802855912
0.5036968474333033
0.5029338362207919
0.5022796849022925
0.5017273430925516
0.5012710732420836
0.5008937454091581
0.5005803797186049
0.5003085094202874
0.5000695864557879
0.49986326259280844
0.4996753858668118
0.49950953961624267
0.4993800114557444
0.4992987412323028
0.49925277525048284
0.499213353583183
0.4991670887416989
0.4991094129178305
0.4990402478055912
0.49896802531596285
0.49891413927166106
0.4989543780810367
0.49913740325525613
0.49931331207171825
0.49928968139712604
0.49907400597919616
0.49885546580283047
0.4987843159244246
0.498816489279276
0.4988769200053885
0.49893680492221215
0.49895821343752733
0.4989255600877699
0.498849522811455
0.498749150280026
0.4986502698138643
0.4985823794063792
0.49857655222168973
0.4986650960977427
0.49885214133593314
0.4990884522173801
0.49930274582678813
0.4994502148924048
0.4995101504859375
0.49948284369032525
0.4994105166104942
0.49937156937698923
0.49942797394848937
0.49958364177375636
0.49981937204118776
0.5001265891215502
0.5004866096046402
0.5008663813562869
0.5012479817257601
0.5016344341617766
0.5020328845323278
0.502443914569971
0.5028648197523676
0.5032972956096483
0.503738695885423
0.5041840080674161
0.5046323912682237
0.5050830098827351
0.5055350311469212
0.5059876296152158
0.5064403848795506
0.5069157259241109
0.5074147412921232
0.5079158667853353
0.5084186874940985
0.5089228096132518
0.509427860795253
0.5099334961593579
0.5104394031340421
0.5109452825860817
0.5114508243338071
0.5119557220703804
0.5124596958579982
0.512962476736322
0.5134638052262842
0.513963472351843
0.5144613260210799
0.5149572193834177
0.5154510005044918
0.5159425574204294
0.5164317897272138
0.5169185497671723
0.5174027159137694
0.5178842057494594
0.5183627662155118
0.5188372752152685
0.5193058421766082
0.5197683332247994
0.5202236591000361
0.5206875407159576
0.5221189913687909
0.5233119498929545