0.6999817117776153
0.6999817117776153
0.6999817117776153
0.6999817117776153
0.6999817117776153
0.6999817117776153
0.6999817117776153
0.6999817117776153
0.6999817117776153
0.6999817117776153
0.6999817117776153
0.6999817117776153
0.6999817117776153
0.6999817117776153
0.6999817117776153
0.6999817117776153
0.6999817117776153
0.6999817117776153
0.6999817117776153
0.6999817117776153
0.6999817117776153
0.6999817117776153
0.6999817117776153
0.6999817117776153
0.6999817117776153
0.6999817117776153
0.6999817117776153
0.6999817117776153
0.6999817117776153
0.6999817117776153
0.6999817117776153
0.6999817117776153
0.6999817117776153
0.6999817117776153
0.6999817117776153
0.6999817117776153
0.6999817117776153
0.6999817117776153
0.6999817117776153
0.6999817117776153
0.6999817117776153
0.6999817117776153
0.6999817117776153
0.6999817117776153
0.6999817117776153
0.6999817117776153
0.6999817117776153
0.6999817117776153
0.6999817117776153
0.6999817117776153
0.6999817117776153
0.6999817117776153
0.6999817117776153
0.6999817117776153
0.6999817117776153
0.6999817117776153
0.6999817117776153
0.6999817117776153
0.6999817117776153
0.6999817117776153
0.6999817117776153
0.6999817117776153
0.6999817117776153
0.6999817117776153
0.6999817117776153
0.6999817117776153
0.6999817117776153
0.6999817117776153
0.6999817117776153
0.6999817117776153
0.6999817117776153
0.6999817117776153
0.6999817117776153
0.6999817117776153
0.6999817117776153
0.6999817117776153
0.6999817117776153
0.6999817117776153
0.6999817117776153
0.6999817117776153
0.6999817117776153
0.6999817117776153
0.6999817117776153
0.6999817117776153
0.6999817117776153
0.6999817117776153
0.6999817117776153
0.6999817117776153
0.6999817117776153
1.187449928684275
1.671050958312251
1.6592901110566474
1.646809831926856
1.6353529086000376
1.622806781059314
1.6089441564477536
1.5944372599919636
1.5861991344088195
1.5802290040175775
1.5741427951353002
1.5645977483174147
1.555802731026164
1.548480288187609
1.5313999690104705
1.5023966532021473
1.4553788865204766
1.3863621924255494
1.305778664386668
1.2346201654403997
1.186460306298009
1.1605705312521875
1.1472301265209435
1.13712440512492
1.1275014552481393
1.1167666888519598
1.1024497974122853
1.0856208956260334
1.0689987722290182
1.05234069906379
1.035012239335528
1.0174540623258224
0.9994322972249785
0.9811046054327506
0.9625493579106883
0.9437831522243789
0.9248614618162965
0.9058871271659121
0.886921395636348
0.8680371309093906
0.8493330835871666
0.8308730729500684
0.8126786107799449
0.7947265685742952
0.7769683637474687
0.7593381302127891
0.7417904733554046
0.724367306164742
0.707245134869924
0.6907173222429135
0.6751979657543927
0.66116905320286
0.6490496049462777
0.6391063367124499
0.6313641083874795
0.6255968448865823
0.6214329074009224
0.6184500673524944
0.6162568789306477
0.6145473585404804
0.6130905249311649
0.6117551765673475
0.6104874387751633
0.6092619274485198
0.6080894132654926
0.6069857176079254
0.6059434221832012
0.6049812124987555
0.6041283968644691
0.6033863312802952
0.602750103771172
0.6022049375347165
0.6017405949709875
0.601342217442149
0.6009868471824551
0.6006656395405545
0.6003730591961172
0.6001159918820926
0.5998951671566468
0.5997131619096256
0.5995765525065075
0.5994721298749344
0.5993759671584762
0.5992743408971255
0.5991624118979448
0.5990400037290233
0.5989206223749521
0.5988207410196256
0.5988118815535768
0.5989488526661182
0.5990799188505629
0.59898713468325
0.5986810062216321
0.5983784961492713
0.5982272143817506
0.5981860495735574
0.5981814632761249
0.5981786272993563
0.598138572983733
0.5980446708445522
0.5979069711569824
0.5977440985262454
0.5975760183862535
0.5974320775889432
0.5973491929829446
0.5973606342556552
0.5974714805432608
0.5976408026041433
0.5977995953392541
0.5978969755495744
0.5979085445486589
0.597828353643584
0.5976983653009849
0.5976031323792483
0.5976040690810405
0.5977061003915156
0.5978904038246475
0.5981462522151904
0.5984574101884061
0.5987903794610596
0.5991267390703219
0.5994693742943826
0.5998231197110315
0.6001906990101307
0.6005715896972847
0.6009630113821562
0.6013666768083463
0.6017821988991963
0.6022069603959692
0.6026404509162266
0.6030799626142946
0.6035226651337804
0.6039677834301593
0.6044145458948322
0.6048621821224329
0.605309927238141
0.6057574059069704
0.6062267267459336
0.6067189433088962
0.6072128127461718
0.6077079666203296
0.6082040493377812
0.6087006929279775
0.6091975321735155
0.6096942276865556
0.6101904501424902
0.6106858786358695
0.6111802427784618
0.6116733294153494
0.6121649296077245
0.6126548277851129
0.6131428478859404
0.6136288241689125
0.6141125404776786
0.6145938051618791
0.6150724646133363
0.615548186895158
0.6160197421978295
0.6164851029241478
0.6169440399840682
0.6173953591958656
0.6178559827368537
0.6193473265728419
0.620601299462898