0.8001097293343087
0.8001097293343087
0.8001097293343087
0.8001097293343087
0.8001097293343087
0.8001097293343087
0.8001097293343087
0.8001097293343087
0.8001097293343087
0.8001097293343087
0.8001097293343087
0.8001097293343087
0.8001097293343087
0.8001097293343087
0.8001097293343087
0.8001097293343087
0.8001097293343087
0.8001097293343087
0.8001097293343087
0.8001097293343087
0.8001097293343087
0.8001097293343087
0.8001097293343087
0.8001097293343087
0.8001097293343087
0.8001097293343087
0.8001097293343087
0.8001097293343087
0.8001097293343087
0.8001097293343087
0.8001097293343087
0.8001097293343087
0.8001097293343087
0.8001097293343087
0.8001097293343087
0.8001097293343087
0.8001097293343087
0.8001097293343087
0.8001097293343087
0.8001097293343087
0.8001097293343087
0.8001097293343087
0.8001097293343087
0.8001097293343087
0.8001097293343087
0.8001097293343087
0.8001097293343087
0.8001097293343087
0.8001097293343087
0.8001097293343087
0.8001097293343087
0.8001097293343087
0.8001097293343087
0.8001097293343087
0.8001097293343087
0.8001097293343087
0.8001097293343087
0.8001097293343087
0.8001097293343087
0.8001097293343087
0.8001097293343087
0.8001097293343087
0.8001097293343087
0.8001097293343087
0.8001097293343087
0.8001097293343087
0.8001097293343087
0.8001097293343087
0.8001097293343087
0.8001097293343087
0.8001097293343087
0.8001097293343087
0.8001097293343087
0.8001097293343087
0.8001097293343087
0.8001097293343087
0.8001097293343087
0.8001097293343087
0.8001097293343087
0.8001097293343087
0.8001097293343087
0.8001097293343087
0.8001097293343087
0.8001097293343087
0.8001097293343087
0.8001097293343087
0.8001097293343087
0.8001097293343087
0.8001097293343087
1.2201382499343578
1.6367855770686968
1.6249167105668203
1.611882755054332
1.600413916874328
1.5881035077846613
1.574569165604966
1.5595785968011793
1.5485917541108711
1.5365557130466174
1.5275575577547666
1.5242249417781188
1.5190893383851467
1.510894139796469
1.4952152933320333
1.4666856840110833
1.4182346104685855
1.3442420821880856
1.2543165373253824
1.1724682768858359
1.1162012025583596
1.0862764045121511
1.071991230045251
1.0620025752938238
1.0528299635628808
1.0427761653951473
1.0288266993277355
1.0120886541453467
0.9959053618230309
0.9801108952197235
0.9638522571134402
0.9476812961901655
0.9313440131174902
0.9150446814600077
0.8988888466240548
0.8828972274200959
0.8671578266324953
0.8517910982862704
0.8368739812323869
0.8225111589097835
0.8087992463679059
0.79577894165458
0.7834766514778242
0.7718940138429411
0.7609783167863788
0.750683716791648
0.740960824470416
0.7317992108711666
0.723296365926912
0.7156358769303341
0.7090882083999921
0.703943094957993
0.7003544082139659
0.6983399370584038
0.697770601679202
0.6983250125679319
0.6996370212928442
0.7013679203239878
0.7032114126005993
0.7049667392203787
0.7065505282570024
0.7079321191024606
0.7091142342830772
0.7101356005334118
0.7110361481425442
0.7118498463221858
0.7126039216147964
0.7133198740331108
0.71401776527221
0.7147084039828326
0.7153915371168129
0.7160614166737982
0.716716200634046
0.7173495760677107
0.71795115012311
0.718519406776948
0.719060682484918
0.719576113295582
0.7200691706169089
0.7205509153403329
0.721026359154427
0.7214878329474026
0.7219223622302058
0.7223356615926237
0.7227281164525754
0.7230917271705464
0.7234373332958939
0.7237790325933207
0.7241610705998978
0.7246088795389631
0.7250259933686947
0.7254320227205426
0.725837409291546
0.7262310678172976
0.7266959879550734
0.7271939834473382
0.7276811067638265
0.7281411817915144
0.7285551324905792
0.7289197030557248
0.7292471940799274
0.7295531963545583
0.7298556736853337
0.730172400181692
0.7305202292062323
0.7309146737225725
0.7313526971131157
0.7318019481611746
0.732221134721948
0.7325872975686274
0.7328934239630696
0.7331457018370908
0.733374599886859
0.7336305598973667
0.7339478446108407
0.7343222959549911
0.7347369887689104
0.7351841054064974
0.7356516073015273
0.7361173845392746
0.7365714464430291
0.7370178826419338
0.7374601622352455
0.7378989727277674
0.7383343586617335
0.7387658667642729
0.7391927428097482
0.7396147474905688
0.7400319591033517
0.7404444543142807
0.7408523082009542
0.7412555942929526
0.7416543846111738
0.7420487497059771
0.7424387586941761
0.7428244792949237
0.7432059778645856
0.7435833194365522
0.7439565683746079
0.7443257922533555
0.7446910649835721
0.7450524563038681
0.7454100184291008
0.7457637955626091
0.746113837296764
0.7464601899869774
0.7468028963964557
0.7471420196856171
0.7474776470385278
0.7478098600339014
0.7481387293859065
0.748464341571051
0.7487867826265024
0.749106104715475
0.7494223694807769
0.7497356561668316
0.7500459430656783
0.7503527052941525
0.7506549737901429
0.7509528080967043
0.7512456201645856
0.751538978380591
0.7523076346886531
0.7529277963192675