0.8001097293343087
0.8001097293343087
0.8001097293343087
0.8001097293343087
0.8001097293343087
0.8001097293343087
0.8001097293343087
0.8001097293343087
0.8001097293343087
0.8001097293343087
0.8001097293343087
0.8001097293343087
0.8001097293343087
0.8001097293343087
0.8001097293343087
0.8001097293343087
0.8001097293343087
0.8001097293343087
0.8001097293343087
0.8001097293343087
0.8001097293343087
0.8001097293343087
0.8001097293343087
0.8001097293343087
0.8001097293343087
0.8001097293343087
0.8001097293343087
0.8001097293343087
0.8001097293343087
0.8001097293343087
0.8001097293343087
0.8001097293343087
0.8001097293343087
0.8001097293343087
0.8001097293343087
0.8001097293343087
0.8001097293343087
0.8001097293343087
0.8001097293343087
0.8001097293343087
0.8001097293343087
0.8001097293343087
0.8001097293343087
0.8001097293343087
0.8001097293343087
0.8001097293343087
0.8001097293343087
0.8001097293343087
0.8001097293343087
0.8001097293343087
0.8001097293343087
0.8001097293343087
0.8001097293343087
0.8001097293343087
0.8001097293343087
0.8001097293343087
0.8001097293343087
0.8001097293343087
0.8001097293343087
0.8001097293343087
0.8001097293343087
0.8001097293343087
0.8001097293343087
0.8001097293343087
0.8001097293343087
0.8001097293343087
0.8001097293343087
0.8001097293343087
0.8001097293343087
0.8001097293343087
0.8001097293343087
0.8001097293343087
0.8001097293343087
0.8001097293343087
0.8001097293343087
0.8001097293343087
0.8001097293343087
0.8001097293343087
0.8001097293343087
0.8001097293343087
0.8001097293343087
0.8001097293343087
0.8001097293343087
0.8001097293343087
0.8001097293343087
0.8001097293343087
0.8001097293343087
0.8001097293343087
0.8001097293343087
0.8001097293343087
1.6044484886841908
1.5919782580194957
1.577297019391497
1.5647205709291412
1.5509841724224276
1.5345831361055666
1.5164067676047817
1.5045704878139925
1.492855949566199
1.4847256955257486
1.482335634207002
1.4776638534623654
1.4700308128866482
1.4556900310484449
1.428781748387618
1.3809041908054733
1.3053269835214951
1.211001416019891
1.1235459997794996
1.0629655737443244
1.0311698040894028
1.0170172063019831
1.0077237035044317
0.9992901469775193
0.9899235576331984
0.9762483804546391
0.9596402446197536
0.9439548133280362
0.929006256010686
0.9136976098505769
0.898613616644627
0.883487239761904
0.8685648005973989
0.853938468916984
0.8396364452894047
0.8257741803353651
0.8124539746721862
0.7997282355663407
0.7876803699657224
0.7764108981766724
0.7659833824867899
0.756407757115239
0.747654403697857
0.7396719573465182
0.7323746468318919
0.725708247119434
0.7196624615200597
0.7142980712731279
0.7097518635028954
0.7061945820307167
0.7038071133004362
0.7026810180792042
0.7027876933731203
0.7039706210535257
0.705927419915253
0.7083139762546826
0.7108388834383177
0.7132732993692892
0.715478779910842
0.7174073992332597
0.7190602067389824
0.7204684918836588
0.7216816876706245
0.7227468256124563
0.7237024720751786
0.7245767802780996
0.7253923051340812
0.7261687154117251
0.7269182301469213
0.7276534523807301
0.7283714337571621
0.7290613165951945
0.7297191175276982
0.7303375156810257
0.7309174666128813
0.7314653100740391
0.7319837361278105
0.7324782015185443
0.7329584831042524
0.7334291540805487
0.7338842225176927
0.7343132747215055
0.7347122516255384
0.7350817090898676
0.7354244173828894
0.7357497326172913
0.7360694465497117
0.7364202493532945
0.7368228017223168
0.7371967711925438
0.7375717771306654
0.7379568288021432
0.7383300903393095
0.7387596889472541
0.7392131071958026
0.7396541232283169
0.740069728426602
0.7404447360295896
0.7407771804547643
0.7410778554451734
0.7413600712471073
0.7416389257116165
0.7419291433570308
0.7422445372092803
0.7425976670975134
0.7429845212720767
0.7433775587253668
0.7437441550593233
0.744066907147922
0.7443410933912549
0.7445718871628355
0.744784115959159
0.7450183957004628
0.7453010423666921
0.7456278916128192
0.7459851383578233
0.7463663349509162
0.7467617922458649
0.7471540241158794
0.7475352582803947
0.7479088362651807
0.7482775638605628
0.7486420254699209
0.7490022901835538
0.7493584256711128
0.7497104983832721
0.7500585734706571
0.7504027147330989
0.7507429846540863
0.7510794444341695
0.7514121540233571
0.7517411721525404
0.7520665563639766
0.7523883630408659
0.7527066474360542
0.7530214636999244
0.7533328649115163
0.7536409036125182
0.753945635010717
0.7542471195784499
0.7545454143824577
0.7548405620301974
0.75513259851408
0.7554215643015365
0.7557074972029538
0.7559904320466215
0.7562704205115811
0.7565475341664867
0.7568218399765165
0.7570933959203601
0.7573622730289602
0.7576285420274316
0.7578922456307347
0.7581534343866034
0.7584121735342164
0.7586684454061257
0.7589218166398297
0.7591714852673477
0.7594175006890949
0.7596593657301283
0.7599010204506105
0.7605113630458483
0.7609997055725567