0.8001097293343087
0.8001097293343087
0.8001097293343087
0.8001097293343087
0.8001097293343087
0.8001097293343087
0.8001097293343087
0.8001097293343087
0.8001097293343087
0.8001097293343087
0.8001097293343087
0.8001097293343087
0.8001097293343087
0.8001097293343087
0.8001097293343087
0.8001097293343087
0.8001097293343087
0.8001097293343087
0.8001097293343087
0.8001097293343087
0.8001097293343087
0.8001097293343087
0.8001097293343087
0.8001097293343087
0.8001097293343087
0.8001097293343087
0.8001097293343087
0.8001097293343087
0.8001097293343087
0.8001097293343087
0.8001097293343087
0.8001097293343087
0.8001097293343087
0.8001097293343087
0.8001097293343087
0.8001097293343087
0.8001097293343087
0.8001097293343087
0.8001097293343087
0.8001097293343087
0.8001097293343087
0.8001097293343087
0.8001097293343087
0.8001097293343087
0.8001097293343087
0.8001097293343087
0.8001097293343087
0.8001097293343087
0.8001097293343087
0.8001097293343087
0.8001097293343087
0.8001097293343087
0.8001097293343087
0.8001097293343087
0.8001097293343087
0.8001097293343087
0.8001097293343087
0.8001097293343087
0.8001097293343087
0.8001097293343087
0.8001097293343087
0.8001097293343087
0.8001097293343087
0.8001097293343087
0.8001097293343087
0.8001097293343087
0.8001097293343087
0.8001097293343087
0.8001097293343087
0.8001097293343087
0.8001097293343087
0.8001097293343087
0.8001097293343087
0.8001097293343087
0.8001097293343087
0.8001097293343087
0.8001097293343087
0.8001097293343087
0.8001097293343087
0.8001097293343087
0.8001097293343087
0.8001097293343087
0.8001097293343087
0.8001097293343087
0.8001097293343087
0.8001097293343087
0.8001097293343087
0.8001097293343087
0.8001097293343087
1.2141604228889002
1.6245203078941672
1.6110294828628748
1.5961784221891453
1.583779040814174
1.5709229612605706
1.5557998885124231
1.5378337886751352
1.5252184132782782
1.5133982581215484
1.505380447936044
1.5029145571242064
1.4981429417263283
1.490321265532887
1.4756453320778355
1.4482254644579253
1.3998272441458168
1.3242271818721465
1.2306829579720426
1.144310596404327
1.084433932057948
1.0531781833705451
1.0398233574347735
1.0311055962945777
1.0229342634865308
1.013721376057843
0.9998825514501637
0.9827848106414041
0.9667197624639967
0.9516030310036117
0.9360625014652497
0.9206861251411458
0.9051847462239064
0.8898006992204757
0.8746159301418179
0.8596487365257064
0.8450106639427881
0.8308206638969098
0.8171371890432924
0.8040386454951505
0.791618398852445
0.7799358431426446
0.7690312483666804
0.7589223634576723
0.7495484597861533
0.7408229082555848
0.7327101785966696
0.7251966225045237
0.7183242588312944
0.7122472193027487
0.7071863971250376
0.7033518419171034
0.7008915647258636
0.6998464287998163
0.700089302448448
0.7013361544625887
0.7032417376179774
0.7054577510015017
0.7077048302585716
0.7098046065558219
0.7116670392230444
0.7132793521827241
0.714661715410738
0.7158500096527927
0.716887799133765
0.717815523002056
0.7186646594104091
0.7194625291116952
0.7202302752537479
0.7209796647090683
0.7217118406792757
0.7224205808218189
0.723103038809539
0.7237543206780932
0.7243660560498728
0.7249500676904919
0.72551319636822
0.7260472357139112
0.7265578219736513
0.7270553977821368
0.7275447857057478
0.7280192630861395
0.7284672120592537
0.7288839296195138
0.7292697847669782
0.7296276017031775
0.7299674600982684
0.7303022270596331
0.7306720669636435
0.731099756518806
0.7314975051980876
0.731892153739093
0.7322934070835989
0.7326826535565567
0.7331347408786637
0.733614401586294
0.7340818688655
0.7345227132487382
0.7349200334457804
0.735271365700845
0.7355882744376243
0.7358851665327013
0.736178478581168
0.7364843243989732
0.7368178775461585
0.7371929998358209
0.7376067061367964
0.7380295680714959
0.7384242990819916
0.7387704094200263
0.7390618946050187
0.7393046973460631
0.7395266627323365
0.7397735520056801
0.7400762637440883
0.7404308409675553
0.7408215910123712
0.7412398326846132
0.7416736880769312
0.7421039834311431
0.7425222045039928
0.7429320173796603
0.7433364983539363
0.7437362884569183
0.7441314639197059
0.7445220993987756
0.7449082681975521
0.7452900421781241
0.7456674917062689
0.7460406856898143
0.7464096916158296
0.7467745755866873
0.7471354023550341
0.7474922353577151
0.7478451367486774
0.7481941674308958
0.748539387087398
0.7488808542162506
0.7492186267187135
0.749552765411422
0.7498833368660833
0.7502104039012762
0.7505340134791789
0.7508542053100513
0.7511710239974028
0.751484511224046
0.7517947054116336
0.7521016634505904
0.752405464009261
0.7527061806968789
0.7530038772788512
0.7532986318108723
0.7535905219848786
0.7538795948061427
0.754165905864179
0.7544495267756333
0.7547304380432627
0.755008164563469
0.7552818280635549
0.7555514825755962
0.7558165885814783
0.7560817867058083
0.7567630950364049
0.757310359317999