0.7501219214825652
0.7501219214825652
0.7501219214825652
0.7501219214825652
0.7501219214825652
0.7501219214825652
0.7501219214825652
0.7501219214825652
0.7501219214825652
0.7501219214825652
0.7501219214825652
0.7501219214825652
0.7501219214825652
0.7501219214825652
0.7501219214825652
0.7501219214825652
0.7501219214825652
0.7501219214825652
0.7501219214825652
0.7501219214825652
0.7501219214825652
0.7501219214825652
0.7501219214825652
0.7501219214825652
0.7501219214825652
0.7501219214825652
0.7501219214825652
0.7501219214825652
0.7501219214825652
0.7501219214825652
0.7501219214825652
0.7501219214825652
0.7501219214825652
0.7501219214825652
0.7501219214825652
0.7501219214825652
0.7501219214825652
0.7501219214825652
0.7501219214825652
0.7501219214825652
0.7501219214825652
0.7501219214825652
0.7501219214825652
0.7501219214825652
0.7501219214825652
0.7501219214825652
0.7501219214825652
0.7501219214825652
0.7501219214825652
0.7501219214825652
0.7501219214825652
0.7501219214825652
0.7501219214825652
0.7501219214825652
0.7501219214825652
0.7501219214825652
0.7501219214825652
0.7501219214825652
0.7501219214825652
0.7501219214825652
0.7501219214825652
0.7501219214825652
0.7501219214825652
0.7501219214825652
0.7501219214825652
0.7501219214825652
0.7501219214825652
0.7501219214825652
0.7501219214825652
0.7501219214825652
0.7501219214825652
0.7501219214825652
0.7501219214825652
0.7501219214825652
0.7501219214825652
0.7501219214825652
0.7501219214825652
0.7501219214825652
0.7501219214825652
0.7501219214825652
0.7501219214825652
0.7501219214825652
0.7501219214825652
0.7501219214825652
0.7501219214825652
0.7501219214825652
0.7501219214825652
0.7501219214825652
0.7501219214825652
0.7501219214825652
1.5503700030508942
1.5385837501649582
1.522059025060115
1.5106103584781154
1.499556849445076
1.48760207773063
1.4705987858848755
1.4578853686134488
1.4508028795609982
1.4457825865919776
1.4334716140077368
1.4224553681351992
1.4177106037036276
1.4045927012571249
1.379198243353844
1.332594694149289
1.2564025377494903
1.1582241394071058
1.0651358550906533
0.9999139021067449
0.9659563299933178
0.9519601380267351
0.9436141385009127
0.9360822687280101
0.9276084888640104
0.9145646158369931
0.8981094548368942
0.8824761585853909
0.8678661244147015
0.8530499726858967
0.838490115321679
0.8238926399812769
0.8095600947957853
0.7955427870805771
0.7818556681865922
0.76862476257417
0.7559301395471909
0.7438215173693556
0.7323925901018897
0.7217579268060472
0.711957562481575
0.7030064160906058
0.6949069927649714
0.6875850612286654
0.680973753613302
0.675026325312994
0.6696947059596845
0.6650027812136237
0.661055316134753
0.6579992513880224
0.6560042124897285
0.6551862812046847
0.655539939492592
0.6569242307003409
0.6590535420728856
0.6615997845574226
0.664273568471325
0.6668411203308511
0.6691667573342752
0.671194992060246
0.6729267968736228
0.6743981740545009
0.6756595009857838
0.6767572964983553
0.6777294681113888
0.6786095456431853
0.6794360550709861
0.6802300808141266
0.680993801247731
0.6817296446400116
0.6824353087234012
0.6831112108149029
0.6837539896366407
0.68435710754852
0.6849218433035567
0.6854545362425097
0.685958011852309
0.6864376389967626
0.6869027927370659
0.687357883821426
0.6877973240048492
0.6882113654049491
0.6885962838910669
0.6889527086673339
0.6892833470039272
0.6895971106014678
0.6899051596377788
0.6902421681924082
0.6906276122923407
0.6909855188570873
0.6913461528869622
0.6917181221425095
0.6920786551958324
0.6924920450890324
0.6929274664521101
0.6933507644234573
0.6937497490379456
0.6941102060947417
0.694430421963623
0.6947207107490845
0.6949937299201034
0.6952637905245107
0.695544138698968
0.6958464564817219
0.6961815325001648
0.6965465081637017
0.6969170163596183
0.6972625927415337
0.6975668302325031
0.6978252829885243
0.6980432893813766
0.6982440088149799
0.6984650131917165
0.698731346453122
0.6990393303716653
0.6993759469603147
0.6997351184852987
0.7001077166986989
0.7004772598429299
0.7008364201310624
0.7011883472383567
0.7015356864179012
0.701878989054322
0.7022183207768571
0.7025537458605167
0.7028853274166595
0.703213127317077
0.7035372061466234
0.7038576232361236
0.7041744366942793
0.7044877034386074
0.7047974792254517
0.705103818679093
0.7054067753199915
0.7057064015921946
0.7060027488899616
0.7062958675871853
0.7065858075391758
0.706872621098227
0.7071563655635986
0.7074370950220514
0.7077148499383654
0.707989664538631
0.7082615772549581
0.7085306240110543
0.708796837908608
0.7090602678945583
0.7093209816279533
0.7095790424256629
0.7098345051295845
0.7100874368539902
0.7103379044236491
0.7105859482906445
0.710831616263403
0.711074969996629
0.7113159932850117
0.711554278969045
0.7117890728698539
0.7120204220049262
0.7122478566270198
0.7124749042456051
0.7130401902655727
0.7134909406718147