0.7001341136308218
0.7001341136308218
0.7001341136308218
0.7001341136308218
0.7001341136308218
0.7001341136308218
0.7001341136308218
0.7001341136308218
0.7001341136308218
0.7001341136308218
0.7001341136308218
0.7001341136308218
0.7001341136308218
0.7001341136308218
0.7001341136308218
0.7001341136308218
0.7001341136308218
0.7001341136308218
0.7001341136308218
0.7001341136308218
0.7001341136308218
0.7001341136308218
0.7001341136308218
0.7001341136308218
0.7001341136308218
0.7001341136308218
0.7001341136308218
0.7001341136308218
0.7001341136308218
0.7001341136308218
0.7001341136308218
0.7001341136308218
0.7001341136308218
0.7001341136308218
0.7001341136308218
0.7001341136308218
0.7001341136308218
0.7001341136308218
0.7001341136308218
0.7001341136308218
0.7001341136308218
0.7001341136308218
0.7001341136308218
0.7001341136308218
0.7001341136308218
0.7001341136308218
0.7001341136308218
0.7001341136308218
0.7001341136308218
0.7001341136308218
0.7001341136308218
0.7001341136308218
0.7001341136308218
0.7001341136308218
0.7001341136308218
0.7001341136308218
0.7001341136308218
0.7001341136308218
0.7001341136308218
0.7001341136308218
0.7001341136308218
0.7001341136308218
0.7001341136308218
0.7001341136308218
0.7001341136308218
0.7001341136308218
0.7001341136308218
0.7001341136308218
0.7001341136308218
0.7001341136308218
0.7001341136308218
0.7001341136308218
0.7001341136308218
0.7001341136308218
0.7001341136308218
0.7001341136308218
0.7001341136308218
0.7001341136308218
0.7001341136308218
0.7001341136308218
0.7001341136308218
0.7001341136308218
0.7001341136308218
0.7001341136308218
0.7001341136308218
0.7001341136308218
0.7001341136308218
0.7001341136308218
0.7001341136308218
0.7001341136308218
0.7001341136308218
1.0843517090702706
1.4647162569720018
1.4527124333153543
1.4408285773921743
1.4282462722215583
1.4082973052228143
1.3923083371488096
1.3825275716192924
1.376620597074951
1.368890376956562
1.361935355298702
1.357910124196183
1.34627690779128
1.3228215034467579
1.2781684845719752
1.2021867008054685
1.100715553374091
1.0021864691497118
0.9324426816925496
0.8960400818381689
0.8812231431975334
0.873058543466889
0.866016808612119
0.8581567704569969
0.8459507032796919
0.8302569121688411
0.8150075889232377
0.8007276243061997
0.7864380484473351
0.7724256549758833
0.758436261049552
0.7447907772426342
0.7315101769775739
0.7186042645224745
0.7061984009853889
0.6943896740192884
0.6832389369064892
0.6728162431064356
0.6632147999554979
0.6544616040900212
0.6465743491868113
0.6395586353705539
0.6333552119756881
0.6278938997631424
0.6231012702033553
0.6189243874159164
0.6153659251923623
0.612493872102552
0.6104426343263304
0.6093561394627905
0.6093065651171611
0.6102849225189931
0.6121446788743671
0.6146151990503038
0.6173980194055065
0.6202194316636985
0.6228723377073851
0.6252370558342214
0.6272796019851182
0.6290130975242721
0.6304745593629811
0.6317270326248535
0.6328227692258767
0.6337931684562984
0.6346712547719461
0.6354835972859404
0.6362503529711371
0.6369843010195296
0.6376884425034811
0.6383613698701697
0.6390040238656417
0.6396137437418473
0.6401849162825267
0.6407190581364389
0.6412222529061434
0.6416973089305683
0.6421493287595753
0.6425870288679921
0.6430145499895227
0.6434268814643332
0.6438152294027496
0.6441763201544569
0.6445108470615496
0.6448213841799125
0.6451161528951775
0.6454053676737738
0.6457207146003275
0.6460799478346017
0.646413602807938
0.6467510203881236
0.6471012971564426
0.647440317429146
0.6478235622474674
0.6482238387920355
0.6486115238289235
0.6489762029768319
0.649305806122625
0.6495991688296691
0.649865513761135
0.6501159900983579
0.6503630819487459
0.6506188182979032
0.6508943591820858
0.6511997513914588
0.6515324043472889
0.6518701110999435
0.6521850945896669
0.6524623951468026
0.6526979573149213
0.6528966352126487
0.6530795243329751
0.6532808727487919
0.6535235221408121
0.6538041244622835
0.6541108088041282
0.6544380367520318
0.6547774948042496
0.6551141591600519
0.655441346775491
0.6557619283589288
0.6560783158005158
0.6563910121686133
0.6567000776564503
0.6570055712123141
0.6573075507136291
0.6576060728980918
0.6579011933207782
0.6581929663844169
0.6584814453687459
0.6587666824589758
0.6590487287734014
0.6593276343901809
0.6596034483733207
0.6598762187978874
0.6601459927744967
0.6604128164760436
0.6606767355931517
0.660937798079502
0.66119605638776
0.6614515600438032
0.6617043461630624
0.6619544461705041
0.6622018953168526
0.6624467265641426
0.6626889702899431
0.6629286712825729
0.6631658913614004
0.6634006883871807
0.6636331124890734
0.6638632249597304
0.6640910868325717
0.6643167351220137
0.664540213524606
0.6647615783736448
0.66498081533252
0.6651975544441603
0.6654111096024152
0.6656215241155689
0.6658283679495701
0.6660346328622205
0.666538386139889
0.6669381966835713