0.6499939039258718
0.6499939039258718
0.6499939039258718
0.6499939039258718
0.6499939039258718
0.6499939039258718
0.6499939039258718
0.6499939039258718
0.6499939039258718
0.6499939039258718
0.6499939039258718
0.6499939039258718
0.6499939039258718
0.6499939039258718
0.6499939039258718
0.6499939039258718
0.6499939039258718
0.6499939039258718
0.6499939039258718
0.6499939039258718
0.6499939039258718
0.6499939039258718
0.6499939039258718
0.6499939039258718
0.6499939039258718
0.6499939039258718
0.6499939039258718
0.6499939039258718
0.6499939039258718
0.6499939039258718
0.6499939039258718
0.6499939039258718
0.6499939039258718
0.6499939039258718
0.6499939039258718
0.6499939039258718
0.6499939039258718
0.6499939039258718
0.6499939039258718
0.6499939039258718
0.6499939039258718
0.6499939039258718
0.6499939039258718
0.6499939039258718
0.6499939039258718
0.6499939039258718
0.6499939039258718
0.6499939039258718
0.6499939039258718
0.6499939039258718
0.6499939039258718
0.6499939039258718
0.6499939039258718
0.6499939039258718
0.6499939039258718
0.6499939039258718
0.6499939039258718
0.6499939039258718
0.6499939039258718
0.6499939039258718
0.6499939039258718
0.6499939039258718
0.6499939039258718
0.6499939039258718
0.6499939039258718
0.6499939039258718
0.6499939039258718
0.6499939039258718
0.6499939039258718
0.6499939039258718
0.6499939039258718
0.6499939039258718
0.6499939039258718
0.6499939039258718
0.6499939039258718
0.6499939039258718
0.6499939039258718
0.6499939039258718
0.6499939039258718
0.6499939039258718
0.6499939039258718
0.6499939039258718
0.6499939039258718
0.6499939039258718
0.6499939039258718
0.6499939039258718
0.6499939039258718
0.6499939039258718
0.6499939039258718
0.6499939039258718
0.6499939039258718
1.0587929666395532
1.4639105151820773
1.4526601754616886
1.4421207059966397
1.4325876537186653
1.4176622558206637
1.403981918673634
1.3904197610781412
1.3812327018796964
1.3748322395355472
1.3685965646762621
1.3638652816888541
1.3521683969535072
1.3288778674467996
1.2845081859152954
1.2098077934718492
1.111453335368941
1.017022588798881
0.9504440880811876
0.9153825144982728
0.9006883248059083
0.892446693755439
0.8852625046461855
0.8772452995639384
0.8651317227231725
0.8494367125565403
0.8336742940978965
0.8185900526687879
0.8033879050334858
0.7882057164751157
0.7728130797326702
0.7575011707800043
0.7422843759708702
0.727167485606917
0.712276591186809
0.6977086026952186
0.6835038275015866
0.6697603539661492
0.6565878528718907
0.644043797684545
0.6322026775919876
0.6211253914991528
0.6107888596500881
0.6011212462778033
0.5920757478906822
0.5836225948061804
0.5757818929699736
0.5686911893403717
0.5625767347279407
0.5576872837958029
0.5542322980245871
0.5523055065165883
0.5518442735033386
0.5525908383019846
0.5541777064567999
0.556234790033094
0.5584206596697423
0.5605115736660822
0.5623936743912141
0.5640211145486531
0.565407884906874
0.5665963607131999
0.5676297279909157
0.5685474895082323
0.5693835320593643
0.5701668854703952
0.5709198563929538
0.5716550546522261
0.5723753416203095
0.5730769080100178
0.573755809545506
0.574404758825271
0.5750148046996282
0.5755861982151744
0.5761255461703181
0.57664659499692
0.577155327854431
0.5776515896493706
0.5781402225615846
0.5786143507768724
0.5790621137003362
0.5794786624110375
0.5798643046885892
0.5802218467020972
0.580561465791475
0.58089619472271
0.5812667498230226
0.5816962789477556
0.5820958322134464
0.582490972016513
0.5828914911297542
0.58328002906224
0.5837324961637491
0.5842132781109872
0.5846820752870765
0.5851242428038481
0.5855226136039784
0.5858746189952142
0.5861918949820417
0.5864889704218865
0.5867824403412705
0.587088592601142
0.5874227744699576
0.5877990167567826
0.588214325401903
0.5886389714603268
0.5890352661628091
0.5893824768850999
0.58967450118084
0.5899172968405684
0.5901389384157518
0.5903856016364601
0.5906884799850709
0.591043590078415
0.5914353426891705
0.5918561015930419
0.5922936347799479
0.5927274777205871
0.5931490515147542
0.593562058274236
0.5939696026072174
0.5943723335333089
0.5947703307238092
0.595163672172283
0.5955524344207759
0.5959366924738583
0.596316519746217
0.5966919881041508
0.5970631679057763
0.5974301280399881
0.5977929359642231
0.5981516577410679
0.5985063580737529
0.5988571003405707
0.5992039466283008
0.5995469577695558
0.5998861939355904
0.6002217181640472
0.6005535992076596
0.6008819019872136
0.6012066754505603
0.6015279612201794
0.601845805783745
0.6021602526539325
0.6024713420297583
0.602779132586241
0.6030837047770556
0.6033851339193457
0.6036834854032471
0.6039788388816265
0.6042712735807689
0.6045608379294394
0.6048475889102014
0.6051315995084461
0.6054128514383925
0.605690870384
0.6059647788115767
0.6062346325842758
0.6064998934276242
0.6067651530288853
0.6074388401247787
0.6079784879860928